index,final_status,partners,partner_types,ended_at,requested_at,mechanism_type,running,waiting,started,step,time,relative_time,broken,timedout,agreement,results,n_negotiators,has_error,error_details,current_offer,current_proposer,n_acceptances,new_offers
0,failed,"['04Ran@2', '02Dec@1']","['RandomAgent', 'DecentralizingAgent']",1,0,AgentMechanismInterface,False,False,True,2,0.26983332820236683,0.15,True,False,,,2,False,,,7dca8881-19ea-47b3-817a-ff475eb15b54,0,[]
1,failed,"['05Dec@2', '02Dec@1']","['DecentralizingAgent', 'DecentralizingAgent']",1,0,AgentMechanismInterface,False,False,True,2,2.4855654016137123,0.15,True,False,,,2,False,,"(9, 1, 1)",1946b3d6-12bc-48b2-9bd3-c1194f0873ec,0,[]
2,failed,"['00Ind@0', '03MyA@1']","['IndDecentralizingAgent', 'MyAgent']",1,0,AgentMechanismInterface,False,False,True,2,0.021510799415409565,0.15,True,False,,,2,False,,,ef89ce52-92bd-44bf-a33d-6995e1cc5e77,0,[]
3,failed,"['04Ran@2', '02Dec@1']","['RandomAgent', 'DecentralizingAgent']",1,0,AgentMechanismInterface,False,False,True,2,0.4035423034802079,0.15,True,False,,,2,False,,"(3, 1, 2)",21cb1a42-59af-4107-9139-356d7bf6c245,0,[]
4,failed,"['04Ran@2', '02Dec@1']","['RandomAgent', 'DecentralizingAgent']",1,0,AgentMechanismInterface,False,False,True,2,2.133037991821766,0.15,True,False,,,2,False,,"(2, 26, 15)",bd418f99-320b-41b3-af03-cc027b2342fe,0,[]
5,failed,"['04Ran@2', '02Dec@1']","['RandomAgent', 'DecentralizingAgent']",1,0,AgentMechanismInterface,False,False,True,2,3.2005893420428038,0.15,True,False,,,2,False,,,7e851cba-f4d3-4cc9-83ce-0b7e81805115,0,[]
6,failed,"['04Ran@2', '02Dec@1']","['RandomAgent', 'DecentralizingAgent']",1,0,AgentMechanismInterface,False,False,True,2,0.2161352438852191,0.15,True,False,,,2,False,,,9656e2ec-90e0-4b81-8d99-8ee469642210,0,[]
7,failed,"['04Ran@2', '02Dec@1']","['RandomAgent', 'DecentralizingAgent']",1,0,AgentMechanismInterface,False,False,True,2,1.1511451983824372,0.15,True,False,,,2,False,,,3b1f376f-cf7d-4cbd-ae67-ffa01ec8951c,0,[]
8,failed,"['04Ran@2', '02Dec@1']","['RandomAgent', 'DecentralizingAgent']",1,0,AgentMechanismInterface,False,False,True,2,2.041540597565472,0.15,True,False,,,2,False,,,5984fed1-d627-426a-afd7-7027cd1e453b,0,[]
9,failed,"['04Ran@2', '02Dec@1']","['RandomAgent', 'DecentralizingAgent']",1,0,AgentMechanismInterface,False,False,True,2,0.9836924877017736,0.15,True,False,,,2,False,,"(6, 12, 5)",43b81c03-c1df-4ff6-b9c2-f90a72298a22,0,[]
10,failed,"['00Ind@0', '03MyA@1']","['IndDecentralizingAgent', 'MyAgent']",1,0,AgentMechanismInterface,False,False,True,2,1.5555380005389452,0.15,True,False,,,2,False,,"(11, 7, 32)",df9f261c-0414-4c50-ba23-1c15bf7834b4,0,[]
11,failed,"['04Ran@2', '02Dec@1']","['RandomAgent', 'DecentralizingAgent']",1,0,AgentMechanismInterface,False,False,True,2,0.5058364709839225,0.15,True,False,,,2,False,,,deab657b-7624-4b57-b08d-4b968be4c623,0,[]
12,failed,"['00Ind@0', '03MyA@1']","['IndDecentralizingAgent', 'MyAgent']",1,0,AgentMechanismInterface,False,False,True,2,1.0354093089699745,0.15,True,False,,,2,False,,"(7, 11, 32)",22262aac-c9b8-408f-ac14-7fc36cc9f076,0,[]
13,failed,"['05Dec@2', '02Dec@1']","['DecentralizingAgent', 'DecentralizingAgent']",1,0,AgentMechanismInterface,False,False,True,2,3.0147192059084773,0.15,True,False,,,2,False,,"(7, 1, 1)",4239a2ea-d09c-4f48-8d66-f7442c413d39,0,[]
14,failed,"['04Ran@2', '02Dec@1']","['RandomAgent', 'DecentralizingAgent']",1,0,AgentMechanismInterface,False,False,True,2,1.511623864993453,0.15,True,False,,,2,False,,,5c61e144-7e6c-4a42-8ec4-277dfd7d3caa,0,[]
15,failed,"['00Ind@0', '02Dec@1']","['IndDecentralizingAgent', 'DecentralizingAgent']",1,0,AgentMechanismInterface,False,False,True,2,0.3125521373003721,0.15,True,False,,,2,False,,"(7, 8, 32)",9272af63-9893-4506-bf11-9519e36dc907,0,[]
16,failed,"['04Ran@2', '02Dec@1']","['RandomAgent', 'DecentralizingAgent']",1,0,AgentMechanismInterface,False,False,True,2,3.125732052139938,0.15,False,False,"(7, 13, 21)",,2,False,,"(7, 13, 21)",ed46aabb-f572-4766-a562-30df46fffe90,0,"[('ed46aabb-f572-4766-a562-30df46fffe90', (7, 13, 21))]"
17,failed,"['04Ran@2', '02Dec@1']","['RandomAgent', 'DecentralizingAgent']",1,0,AgentMechanismInterface,False,False,True,2,1.0396743472665548,0.15,True,False,,,2,False,,"(6, 2, 8)",4120a903-a94a-4a1f-8e67-b89559f70431,0,[]
18,failed,"['04Ran@2', '02Dec@1']","['RandomAgent', 'DecentralizingAgent']",1,0,AgentMechanismInterface,False,False,True,4,2.0796125503256917,0.25,False,False,"(1, 24, 21)",,2,False,,"(1, 24, 21)",2ecadc11-6415-47ea-9c7c-5a6f367fe7cc,0,"[('2ecadc11-6415-47ea-9c7c-5a6f367fe7cc', (1, 24, 21))]"
19,failed,"['04Ran@2', '02Dec@1']","['RandomAgent', 'DecentralizingAgent']",1,0,AgentMechanismInterface,False,False,True,4,1.522091289050877,0.25,False,False,"(8, 19, 20)",,2,False,,"(8, 19, 20)",487c9bcb-e4f5-4a9d-82d3-60268d34c7e5,0,[]
20,failed,"['04Ran@2', '02Dec@1']","['RandomAgent', 'DecentralizingAgent']",1,0,AgentMechanismInterface,False,False,True,4,1.7817908506840467,0.25,True,False,,,2,False,,"(2, 25, 19)",aec5ffba-fd9c-4393-95f8-e631f4ba1eb5,0,[]
21,failed,"['05Dec@2', '02Dec@1']","['DecentralizingAgent', 'DecentralizingAgent']",1,0,AgentMechanismInterface,False,False,True,4,3.577064343728125,0.25,True,False,,,2,False,,"(8, 1, 1)",1ce18786-d6c3-4ea7-bf08-70a7d4c9e0ae,0,[]
22,failed,"['04Ran@2', '02Dec@1']","['RandomAgent', 'DecentralizingAgent']",1,0,AgentMechanismInterface,False,False,True,4,1.6815114738419652,0.25,True,False,,,2,False,,"(2, 1, 18)",33e2d924-ccf1-418a-9022-70347d414d2e,0,[]
23,failed,"['04Ran@2', '02Dec@1']","['RandomAgent', 'DecentralizingAgent']",1,0,AgentMechanismInterface,False,False,True,4,2.8803803818300366,0.25,True,False,,,2,False,,"(7, 5, 10)",a2413bd1-8c14-495d-9aba-31511154e0a4,0,[]
24,failed,"['04Ran@2', '02Dec@1']","['RandomAgent', 'DecentralizingAgent']",1,0,AgentMechanismInterface,False,False,True,4,0.8999702529981732,0.25,True,False,,,2,False,,"(5, 2, 1)",70409179-f828-4cd2-b5c9-dbdde3543c53,0,"[('70409179-f828-4cd2-b5c9-dbdde3543c53', (5, 2, 1))]"
25,failed,"['04Ran@2', '02Dec@1']","['RandomAgent', 'DecentralizingAgent']",1,0,AgentMechanismInterface,False,False,True,4,0.9454342629760504,0.25,True,False,,,2,False,,"(4, 29, 5)",8bbeb6a5-740c-400c-8f98-ab157e791e59,0,[]
26,failed,"['04Ran@2', '02Dec@1']","['RandomAgent', 'DecentralizingAgent']",1,0,AgentMechanismInterface,False,False,True,5,0.9891081498935819,0.3,True,False,,,2,False,,"(2, 25, 21)",ea08538e-5cee-4449-960b-23cd06008a6c,0,[]
27,failed,"['04Ran@2', '02Dec@1']","['RandomAgent', 'DecentralizingAgent']",1,0,AgentMechanismInterface,False,False,True,5,3.0134081272408366,0.3,True,False,,,2,False,,"(5, 9, 8)",7226ef36-2b1d-49c2-a857-52280a0c2311,0,[]
28,failed,"['04Ran@2', '02Dec@1']","['RandomAgent', 'DecentralizingAgent']",1,0,AgentMechanismInterface,False,False,True,5,3.5385604444891214,0.3,True,False,,,2,False,,"(8, 13, 2)",ed36ed6c-897b-40f9-b9ad-e19f16b53a12,0,"[('ed36ed6c-897b-40f9-b9ad-e19f16b53a12', (8, 13, 2))]"
29,failed,"['04Ran@2', '02Dec@1']","['RandomAgent', 'DecentralizingAgent']",1,0,AgentMechanismInterface,False,False,True,5,1.0440038545057178,0.3,True,False,,,2,False,,"(1, 28, 18)",d8178413-f30a-4ab3-88e3-4dcc6655759f,0,"[('d8178413-f30a-4ab3-88e3-4dcc6655759f', (1, 28, 18))]"
30,failed,"['04Ran@2', '02Dec@1']","['RandomAgent', 'DecentralizingAgent']",1,0,AgentMechanismInterface,False,False,True,5,0.5078888712450862,0.3,True,False,,,2,False,,"(2, 30, 16)",4f62b415-91ac-4ceb-9882-0c5917612f73,0,"[('4f62b415-91ac-4ceb-9882-0c5917612f73', (2, 30, 16))]"
31,failed,"['05Dec@2', '02Dec@1']","['DecentralizingAgent', 'DecentralizingAgent']",1,0,AgentMechanismInterface,False,False,True,5,1.7674820059910417,0.3,True,False,,,2,False,,"(8, 1, 1)",fdf393fc-8ce9-486c-99f3-92207b64cdfa,0,"[('fdf393fc-8ce9-486c-99f3-92207b64cdfa', (8, 1, 1))]"
32,failed,"['04Ran@2', '02Dec@1']","['RandomAgent', 'DecentralizingAgent']",1,0,AgentMechanismInterface,False,False,True,5,3.608543480746448,0.3,True,False,,,2,False,,"(7, 17, 10)",bf25e76a-9086-4c6b-a2eb-184b30679e9b,0,"[('bf25e76a-9086-4c6b-a2eb-184b30679e9b', (7, 17, 10))]"
33,failed,"['04Ran@2', '02Dec@1']","['RandomAgent', 'DecentralizingAgent']",1,0,AgentMechanismInterface,False,False,True,5,1.4850020660087466,0.3,True,False,,,2,False,,"(6, 4, 5)",3b1f346f-98e6-41dd-8faf-9143468870d7,0,[]
34,failed,"['04Ran@2', '02Dec@1']","['RandomAgent', 'DecentralizingAgent']",1,0,AgentMechanismInterface,False,False,True,5,1.6901335837319493,0.3,True,False,,,2,False,,"(8, 1, 12)",558645c4-3094-4c3f-937e-3847a8bed49f,0,"[('558645c4-3094-4c3f-937e-3847a8bed49f', (8, 1, 12))]"
35,failed,"['04Ran@2', '02Dec@1']","['RandomAgent', 'DecentralizingAgent']",1,0,AgentMechanismInterface,False,False,True,5,0.8005843618884683,0.3,True,False,,,2,False,,"(12, 6, 19)",227f7bff-9a0f-476a-b23d-7d76a47d1058,0,"[('227f7bff-9a0f-476a-b23d-7d76a47d1058', (12, 6, 19))]"
36,failed,"['04Ran@2', '02Dec@1']","['RandomAgent', 'DecentralizingAgent']",1,0,AgentMechanismInterface,False,False,True,5,2.4508512569591403,0.3,True,False,,,2,False,,"(9, 21, 15)",0f136a12-d6f0-4ddc-9098-14b7fd6c24e9,0,"[('0f136a12-d6f0-4ddc-9098-14b7fd6c24e9', (9, 21, 15))]"
37,failed,"['04Ran@2', '02Dec@1']","['RandomAgent', 'DecentralizingAgent']",1,0,AgentMechanismInterface,False,False,True,5,0.9311656523495913,0.3,True,False,,,2,False,,"(7, 1, 18)",0249512d-c991-4cfc-9636-c38938f038e6,0,"[('0249512d-c991-4cfc-9636-c38938f038e6', (7, 1, 18))]"
38,failed,"['04Ran@2', '02Dec@1']","['RandomAgent', 'DecentralizingAgent']",1,0,AgentMechanismInterface,False,False,True,5,2.6728372974321246,0.3,True,False,,,2,False,,"(4, 13, 15)",5958de72-1259-4ec5-9630-1832d2363ca9,0,[]
39,failed,"['04Ran@2', '02Dec@1']","['RandomAgent', 'DecentralizingAgent']",1,0,AgentMechanismInterface,False,False,True,5,2.5520797464996576,0.3,True,False,,,2,False,,"(12, 13, 2)",057a54e3-f071-463d-89ff-bf491567dc22,0,"[('057a54e3-f071-463d-89ff-bf491567dc22', (12, 13, 2))]"
40,failed,"['04Ran@2', '02Dec@1']","['RandomAgent', 'DecentralizingAgent']",1,0,AgentMechanismInterface,False,False,True,5,2.8463197015225887,0.3,True,False,,,2,False,,"(1, 3, 9)",a2d74b73-473b-407a-b546-e9c603210f74,0,"[('a2d74b73-473b-407a-b546-e9c603210f74', (1, 3, 9))]"
41,failed,"['04Ran@2', '02Dec@1']","['RandomAgent', 'DecentralizingAgent']",1,0,AgentMechanismInterface,False,False,True,5,3.1423185979947448,0.3,True,False,,,2,False,,"(1, 10, 4)",3b715dc0-8fca-4a6d-a8c6-504e9e5749b7,0,"[('3b715dc0-8fca-4a6d-a8c6-504e9e5749b7', (1, 10, 4))]"
42,failed,"['04Ran@2', '02Dec@1']","['RandomAgent', 'DecentralizingAgent']",1,0,AgentMechanismInterface,False,False,True,5,0.8235786743462086,0.3,True,False,,,2,False,,"(7, 1, 17)",55b4c76f-f405-4a45-bb05-aa6693291098,0,[]
43,failed,"['04Ran@2', '02Dec@1']","['RandomAgent', 'DecentralizingAgent']",1,0,AgentMechanismInterface,False,False,True,5,0.8910853248089552,0.3,True,False,,,2,False,,"(6, 4, 3)",95b3e9d5-80a4-4721-a9d9-1f2de8cdbda9,0,"[('95b3e9d5-80a4-4721-a9d9-1f2de8cdbda9', (6, 4, 3))]"
44,failed,"['04Ran@2', '02Dec@1']","['RandomAgent', 'DecentralizingAgent']",1,0,AgentMechanismInterface,False,False,True,5,1.7641049744561315,0.3,True,False,,,2,False,,"(12, 9, 17)",16446116-6130-4a14-9e2f-72450ff4ef70,0,"[('16446116-6130-4a14-9e2f-72450ff4ef70', (12, 9, 17))]"
45,failed,"['04Ran@2', '02Dec@1']","['RandomAgent', 'DecentralizingAgent']",1,0,AgentMechanismInterface,False,False,True,5,2.7780782096087933,0.3,True,False,,,2,False,,"(5, 15, 18)",f4ead2c7-32f9-46e7-8607-e65a6d54e043,0,[]
46,failed,"['04Ran@2', '02Dec@1']","['RandomAgent', 'DecentralizingAgent']",1,0,AgentMechanismInterface,False,False,True,5,2.203253922984004,0.3,True,False,,,2,False,,"(8, 31, 6)",dda0d57b-8a38-466d-acd2-21d2c9e74c66,0,[]
47,failed,"['04Ran@2', '02Dec@1']","['RandomAgent', 'DecentralizingAgent']",1,0,AgentMechanismInterface,False,False,True,5,1.342572714202106,0.3,True,False,,,2,False,,"(6, 19, 11)",72e392e4-600d-47da-9900-ff85b91dacb7,0,[]
48,failed,"['05Dec@2', '02Dec@1']","['DecentralizingAgent', 'DecentralizingAgent']",1,0,AgentMechanismInterface,False,False,True,5,2.2471607960760593,0.3,True,False,,,2,False,,"(9, 1, 1)",fe1eee56-a95c-4e74-a82c-2f29ba1023f2,0,"[('fe1eee56-a95c-4e74-a82c-2f29ba1023f2', (9, 1, 1))]"
49,failed,"['04Ran@2', '02Dec@1']","['RandomAgent', 'DecentralizingAgent']",1,0,AgentMechanismInterface,False,False,True,5,1.8276466829702258,0.3,True,False,,,2,False,,"(3, 1, 15)",c0959c8a-7449-4ba6-99e2-8449352776ef,0,[]
50,failed,"['04Ran@2', '02Dec@1']","['RandomAgent', 'DecentralizingAgent']",1,0,AgentMechanismInterface,False,False,True,5,3.3474554400891066,0.3,True,False,,,2,False,,"(5, 16, 12)",c6c0486f-9cf9-46d3-8f56-e6a380ab7d8a,0,"[('c6c0486f-9cf9-46d3-8f56-e6a380ab7d8a', (5, 16, 12))]"
51,failed,"['04Ran@2', '02Dec@1']","['RandomAgent', 'DecentralizingAgent']",1,0,AgentMechanismInterface,False,False,True,5,1.562979887239635,0.3,True,False,,,2,False,,"(10, 5, 6)",f23c9879-0b23-4b9f-a30d-15729ca01346,0,"[('f23c9879-0b23-4b9f-a30d-15729ca01346', (10, 5, 6))]"
52,failed,"['04Ran@2', '02Dec@1']","['RandomAgent', 'DecentralizingAgent']",1,0,AgentMechanismInterface,False,False,True,5,1.245828663930297,0.3,True,False,,,2,False,,"(10, 26, 15)",78813f12-2e7b-4341-889e-37ef7d7bad08,0,[]
53,failed,"['02Dec@1', '04Ran@2']","['DecentralizingAgent', 'RandomAgent']",1,0,AgentMechanismInterface,False,False,True,8,3.209156480617821,0.45,False,False,"(5, 8, 42)",,2,False,,"(5, 8, 42)",cded21ef-74bc-44d1-956a-760daede417d,0,[]
54,failed,"['02Dec@1', '05Dec@2']","['DecentralizingAgent', 'DecentralizingAgent']",1,0,AgentMechanismInterface,False,False,True,8,3.7267812117934227,0.45,True,False,,,2,False,,"(5, 11, 21)",a921fbfb-67ae-40ab-a858-6521ab49c476,0,"[('a921fbfb-67ae-40ab-a858-6521ab49c476', (5, 11, 21))]"
55,failed,"['02Dec@1', '04Ran@2']","['DecentralizingAgent', 'RandomAgent']",1,0,AgentMechanismInterface,False,False,True,9,2.17146856803447,0.5,False,False,"(5, 5, 42)",,2,False,,"(5, 5, 42)",73da5c0c-dfd3-42f8-8c8a-3224b3f1524d,0,[]
56,failed,"['02Dec@1', '04Ran@2']","['DecentralizingAgent', 'RandomAgent']",1,0,AgentMechanismInterface,False,False,True,10,1.9789231047034264,0.55,False,False,"(2, 6, 42)",,2,False,,"(2, 6, 42)",9b83c771-5adb-4d00-b7d7-9b460c2a44f9,0,"[('9b83c771-5adb-4d00-b7d7-9b460c2a44f9', (2, 6, 42))]"
57,failed,"['02Dec@1', '04Ran@2']","['DecentralizingAgent', 'RandomAgent']",1,0,AgentMechanismInterface,False,False,True,10,2.8191780727356672,0.55,False,False,"(1, 5, 42)",,2,False,,"(1, 5, 42)",25b59d95-c1c9-41b7-a7a3-7eef5ef02bc9,0,[]
58,failed,"['02Dec@1', '05Dec@2']","['DecentralizingAgent', 'DecentralizingAgent']",1,0,AgentMechanismInterface,False,False,True,10,2.4718853160738945,0.55,True,False,,,2,False,,"(2, 10, 21)",aa2ae3b3-a286-4c83-9793-380fb6cbb5b0,0,[]
59,failed,"['02Dec@1', '01Ran@0']","['DecentralizingAgent', 'RandomAgent']",1,0,AgentMechanismInterface,False,False,True,11,3.0199883757159114,0.6,False,False,"(1, 2, 1)",,2,False,,"(1, 2, 1)",aeeeac24-925c-4079-b90a-65e4aa55ddd8,0,"[('aeeeac24-925c-4079-b90a-65e4aa55ddd8', (1, 2, 1))]"
60,failed,"['02Dec@1', '04Ran@2']","['DecentralizingAgent', 'RandomAgent']",1,0,AgentMechanismInterface,False,False,True,11,3.6184216113761067,0.6,False,False,"(4, 8, 41)",,2,False,,"(4, 8, 41)",8fabdbc0-156a-471a-9848-8af7a92adafc,0,"[('8fabdbc0-156a-471a-9848-8af7a92adafc', (4, 8, 41))]"
61,failed,"['02Dec@1', '01Ran@0']","['DecentralizingAgent', 'RandomAgent']",1,0,AgentMechanismInterface,False,False,True,11,1.6189026962965727,0.6,False,False,"(1, 1, 2)",,2,False,,"(1, 1, 2)",b44d723e-0a20-41eb-8a6a-dc095cd67ea5,0,"[('b44d723e-0a20-41eb-8a6a-dc095cd67ea5', (1, 1, 2))]"
62,failed,"['02Dec@1', '01Ran@0']","['DecentralizingAgent', 'RandomAgent']",1,0,AgentMechanismInterface,False,False,True,12,2.346181308850646,0.65,False,False,"(5, 1, 3)",,2,False,,"(5, 1, 3)",6d17c3c8-3885-4269-b707-c96467ba28db,0,"[('6d17c3c8-3885-4269-b707-c96467ba28db', (5, 1, 3))]"
63,failed,"['02Dec@1', '01Ran@0']","['DecentralizingAgent', 'RandomAgent']",1,0,AgentMechanismInterface,False,False,True,12,3.6120268059894443,0.65,False,False,"(4, 4, 2)",,2,False,,"(4, 4, 2)",7f18fc0d-361b-41a5-80f8-e44dc20fa4b3,0,"[('7f18fc0d-361b-41a5-80f8-e44dc20fa4b3', (4, 4, 2))]"
64,failed,"['02Dec@1', '00Ind@0']","['DecentralizingAgent', 'IndDecentralizingAgent']",1,0,AgentMechanismInterface,False,False,True,12,4.209096305072308,0.65,True,False,,,2,False,,"(2, 1, 15)",308c3a17-b75e-49f9-a10f-5e075843b92f,0,[]
65,failed,"['02Dec@1', '01Ran@0']","['DecentralizingAgent', 'RandomAgent']",1,0,AgentMechanismInterface,False,False,True,14,2.3589505730196834,0.75,False,False,"(1, 3, 4)",,2,False,,"(1, 3, 4)",31f0fd9a-e0d5-4b1e-8e74-8e8fc9e8c453,0,"[('31f0fd9a-e0d5-4b1e-8e74-8e8fc9e8c453', (1, 3, 4))]"
66,failed,"['00Ind@0', '03MyA@1']","['IndDecentralizingAgent', 'MyAgent']",1,0,AgentMechanismInterface,False,False,True,17,1.969857083633542,0.9,False,False,"(9, 32, 23)",,2,False,,"(9, 32, 23)",5bdb1e1c-6189-4874-915d-934d58ea711f,0,"[('5bdb1e1c-6189-4874-915d-934d58ea711f', (9, 32, 23))]"
67,failed,"['03MyA@1', '01Ran@0']","['MyAgent', 'RandomAgent']",1,0,AgentMechanismInterface,False,False,True,17,4.763324620202184,0.9,False,False,"(2, 2, 7)",,2,False,,"(2, 2, 7)",182e42ca-d4e5-44b0-92b5-bf241d8e9393,0,[]
68,failed,"['02Dec@1', '05Dec@2']","['DecentralizingAgent', 'DecentralizingAgent']",1,0,AgentMechanismInterface,False,False,True,17,4.536099997349083,0.9,False,False,"(5, 8, 32)",,2,False,,"(5, 8, 32)",9dd5c9eb-00e3-4e6a-b195-23b4b63a249a,0,"[('9dd5c9eb-00e3-4e6a-b195-23b4b63a249a', (5, 8, 32))]"
69,failed,"['00Ind@0', '03MyA@1']","['IndDecentralizingAgent', 'MyAgent']",1,0,AgentMechanismInterface,False,False,True,17,3.352369861677289,0.9,False,False,"(11, 40, 23)",,2,False,,"(11, 40, 23)",8dc5977e-399f-40ed-ac7a-64d08e9ef51c,0,"[('8dc5977e-399f-40ed-ac7a-64d08e9ef51c', (11, 40, 23))]"
70,failed,"['02Dec@1', '05Dec@2']","['DecentralizingAgent', 'DecentralizingAgent']",1,0,AgentMechanismInterface,False,False,True,17,4.563257140107453,0.9,False,False,"(5, 6, 32)",,2,False,,"(5, 6, 32)",69c8d92e-64c9-4edf-a903-7e4de9431e20,0,"[('69c8d92e-64c9-4edf-a903-7e4de9431e20', (5, 6, 32))]"
71,failed,"['00Ind@0', '03MyA@1']","['IndDecentralizingAgent', 'MyAgent']",1,0,AgentMechanismInterface,False,False,True,17,5.086784079670906,0.9,False,False,"(4, 14, 24)",,2,False,,"(4, 14, 24)",b202dbce-72d0-444b-b23f-9b6b82b20b37,0,"[('b202dbce-72d0-444b-b23f-9b6b82b20b37', (4, 14, 24))]"
72,failed,"['02Dec@1', '05Dec@2']","['DecentralizingAgent', 'DecentralizingAgent']",1,0,AgentMechanismInterface,False,False,True,17,5.198582137934864,0.9,False,False,"(5, 7, 32)",,2,False,,"(5, 7, 32)",912544ba-2605-4932-b042-c76492805f27,0,"[('912544ba-2605-4932-b042-c76492805f27', (5, 7, 32))]"
73,failed,"['00Ind@0', '03MyA@1']","['IndDecentralizingAgent', 'MyAgent']",1,0,AgentMechanismInterface,False,False,True,17,3.167551578953862,0.9,False,False,"(9, 33, 25)",,2,False,,"(9, 33, 25)",8ec62a0c-75f5-4dfd-9903-e2526000318b,0,"[('8ec62a0c-75f5-4dfd-9903-e2526000318b', (9, 33, 25))]"
74,failed,"['00Ind@0', '03MyA@1']","['IndDecentralizingAgent', 'MyAgent']",1,0,AgentMechanismInterface,False,False,True,17,3.3351828046143055,0.9,False,False,"(16, 35, 23)",,2,False,,"(16, 35, 23)",ab996ba2-d79a-4420-9d52-0f4df1df7e0a,0,[]
75,failed,"['00Ind@0', '03MyA@1']","['IndDecentralizingAgent', 'MyAgent']",1,0,AgentMechanismInterface,False,False,True,17,4.29729060549289,0.9,False,False,"(13, 25, 25)",,2,False,,"(13, 25, 25)",af128119-d1d6-41b9-87d3-77c407e9c3ff,0,"[('af128119-d1d6-41b9-87d3-77c407e9c3ff', (13, 25, 25))]"
76,failed,"['00Ind@0', '03MyA@1']","['IndDecentralizingAgent', 'MyAgent']",1,0,AgentMechanismInterface,False,False,True,17,5.288308231160045,0.9,False,False,"(12, 11, 25)",,2,False,,"(12, 11, 25)",86595bb1-4279-452b-9336-7af3c8177bfa,0,"[('86595bb1-4279-452b-9336-7af3c8177bfa', (12, 11, 25))]"
77,failed,"['00Ind@0', '03MyA@1']","['IndDecentralizingAgent', 'MyAgent']",1,0,AgentMechanismInterface,False,False,True,17,4.534430461004376,0.9,False,False,"(11, 8, 25)",,2,False,,"(11, 8, 25)",121c6366-ef15-4a51-be0c-e952e98c58e5,0,"[('121c6366-ef15-4a51-be0c-e952e98c58e5', (11, 8, 25))]"
78,failed,"['00Ind@0', '02Dec@1']","['IndDecentralizingAgent', 'DecentralizingAgent']",1,0,AgentMechanismInterface,False,False,True,17,3.8919969759881496,0.9,False,False,"(9, 44, 23)",,2,False,,"(9, 44, 23)",e8f2064a-6d29-4c54-98a1-397b924fabc7,0,"[('e8f2064a-6d29-4c54-98a1-397b924fabc7', (9, 44, 23))]"
79,failed,"['00Ind@0', '03MyA@1']","['IndDecentralizingAgent', 'MyAgent']",1,0,AgentMechanismInterface,False,False,True,17,5.48910206835717,0.9,False,False,"(3, 18, 24)",,2,False,,"(3, 18, 24)",63e7c9c6-2a1c-46db-81ca-728bec3461ff,0,"[('63e7c9c6-2a1c-46db-81ca-728bec3461ff', (3, 18, 24))]"
80,failed,"['00Ind@0', '03MyA@1']","['IndDecentralizingAgent', 'MyAgent']",1,0,AgentMechanismInterface,False,False,True,17,4.189905331470072,0.9,False,False,"(12, 25, 25)",,2,False,,"(12, 25, 25)",e616e4ca-9497-4385-8d63-54c4bd8790e9,0,"[('e616e4ca-9497-4385-8d63-54c4bd8790e9', (12, 25, 25))]"
81,failed,"['02Dec@1', '00Ind@0']","['DecentralizingAgent', 'IndDecentralizingAgent']",1,0,AgentMechanismInterface,False,False,True,17,5.751750344410539,0.9,False,False,"(5, 2, 8)",,2,False,,"(5, 2, 8)",5c5887f2-9fd2-41cd-8ef7-388c61b9dbfd,0,"[('5c5887f2-9fd2-41cd-8ef7-388c61b9dbfd', (5, 2, 8))]"
82,failed,"['00Ind@0', '02Dec@1']","['IndDecentralizingAgent', 'DecentralizingAgent']",1,0,AgentMechanismInterface,False,False,True,17,3.1406257543712854,0.9,False,False,"(16, 34, 25)",,2,False,,"(16, 34, 25)",d0dc4408-4bd7-4cc3-8194-3f4936fbf007,0,[]
83,failed,"['00Ind@0', '02Dec@1']","['IndDecentralizingAgent', 'DecentralizingAgent']",1,0,AgentMechanismInterface,False,False,True,17,5.923167464323342,0.9,False,False,"(13, 11, 23)",,2,False,,"(13, 11, 23)",fafd1801-1164-4984-9acc-dc0c51fe7faf,0,"[('fafd1801-1164-4984-9acc-dc0c51fe7faf', (13, 11, 23))]"
84,failed,"['00Ind@0', '03MyA@1']","['IndDecentralizingAgent', 'MyAgent']",1,0,AgentMechanismInterface,False,False,True,17,5.355571813881397,0.9,False,False,"(3, 9, 24)",,2,False,,"(3, 9, 24)",ebd2bd57-d7d8-4b17-b85b-5719f75bac02,0,"[('ebd2bd57-d7d8-4b17-b85b-5719f75bac02', (3, 9, 24))]"
85,failed,"['00Ind@0', '03MyA@1']","['IndDecentralizingAgent', 'MyAgent']",1,0,AgentMechanismInterface,False,False,True,17,3.093009315431118,0.9,False,False,"(10, 6, 23)",,2,False,,"(10, 6, 23)",9fa6bf60-5dae-45da-a093-11313067053a,0,"[('9fa6bf60-5dae-45da-a093-11313067053a', (10, 6, 23))]"
86,failed,"['00Ind@0', '02Dec@1']","['IndDecentralizingAgent', 'DecentralizingAgent']",1,0,AgentMechanismInterface,False,False,True,17,3.5345818754285574,0.9,False,False,"(4, 19, 24)",,2,False,,"(4, 19, 24)",b47d7ea1-f533-42df-8d45-d4c07df3c61c,0,"[('b47d7ea1-f533-42df-8d45-d4c07df3c61c', (4, 19, 24))]"
87,failed,"['00Ind@0', '03MyA@1']","['IndDecentralizingAgent', 'MyAgent']",1,0,AgentMechanismInterface,False,False,True,17,6.2556571662425995,0.9,False,False,"(4, 38, 24)",,2,False,,"(4, 38, 24)",7fdf43c8-ade6-45a7-9af0-cb0adae95ba8,0,"[('7fdf43c8-ade6-45a7-9af0-cb0adae95ba8', (4, 38, 24))]"
88,failed,"['00Ind@0', '02Dec@1']","['IndDecentralizingAgent', 'DecentralizingAgent']",1,0,AgentMechanismInterface,False,False,True,17,3.564724523574114,0.9,False,False,"(10, 24, 23)",,2,False,,"(10, 24, 23)",e1ae5ff4-69e2-4d71-87bc-65b0a632dc22,0,"[('e1ae5ff4-69e2-4d71-87bc-65b0a632dc22', (10, 24, 23))]"
89,failed,"['00Ind@0', '03MyA@1']","['IndDecentralizingAgent', 'MyAgent']",1,0,AgentMechanismInterface,False,False,True,17,3.784423479810357,0.9,False,False,"(11, 29, 23)",,2,False,,"(11, 29, 23)",283bed86-e2a2-4733-bc2f-7da3e1ce805d,0,"[('283bed86-e2a2-4733-bc2f-7da3e1ce805d', (11, 29, 23))]"
90,failed,"['00Ind@0', '02Dec@1']","['IndDecentralizingAgent', 'DecentralizingAgent']",1,0,AgentMechanismInterface,False,False,True,17,3.8940326515585184,0.9,False,False,"(13, 8, 23)",,2,False,,"(13, 8, 23)",899af2cc-f96e-48e3-849b-80a41b4e6a72,0,"[('899af2cc-f96e-48e3-849b-80a41b4e6a72', (13, 8, 23))]"
91,failed,"['00Ind@0', '03MyA@1']","['IndDecentralizingAgent', 'MyAgent']",1,0,AgentMechanismInterface,False,False,True,17,5.763024444691837,0.9,False,False,"(3, 36, 24)",,2,False,,"(3, 36, 24)",4ede0b31-884d-4402-9024-b87fa9f74c11,0,"[('4ede0b31-884d-4402-9024-b87fa9f74c11', (3, 36, 24))]"
92,failed,"['00Ind@0', '03MyA@1']","['IndDecentralizingAgent', 'MyAgent']",1,0,AgentMechanismInterface,False,False,True,17,6.402655267156661,0.9,False,False,"(10, 35, 25)",,2,False,,"(10, 35, 25)",7199af6f-699b-485d-a3bc-3744fe42d679,0,"[('7199af6f-699b-485d-a3bc-3744fe42d679', (10, 35, 25))]"
93,failed,"['00Ind@0', '02Dec@1']","['IndDecentralizingAgent', 'DecentralizingAgent']",1,0,AgentMechanismInterface,False,False,True,17,6.585185023024678,0.9,False,False,"(4, 34, 24)",,2,False,,"(4, 34, 24)",5faadd2a-ab70-41bf-8803-7b41238b5e5d,0,"[('5faadd2a-ab70-41bf-8803-7b41238b5e5d', (4, 34, 24))]"
94,failed,"['00Ind@0', '03MyA@1']","['IndDecentralizingAgent', 'MyAgent']",1,0,AgentMechanismInterface,False,False,True,17,6.714696845039725,0.9,False,False,"(11, 9, 23)",,2,False,,"(11, 9, 23)",b77272fe-60b1-4ece-90cd-13fabd82d92a,0,"[('b77272fe-60b1-4ece-90cd-13fabd82d92a', (11, 9, 23))]"
95,failed,"['00Ind@0', '03MyA@1']","['IndDecentralizingAgent', 'MyAgent']",1,0,AgentMechanismInterface,False,False,True,17,5.195098791271448,0.9,False,False,"(10, 41, 25)",,2,False,,"(10, 41, 25)",c9d2c81d-89a3-41c5-8467-f85cfbda401b,0,"[('c9d2c81d-89a3-41c5-8467-f85cfbda401b', (10, 41, 25))]"
96,failed,"['00Ind@0', '02Dec@1']","['IndDecentralizingAgent', 'DecentralizingAgent']",1,0,AgentMechanismInterface,False,False,True,17,4.187727391719818,0.9,False,False,"(12, 7, 25)",,2,False,,"(12, 7, 25)",4e5e3cce-41f5-4ea7-b090-c2a6caa2052f,0,[]
97,failed,"['00Ind@0', '03MyA@1']","['IndDecentralizingAgent', 'MyAgent']",1,0,AgentMechanismInterface,False,False,True,17,4.360778070986271,0.9,False,False,"(10, 1, 25)",,2,False,,"(10, 1, 25)",2109f2a4-a8e3-4c31-8dd9-3708c758a80a,0,"[('2109f2a4-a8e3-4c31-8dd9-3708c758a80a', (10, 1, 25))]"
98,failed,"['00Ind@0', '03MyA@1']","['IndDecentralizingAgent', 'MyAgent']",1,0,AgentMechanismInterface,False,False,True,17,5.783155764453113,0.9,False,False,"(16, 9, 23)",,2,False,,"(16, 9, 23)",594935b6-6067-461f-9e90-c3cd32a412c9,0,[]
99,failed,"['00Ind@0', '02Dec@1']","['IndDecentralizingAgent', 'DecentralizingAgent']",1,0,AgentMechanismInterface,False,False,True,17,5.832059434615076,0.9,False,False,"(11, 8, 25)",,2,False,,"(11, 8, 25)",d6f15354-368b-482b-a1c5-290e221d24f0,0,"[('d6f15354-368b-482b-a1c5-290e221d24f0', (11, 8, 25))]"
100,failed,"['00Ind@0', '02Dec@1']","['IndDecentralizingAgent', 'DecentralizingAgent']",1,0,AgentMechanismInterface,False,False,True,17,4.523504339158535,0.9,False,False,"(4, 17, 24)",,2,False,,"(4, 17, 24)",d7179a7a-a104-4d5f-8fea-9a8bec764946,0,"[('d7179a7a-a104-4d5f-8fea-9a8bec764946', (4, 17, 24))]"
101,failed,"['00Ind@0', '03MyA@1']","['IndDecentralizingAgent', 'MyAgent']",1,0,AgentMechanismInterface,False,False,True,17,4.713300053961575,0.9,False,False,"(10, 15, 25)",,2,False,,"(10, 15, 25)",62e650b8-799a-49e4-90e4-268dff1ce8d8,0,"[('62e650b8-799a-49e4-90e4-268dff1ce8d8', (10, 15, 25))]"
102,failed,"['00Ind@0', '03MyA@1']","['IndDecentralizingAgent', 'MyAgent']",1,0,AgentMechanismInterface,False,False,True,17,6.8741288566961884,0.9,False,False,"(10, 19, 25)",,2,False,,"(10, 19, 25)",826aaba2-856c-4d2f-8d86-eb6b27e44d4c,0,"[('826aaba2-856c-4d2f-8d86-eb6b27e44d4c', (10, 19, 25))]"
103,failed,"['00Ind@0', '03MyA@1']","['IndDecentralizingAgent', 'MyAgent']",1,0,AgentMechanismInterface,False,False,True,17,6.837617250159383,0.9,False,False,"(12, 44, 23)",,2,False,,"(12, 44, 23)",34bf844e-9d6b-4fd7-b888-f586123faa89,0,"[('34bf844e-9d6b-4fd7-b888-f586123faa89', (12, 44, 23))]"
104,failed,"['00Ind@0', '02Dec@1']","['IndDecentralizingAgent', 'DecentralizingAgent']",1,0,AgentMechanismInterface,False,False,True,17,5.651453205384314,0.9,False,False,"(15, 4, 25)",,2,False,,"(15, 4, 25)",e9041c28-2460-4feb-8f20-f6686df9ff1d,0,[]
105,failed,"['00Ind@0', '03MyA@1']","['IndDecentralizingAgent', 'MyAgent']",1,0,AgentMechanismInterface,False,False,True,17,5.575136482715607,0.9,False,False,"(14, 32, 25)",,2,False,,"(14, 32, 25)",e0207af1-a192-44cc-96fe-59806e1b8df0,0,"[('e0207af1-a192-44cc-96fe-59806e1b8df0', (14, 32, 25))]"
106,failed,"['00Ind@0', '02Dec@1']","['IndDecentralizingAgent', 'DecentralizingAgent']",1,0,AgentMechanismInterface,False,False,True,17,6.949764057993889,0.9,False,False,"(3, 36, 24)",,2,False,,"(3, 36, 24)",e6c4ed1e-fe86-43b8-b929-0dce4866090c,0,"[('e6c4ed1e-fe86-43b8-b929-0dce4866090c', (3, 36, 24))]"
107,failed,"['00Ind@0', '02Dec@1']","['IndDecentralizingAgent', 'DecentralizingAgent']",1,0,AgentMechanismInterface,False,False,True,17,5.460790001787245,0.9,False,False,"(3, 42, 24)",,2,False,,"(3, 42, 24)",9e10a2c6-817d-40d7-bab5-692b90ebcce4,0,"[('9e10a2c6-817d-40d7-bab5-692b90ebcce4', (3, 42, 24))]"
108,failed,"['00Ind@0', '03MyA@1']","['IndDecentralizingAgent', 'MyAgent']",1,0,AgentMechanismInterface,False,False,True,17,6.412739391438663,0.9,False,False,"(9, 44, 23)",,2,False,,"(9, 44, 23)",678cccc0-10d4-48bc-9bef-3118157b0500,0,"[('678cccc0-10d4-48bc-9bef-3118157b0500', (9, 44, 23))]"
109,failed,"['00Ind@0', '02Dec@1']","['IndDecentralizingAgent', 'DecentralizingAgent']",1,0,AgentMechanismInterface,False,False,True,17,8.354167773388326,0.9,False,False,"(9, 25, 23)",,2,False,,"(9, 25, 23)",d5f71d3c-b65e-484a-b516-8f0586eef8c2,0,"[('d5f71d3c-b65e-484a-b516-8f0586eef8c2', (9, 25, 23))]"
110,failed,"['02Dec@1', '04Ran@2']","['DecentralizingAgent', 'RandomAgent']",1,0,AgentMechanismInterface,False,False,True,17,7.842889801599085,0.9,True,False,,,2,False,,"(3, 3, 29)",c7180065-d389-4f7b-abf4-3747400525aa,0,"[('c7180065-d389-4f7b-abf4-3747400525aa', (3, 3, 29))]"
111,failed,"['00Ind@0', '02Dec@1']","['IndDecentralizingAgent', 'DecentralizingAgent']",1,0,AgentMechanismInterface,False,False,True,17,7.779141240753233,0.9,False,False,"(3, 6, 24)",,2,False,,"(3, 6, 24)",6af4c114-493d-4801-872b-a3c3b0a7f3a9,0,"[('6af4c114-493d-4801-872b-a3c3b0a7f3a9', (3, 6, 24))]"
112,failed,"['00Ind@0', '03MyA@1']","['IndDecentralizingAgent', 'MyAgent']",1,0,AgentMechanismInterface,False,False,True,17,7.457197089679539,0.9,False,False,"(10, 27, 23)",,2,False,,"(10, 27, 23)",aa8b39ea-3fce-45c0-b964-3034348b6065,0,"[('aa8b39ea-3fce-45c0-b964-3034348b6065', (10, 27, 23))]"
113,failed,"['00Ind@0', '02Dec@1']","['IndDecentralizingAgent', 'DecentralizingAgent']",1,0,AgentMechanismInterface,False,False,True,17,7.046520903706551,0.9,False,False,"(9, 22, 23)",,2,False,,"(9, 22, 23)",b2c86f52-f012-434d-bbd2-31d63a91bdb5,0,"[('b2c86f52-f012-434d-bbd2-31d63a91bdb5', (9, 22, 23))]"
114,failed,"['03MyA@1', '00Ind@0']","['MyAgent', 'IndDecentralizingAgent']",1,0,AgentMechanismInterface,False,False,True,17,6.15864822268486,0.9,False,False,"(8, 1, 8)",,2,False,,"(8, 1, 8)",b5fc2695-7328-45f5-baf1-92daf47fb0e2,0,"[('b5fc2695-7328-45f5-baf1-92daf47fb0e2', (8, 1, 8))]"
115,failed,"['02Dec@1', '00Ind@0']","['DecentralizingAgent', 'IndDecentralizingAgent']",1,0,AgentMechanismInterface,False,False,True,17,6.713854984380305,0.9,False,False,"(5, 1, 8)",,2,False,,"(5, 1, 8)",9dd67940-baf7-45e8-9bae-d73dd7100d84,0,"[('9dd67940-baf7-45e8-9bae-d73dd7100d84', (5, 1, 8))]"
116,failed,"['00Ind@0', '02Dec@1']","['IndDecentralizingAgent', 'DecentralizingAgent']",1,0,AgentMechanismInterface,False,False,True,17,7.053883529268205,0.9,False,False,"(12, 28, 23)",,2,False,,"(12, 28, 23)",2dfeab3d-6bb0-42d8-a53f-740eec807f46,0,"[('2dfeab3d-6bb0-42d8-a53f-740eec807f46', (12, 28, 23))]"
117,failed,"['00Ind@0', '02Dec@1']","['IndDecentralizingAgent', 'DecentralizingAgent']",1,0,AgentMechanismInterface,False,False,True,17,6.683181396685541,0.9,False,False,"(3, 18, 24)",,2,False,,"(3, 18, 24)",aeee0e9c-63a3-4d7b-96d2-bd24da813491,0,"[('aeee0e9c-63a3-4d7b-96d2-bd24da813491', (3, 18, 24))]"
118,failed,"['00Ind@0', '02Dec@1']","['IndDecentralizingAgent', 'DecentralizingAgent']",1,0,AgentMechanismInterface,False,False,True,17,5.816650521941483,0.9,False,False,"(12, 44, 23)",,2,False,,"(12, 44, 23)",0f7223fb-4948-41d0-8048-88b1dbba6e0b,0,"[('0f7223fb-4948-41d0-8048-88b1dbba6e0b', (12, 44, 23))]"
119,failed,"['00Ind@0', '02Dec@1']","['IndDecentralizingAgent', 'DecentralizingAgent']",1,0,AgentMechanismInterface,False,False,True,17,6.3809256022796035,0.9,False,False,"(16, 5, 25)",,2,False,,"(16, 5, 25)",47d4e73f-a48e-493e-b436-db0914563df3,0,[]
120,failed,"['00Ind@0', '02Dec@1']","['IndDecentralizingAgent', 'DecentralizingAgent']",1,0,AgentMechanismInterface,False,False,True,17,5.871691950596869,0.9,False,False,"(10, 1, 25)",,2,False,,"(10, 1, 25)",5c7b382d-99fe-4079-b75b-f94aba4696d4,0,"[('5c7b382d-99fe-4079-b75b-f94aba4696d4', (10, 1, 25))]"
121,failed,"['00Ind@0', '02Dec@1']","['IndDecentralizingAgent', 'DecentralizingAgent']",1,0,AgentMechanismInterface,False,False,True,17,6.6059047263115644,0.9,False,False,"(11, 14, 25)",,2,False,,"(11, 14, 25)",bff1f76c-a1b3-40e1-aae2-8d1d4164c4d7,0,"[('bff1f76c-a1b3-40e1-aae2-8d1d4164c4d7', (11, 14, 25))]"
122,failed,"['00Ind@0', '02Dec@1']","['IndDecentralizingAgent', 'DecentralizingAgent']",1,0,AgentMechanismInterface,False,False,True,17,8.766874271444976,0.9,False,False,"(10, 20, 23)",,2,False,,"(10, 20, 23)",66b2e78f-a240-42a7-a792-8225b106a813,0,"[('66b2e78f-a240-42a7-a792-8225b106a813', (10, 20, 23))]"
123,failed,"['02Dec@1', '05Dec@2']","['DecentralizingAgent', 'DecentralizingAgent']",1,0,AgentMechanismInterface,False,False,True,17,8.936483807861805,0.9,False,False,"(5, 2, 31)",,2,False,,"(5, 2, 31)",b02c9c16-92dc-4a8e-b04e-3ff337098f38,0,"[('b02c9c16-92dc-4a8e-b04e-3ff337098f38', (5, 2, 31))]"
124,failed,"['00Ind@0', '02Dec@1']","['IndDecentralizingAgent', 'DecentralizingAgent']",1,0,AgentMechanismInterface,False,False,True,17,8.48354438971728,0.9,False,False,"(11, 6, 23)",,2,False,,"(11, 6, 23)",49cd5e4d-29a0-4676-b2b9-e223530b5cf8,0,"[('49cd5e4d-29a0-4676-b2b9-e223530b5cf8', (11, 6, 23))]"
125,failed,"['00Ind@0', '02Dec@1']","['IndDecentralizingAgent', 'DecentralizingAgent']",1,0,AgentMechanismInterface,False,False,True,17,6.518849760293961,0.9,False,False,"(16, 8, 25)",,2,False,,"(16, 8, 25)",68bf82e9-ee15-4e6c-97ec-12ab83324977,0,[]
126,failed,"['00Ind@0', '02Dec@1']","['IndDecentralizingAgent', 'DecentralizingAgent']",1,0,AgentMechanismInterface,False,False,True,17,9.319842796772718,0.9,False,False,"(11, 37, 25)",,2,False,,"(11, 37, 25)",5115230a-2280-440c-99a1-81eedc6d1660,0,"[('5115230a-2280-440c-99a1-81eedc6d1660', (11, 37, 25))]"
127,failed,"['00Ind@0', '03MyA@1']","['IndDecentralizingAgent', 'MyAgent']",1,0,AgentMechanismInterface,False,False,True,17,8.692307846620679,0.9,False,False,"(13, 8, 25)",,2,False,,"(13, 8, 25)",8c024154-9480-47e1-ac25-5fc7124f999a,0,[]
128,failed,"['00Ind@0', '02Dec@1']","['IndDecentralizingAgent', 'DecentralizingAgent']",1,0,AgentMechanismInterface,False,False,True,17,7.964854170568287,0.9,False,False,"(14, 32, 25)",,2,False,,"(14, 32, 25)",5340f0e0-fa65-4131-8505-ed87abc44083,0,"[('5340f0e0-fa65-4131-8505-ed87abc44083', (14, 32, 25))]"
129,failed,"['00Ind@0', '02Dec@1']","['IndDecentralizingAgent', 'DecentralizingAgent']",1,0,AgentMechanismInterface,False,False,True,17,6.433572203852236,0.9,False,False,"(10, 35, 25)",,2,False,,"(10, 35, 25)",5d6a1a93-6d6f-4277-9a86-bae0f5a557e8,0,"[('5d6a1a93-6d6f-4277-9a86-bae0f5a557e8', (10, 35, 25))]"
130,failed,"['00Ind@0', '03MyA@1']","['IndDecentralizingAgent', 'MyAgent']",1,0,AgentMechanismInterface,False,False,True,17,9.184460940770805,0.9,False,False,"(4, 9, 24)",,2,False,,"(4, 9, 24)",2702dbcb-7c59-4a4a-bb8f-aca2083f1bb6,0,"[('2702dbcb-7c59-4a4a-bb8f-aca2083f1bb6', (4, 9, 24))]"
131,failed,"['00Ind@0', '02Dec@1']","['IndDecentralizingAgent', 'DecentralizingAgent']",1,0,AgentMechanismInterface,False,False,True,17,8.366502614691854,0.9,False,False,"(11, 29, 23)",,2,False,,"(11, 29, 23)",8f958dd7-7822-480a-b80e-bb76fe362fb1,0,"[('8f958dd7-7822-480a-b80e-bb76fe362fb1', (11, 29, 23))]"
132,failed,"['00Ind@0', '02Dec@1']","['IndDecentralizingAgent', 'DecentralizingAgent']",1,0,AgentMechanismInterface,False,False,True,17,7.240997611545026,0.9,False,False,"(4, 43, 24)",,2,False,,"(4, 43, 24)",4ca3b8b7-6e48-4372-9ff1-1f3724e2bd28,0,"[('4ca3b8b7-6e48-4372-9ff1-1f3724e2bd28', (4, 43, 24))]"
133,failed,"['00Ind@0', '03MyA@1']","['IndDecentralizingAgent', 'MyAgent']",1,0,AgentMechanismInterface,False,False,True,17,7.068845944479108,0.9,False,False,"(12, 7, 25)",,2,False,,"(12, 7, 25)",093b5378-2b28-4172-af63-776abf43aa43,0,[]
134,failed,"['00Ind@0', '03MyA@1']","['IndDecentralizingAgent', 'MyAgent']",1,0,AgentMechanismInterface,False,False,True,17,7.546711958013475,0.9,False,False,"(16, 6, 23)",,2,False,,"(16, 6, 23)",9c16bc60-b640-494a-a2a3-1a83db066bc4,0,[]
135,failed,"['00Ind@0', '02Dec@1']","['IndDecentralizingAgent', 'DecentralizingAgent']",1,0,AgentMechanismInterface,False,False,True,17,9.64826263859868,0.9,False,False,"(9, 38, 23)",,2,False,,"(9, 38, 23)",646335ad-e4c3-4e9b-b690-7e5863e4e663,0,"[('646335ad-e4c3-4e9b-b690-7e5863e4e663', (9, 38, 23))]"
136,failed,"['00Ind@0', '03MyA@1']","['IndDecentralizingAgent', 'MyAgent']",1,0,AgentMechanismInterface,False,False,True,17,8.644516282714903,0.9,False,False,"(9, 22, 23)",,2,False,,"(9, 22, 23)",94aa3bdb-221d-47cb-9dbb-deec9b110679,0,"[('94aa3bdb-221d-47cb-9dbb-deec9b110679', (9, 22, 23))]"
137,failed,"['00Ind@0', '02Dec@1']","['IndDecentralizingAgent', 'DecentralizingAgent']",1,0,AgentMechanismInterface,False,False,True,17,8.404512817971408,0.9,False,False,"(11, 43, 25)",,2,False,,"(11, 43, 25)",6c97530f-b9fe-407e-b40e-78b0c1af52ca,0,"[('6c97530f-b9fe-407e-b40e-78b0c1af52ca', (11, 43, 25))]"
138,failed,"['00Ind@0', '02Dec@1']","['IndDecentralizingAgent', 'DecentralizingAgent']",1,0,AgentMechanismInterface,False,False,True,17,8.467867522500455,0.9,False,False,"(10, 46, 23)",,2,False,,"(10, 46, 23)",53ebe450-244e-42f2-8a05-3b08a8adfd70,0,"[('53ebe450-244e-42f2-8a05-3b08a8adfd70', (10, 46, 23))]"
139,failed,"['00Ind@0', '02Dec@1']","['IndDecentralizingAgent', 'DecentralizingAgent']",1,0,AgentMechanismInterface,False,False,True,17,9.562245604582131,0.9,False,False,"(3, 14, 24)",,2,False,,"(3, 14, 24)",091463aa-830a-42fb-8b18-694561907fc7,0,"[('091463aa-830a-42fb-8b18-694561907fc7', (3, 14, 24))]"
140,failed,"['00Ind@0', '03MyA@1']","['IndDecentralizingAgent', 'MyAgent']",1,0,AgentMechanismInterface,False,False,True,17,9.5152922635898,0.9,False,False,"(10, 34, 25)",,2,False,,"(10, 34, 25)",91f8eb92-43c2-42c9-ba19-6abea48515e5,0,"[('91f8eb92-43c2-42c9-ba19-6abea48515e5', (10, 34, 25))]"
141,failed,"['00Ind@0', '03MyA@1']","['IndDecentralizingAgent', 'MyAgent']",1,0,AgentMechanismInterface,False,False,True,17,9.684961817227304,0.9,False,False,"(10, 28, 25)",,2,False,,"(10, 28, 25)",1653998c-f954-438b-810c-29a6721ed2bf,0,"[('1653998c-f954-438b-810c-29a6721ed2bf', (10, 28, 25))]"
142,failed,"['00Ind@0', '03MyA@1']","['IndDecentralizingAgent', 'MyAgent']",1,0,AgentMechanismInterface,False,False,True,17,8.296442630700767,0.9,False,False,"(4, 34, 24)",,2,False,,"(4, 34, 24)",2e518136-2f1f-480c-ba42-f1f71ac29b55,0,"[('2e518136-2f1f-480c-ba42-f1f71ac29b55', (4, 34, 24))]"
143,failed,"['00Ind@0', '02Dec@1']","['IndDecentralizingAgent', 'DecentralizingAgent']",1,0,AgentMechanismInterface,False,False,True,17,9.382974698208272,0.9,False,False,"(10, 1, 25)",,2,False,,"(10, 1, 25)",bbe21b04-6ea8-4454-8aaa-8ae6f7c2d0c8,0,"[('bbe21b04-6ea8-4454-8aaa-8ae6f7c2d0c8', (10, 1, 25))]"
144,failed,"['00Ind@0', '03MyA@1']","['IndDecentralizingAgent', 'MyAgent']",1,0,AgentMechanismInterface,False,False,True,17,10.627279978245497,0.9,False,False,"(15, 5, 23)",,2,False,,"(15, 5, 23)",560bb08d-213a-44da-ace3-5e613afb4579,0,[]
145,failed,"['00Ind@0', '02Dec@1']","['IndDecentralizingAgent', 'DecentralizingAgent']",1,0,AgentMechanismInterface,False,False,True,17,10.809419503435493,0.9,False,False,"(10, 11, 25)",,2,False,,"(10, 11, 25)",a448b38b-bc7b-41eb-993d-5cbf2b082bc5,0,"[('a448b38b-bc7b-41eb-993d-5cbf2b082bc5', (10, 11, 25))]"
146,failed,"['00Ind@0', '03MyA@1']","['IndDecentralizingAgent', 'MyAgent']",1,0,AgentMechanismInterface,False,False,True,17,8.866879245266318,0.9,False,False,"(3, 37, 24)",,2,False,,"(3, 37, 24)",13e82e31-8791-4fcc-820d-09add8fe707f,0,"[('13e82e31-8791-4fcc-820d-09add8fe707f', (3, 37, 24))]"
147,failed,"['00Ind@0', '03MyA@1']","['IndDecentralizingAgent', 'MyAgent']",1,0,AgentMechanismInterface,False,False,True,17,10.872973527759314,0.9,False,False,"(9, 25, 23)",,2,False,,"(9, 25, 23)",db42f7d8-6e8b-4453-ad40-682225ce206b,0,"[('db42f7d8-6e8b-4453-ad40-682225ce206b', (9, 25, 23))]"
148,failed,"['00Ind@0', '02Dec@1']","['IndDecentralizingAgent', 'DecentralizingAgent']",1,0,AgentMechanismInterface,False,False,True,17,8.618489358574152,0.9,False,False,"(10, 39, 23)",,2,False,,"(10, 39, 23)",fd45b63c-7ddf-4ec8-931a-6ac758f39a3b,0,"[('fd45b63c-7ddf-4ec8-931a-6ac758f39a3b', (10, 39, 23))]"
149,failed,"['00Ind@0', '02Dec@1']","['IndDecentralizingAgent', 'DecentralizingAgent']",1,0,AgentMechanismInterface,False,False,True,17,8.03627506364137,0.9,False,False,"(10, 22, 25)",,2,False,,"(10, 22, 25)",b49a2d29-4f78-4d02-ab90-4e70130d3a79,0,"[('b49a2d29-4f78-4d02-ab90-4e70130d3a79', (10, 22, 25))]"
150,failed,"['00Ind@0', '02Dec@1']","['IndDecentralizingAgent', 'DecentralizingAgent']",1,0,AgentMechanismInterface,False,False,True,17,10.007589744403958,0.9,False,False,"(14, 28, 25)",,2,False,,"(14, 28, 25)",573f451a-1cbb-4ee6-a748-bbc39584edf0,0,"[('573f451a-1cbb-4ee6-a748-bbc39584edf0', (14, 28, 25))]"
151,failed,"['00Ind@0', '03MyA@1']","['IndDecentralizingAgent', 'MyAgent']",1,0,AgentMechanismInterface,False,False,True,17,9.042565929703414,0.9,False,False,"(11, 17, 25)",,2,False,,"(11, 17, 25)",8d9a74f0-bdaf-4695-90e4-84926f9e74c2,0,"[('8d9a74f0-bdaf-4695-90e4-84926f9e74c2', (11, 17, 25))]"
152,failed,"['00Ind@0', '02Dec@1']","['IndDecentralizingAgent', 'DecentralizingAgent']",1,0,AgentMechanismInterface,False,False,True,17,10.74254882056266,0.9,False,False,"(13, 26, 23)",,2,False,,"(13, 26, 23)",069beeae-9ca0-4098-ac01-4e6d6161de6c,0,"[('069beeae-9ca0-4098-ac01-4e6d6161de6c', (13, 26, 23))]"
153,failed,"['02Dec@1', '00Ind@0']","['DecentralizingAgent', 'IndDecentralizingAgent']",1,0,AgentMechanismInterface,False,False,True,17,10.228624956682324,0.9,False,False,"(5, 3, 9)",,2,False,,"(5, 3, 9)",0697abd8-19dc-4343-be5b-a2f2a9f11ee0,0,"[('0697abd8-19dc-4343-be5b-a2f2a9f11ee0', (5, 3, 9))]"
154,failed,"['00Ind@0', '03MyA@1']","['IndDecentralizingAgent', 'MyAgent']",1,0,AgentMechanismInterface,False,False,True,17,10.162980295717716,0.9,False,False,"(11, 14, 25)",,2,False,,"(11, 14, 25)",552c3b43-d529-4263-8263-33acefafee18,0,"[('552c3b43-d529-4263-8263-33acefafee18', (11, 14, 25))]"
155,failed,"['00Ind@0', '02Dec@1']","['IndDecentralizingAgent', 'DecentralizingAgent']",1,0,AgentMechanismInterface,False,False,True,17,10.675124223344028,0.9,False,False,"(4, 4, 24)",,2,False,,"(4, 4, 24)",017b0588-4905-4750-a289-016396645ddf,0,"[('017b0588-4905-4750-a289-016396645ddf', (4, 4, 24))]"
156,failed,"['02Dec@1', '00Ind@0']","['DecentralizingAgent', 'IndDecentralizingAgent']",1,0,AgentMechanismInterface,False,False,True,17,11.020261514931917,0.9,False,False,"(5, 2, 9)",,2,False,,"(5, 2, 9)",e9cfefac-f578-447d-84e3-a4196aa6c8dd,0,"[('e9cfefac-f578-447d-84e3-a4196aa6c8dd', (5, 2, 9))]"
157,failed,"['00Ind@0', '03MyA@1']","['IndDecentralizingAgent', 'MyAgent']",1,0,AgentMechanismInterface,False,False,True,17,9.963489190675318,0.9,False,False,"(13, 11, 23)",,2,False,,"(13, 11, 23)",ad8acfe0-fefd-4d43-8fab-591875c66a8e,0,"[('ad8acfe0-fefd-4d43-8fab-591875c66a8e', (13, 11, 23))]"
158,failed,"['00Ind@0', '02Dec@1']","['IndDecentralizingAgent', 'DecentralizingAgent']",1,0,AgentMechanismInterface,False,False,True,17,10.58036677353084,0.9,False,False,"(12, 14, 23)",,2,False,,"(12, 14, 23)",b357213a-be65-440c-b898-6d0c75a2ba9c,0,"[('b357213a-be65-440c-b898-6d0c75a2ba9c', (12, 14, 23))]"
159,failed,"['00Ind@0', '03MyA@1']","['IndDecentralizingAgent', 'MyAgent']",1,0,AgentMechanismInterface,False,False,True,17,11.366890447214246,0.9,False,False,"(4, 12, 24)",,2,False,,"(4, 12, 24)",f406deec-bc65-4879-aba1-5982fd34f594,0,"[('f406deec-bc65-4879-aba1-5982fd34f594', (4, 12, 24))]"
160,failed,"['00Ind@0', '03MyA@1']","['IndDecentralizingAgent', 'MyAgent']",1,0,AgentMechanismInterface,False,False,True,17,10.485139951109886,0.9,False,False,"(11, 43, 25)",,2,False,,"(11, 43, 25)",067e735b-1a17-41c8-b149-8585d4b2c401,0,"[('067e735b-1a17-41c8-b149-8585d4b2c401', (11, 43, 25))]"
161,failed,"['00Ind@0', '03MyA@1']","['IndDecentralizingAgent', 'MyAgent']",1,0,AgentMechanismInterface,False,False,True,17,10.193288177251816,0.9,False,False,"(10, 11, 25)",,2,False,,"(10, 11, 25)",64b03d75-d5f8-4abc-b99b-d39bb970e112,0,"[('64b03d75-d5f8-4abc-b99b-d39bb970e112', (10, 11, 25))]"
162,failed,"['00Ind@0', '03MyA@1']","['IndDecentralizingAgent', 'MyAgent']",1,0,AgentMechanismInterface,False,False,True,17,10.239441061392426,0.9,False,False,"(10, 26, 23)",,2,False,,"(10, 26, 23)",fe67c668-d467-49f7-b992-5e18126f477a,0,"[('fe67c668-d467-49f7-b992-5e18126f477a', (10, 26, 23))]"
163,failed,"['00Ind@0', '02Dec@1']","['IndDecentralizingAgent', 'DecentralizingAgent']",1,0,AgentMechanismInterface,False,False,True,17,12.147546228952706,0.9,False,False,"(11, 20, 23)",,2,False,,"(11, 20, 23)",0b0d96ba-cf14-41f5-9af6-4bdb6aa66aa2,0,"[('0b0d96ba-cf14-41f5-9af6-4bdb6aa66aa2', (11, 20, 23))]"
164,failed,"['00Ind@0', '02Dec@1']","['IndDecentralizingAgent', 'DecentralizingAgent']",1,0,AgentMechanismInterface,False,False,True,17,10.201067447662354,0.9,False,False,"(9, 32, 23)",,2,False,,"(9, 32, 23)",b8ce60b8-171a-436e-84ef-34637d4e8471,0,"[('b8ce60b8-171a-436e-84ef-34637d4e8471', (9, 32, 23))]"
165,failed,"['00Ind@0', '02Dec@1']","['IndDecentralizingAgent', 'DecentralizingAgent']",1,0,AgentMechanismInterface,False,False,True,17,11.36810836661607,0.9,False,False,"(10, 28, 25)",,2,False,,"(10, 28, 25)",3afb0daf-6f74-4d8c-a004-45b9df129eb0,0,"[('3afb0daf-6f74-4d8c-a004-45b9df129eb0', (10, 28, 25))]"
166,failed,"['00Ind@0', '02Dec@1']","['IndDecentralizingAgent', 'DecentralizingAgent']",1,0,AgentMechanismInterface,False,False,True,17,10.28879744373262,0.9,False,False,"(10, 21, 25)",,2,False,,"(10, 21, 25)",f5c92133-ce93-4747-810e-106279d83efd,0,"[('f5c92133-ce93-4747-810e-106279d83efd', (10, 21, 25))]"
167,failed,"['00Ind@0', '02Dec@1']","['IndDecentralizingAgent', 'DecentralizingAgent']",1,0,AgentMechanismInterface,False,False,True,17,11.634174931794405,0.9,False,False,"(11, 6, 25)",,2,False,,"(11, 6, 25)",0ec1033b-2703-4790-bcd5-6eb72d941105,0,"[('0ec1033b-2703-4790-bcd5-6eb72d941105', (11, 6, 25))]"
168,failed,"['00Ind@0', '03MyA@1']","['IndDecentralizingAgent', 'MyAgent']",1,0,AgentMechanismInterface,False,False,True,17,9.812743998132646,0.9,False,False,"(14, 28, 25)",,2,False,,"(14, 28, 25)",f9818052-65b5-4632-acf0-92d038f96aee,0,"[('f9818052-65b5-4632-acf0-92d038f96aee', (14, 28, 25))]"
169,failed,"['05Dec@2', '02Dec@1']","['DecentralizingAgent', 'DecentralizingAgent']",2,1,AgentMechanismInterface,False,False,True,1,0.0009002862498164177,0.1,True,False,,,2,False,,,,0,[]
170,failed,"['03MyA@1', '01Ran@0']","['MyAgent', 'RandomAgent']",2,1,AgentMechanismInterface,False,False,True,2,11.523216286674142,0.15,False,False,"(12, 14, 15)",,2,False,,"(12, 14, 15)",bfe70797-78c3-4b57-8c98-392158fed367,0,[]
171,failed,"['02Dec@1', '01Ran@0']","['DecentralizingAgent', 'RandomAgent']",2,1,AgentMechanismInterface,False,False,True,2,1.478074581362307,0.15,False,False,"(9, 25, 3)",,2,False,,"(9, 25, 3)",766b87d4-2c70-4c4c-9573-1fe5e0314326,0,"[('766b87d4-2c70-4c4c-9573-1fe5e0314326', (9, 25, 3))]"
172,failed,"['03MyA@1', '00Ind@0']","['MyAgent', 'IndDecentralizingAgent']",2,1,AgentMechanismInterface,False,False,True,2,3.0875346064567566,0.15,False,False,"(61, 39, 16)",,2,False,,"(61, 39, 16)",a7f66b64-e7d3-4be5-8ee5-93c6cb780e00,0,[]
173,failed,"['03MyA@1', '00Ind@0']","['MyAgent', 'IndDecentralizingAgent']",2,1,AgentMechanismInterface,False,False,True,2,4.094339304603636,0.15,False,False,"(67, 43, 16)",,2,False,,"(67, 43, 16)",10d2b33a-71d1-45ca-9c68-e527585ce78d,0,[]
174,failed,"['03MyA@1', '01Ran@0']","['MyAgent', 'RandomAgent']",2,1,AgentMechanismInterface,False,False,True,2,6.584189281798899,0.15,False,False,"(54, 29, 10)",,2,False,,"(54, 29, 10)",9f9b7fbd-8f1e-4685-865f-7e1bd45a3448,0,"[('9f9b7fbd-8f1e-4685-865f-7e1bd45a3448', (54, 29, 10))]"
175,failed,"['03MyA@1', '00Ind@0']","['MyAgent', 'IndDecentralizingAgent']",2,1,AgentMechanismInterface,False,False,True,2,6.270606845617294,0.15,False,False,"(61, 45, 16)",,2,False,,"(61, 45, 16)",7a9cf1a0-eb5f-4701-94f1-1eddc8014c9d,0,[]
176,failed,"['02Dec@1', '00Ind@0']","['DecentralizingAgent', 'IndDecentralizingAgent']",2,1,AgentMechanismInterface,False,False,True,2,4.521303501911461,0.15,False,False,"(21, 36, 16)",,2,False,,"(21, 36, 16)",1f473f08-e9ed-42cc-94d2-40acbc974af9,0,[]
177,failed,"['02Dec@1', '01Ran@0']","['DecentralizingAgent', 'RandomAgent']",2,1,AgentMechanismInterface,False,False,True,2,2.3122980473563075,0.15,False,False,"(19, 26, 8)",,2,False,,"(19, 26, 8)",deb81f89-d314-4227-b19f-05da6ba9e59c,0,"[('deb81f89-d314-4227-b19f-05da6ba9e59c', (19, 26, 8))]"
178,failed,"['03MyA@1', '00Ind@0']","['MyAgent', 'IndDecentralizingAgent']",2,1,AgentMechanismInterface,False,False,True,2,3.6480481885373592,0.15,False,False,"(67, 24, 16)",,2,False,,"(67, 24, 16)",78d8410d-5e86-40d5-9db2-5f5672cc77a3,0,[]
179,failed,"['03MyA@1', '00Ind@0']","['MyAgent', 'IndDecentralizingAgent']",2,1,AgentMechanismInterface,False,False,True,2,6.836389014497399,0.15,False,False,"(60, 25, 16)",,2,False,,"(60, 25, 16)",12c89e52-900e-408d-95f9-011757e99c23,0,"[('12c89e52-900e-408d-95f9-011757e99c23', (60, 25, 16))]"
180,failed,"['03MyA@1', '01Ran@0']","['MyAgent', 'RandomAgent']",2,1,AgentMechanismInterface,False,False,True,2,1.3394319443032146,0.15,False,False,"(14, 10, 14)",,2,False,,"(14, 10, 14)",c434fe69-2247-42ba-b227-90bb2b27efb4,0,"[('c434fe69-2247-42ba-b227-90bb2b27efb4', (14, 10, 14))]"
181,failed,"['03MyA@1', '01Ran@0']","['MyAgent', 'RandomAgent']",2,1,AgentMechanismInterface,False,False,True,2,2.0764603251591325,0.15,False,False,"(23, 6, 5)",,2,False,,"(23, 6, 5)",d027d282-e82b-4fc2-a394-744b59bbb82b,0,"[('d027d282-e82b-4fc2-a394-744b59bbb82b', (23, 6, 5))]"
182,failed,"['02Dec@1', '01Ran@0']","['DecentralizingAgent', 'RandomAgent']",2,1,AgentMechanismInterface,False,False,True,2,12.116915953345597,0.15,False,False,"(20, 9, 2)",,2,False,,"(20, 9, 2)",b217ca19-42d4-455f-ad56-2f1d03b2a2cc,0,[]
183,failed,"['03MyA@1', '01Ran@0']","['MyAgent', 'RandomAgent']",2,1,AgentMechanismInterface,False,False,True,2,7.521423357538879,0.15,False,False,"(29, 12, 1)",,2,False,,"(29, 12, 1)",296a6906-d742-42a2-b2c4-0b134472dc50,0,[]
184,failed,"['03MyA@1', '01Ran@0']","['MyAgent', 'RandomAgent']",2,1,AgentMechanismInterface,False,False,True,2,12.171465059742332,0.15,False,False,"(31, 20, 10)",,2,False,,"(31, 20, 10)",8d8667ad-4868-4f06-805e-ceca1e0a8383,0,"[('8d8667ad-4868-4f06-805e-ceca1e0a8383', (31, 20, 10))]"
185,failed,"['02Dec@1', '00Ind@0']","['DecentralizingAgent', 'IndDecentralizingAgent']",2,1,AgentMechanismInterface,False,False,True,2,9.065645550377667,0.15,False,False,"(19, 10, 16)",,2,False,,"(19, 10, 16)",67a634d9-4e8d-431f-9e56-539630fc5bdb,0,"[('67a634d9-4e8d-431f-9e56-539630fc5bdb', (19, 10, 16))]"
186,failed,"['02Dec@1', '00Ind@0']","['DecentralizingAgent', 'IndDecentralizingAgent']",2,1,AgentMechanismInterface,False,False,True,2,4.9925577556714416,0.15,False,False,"(25, 21, 16)",,2,False,,"(25, 21, 16)",ab79b1d0-0648-4d36-a222-b7a9a2f261a3,0,[]
187,failed,"['03MyA@1', '01Ran@0']","['MyAgent', 'RandomAgent']",2,1,AgentMechanismInterface,False,False,True,2,7.330320713110268,0.15,False,False,"(54, 10, 14)",,2,False,,"(54, 10, 14)",190c2b88-6259-4e0a-bc2d-b5b4788adca0,0,[]
188,failed,"['03MyA@1', '00Ind@0']","['MyAgent', 'IndDecentralizingAgent']",2,1,AgentMechanismInterface,False,False,True,2,10.398510666564107,0.15,False,False,"(60, 27, 16)",,2,False,,"(60, 27, 16)",297eb97d-917c-410d-8eff-5a2ec4423316,0,"[('297eb97d-917c-410d-8eff-5a2ec4423316', (60, 27, 16))]"
189,failed,"['03MyA@1', '01Ran@0']","['MyAgent', 'RandomAgent']",2,1,AgentMechanismInterface,False,False,True,2,13.153699425980449,0.15,False,False,"(45, 3, 4)",,2,False,,"(45, 3, 4)",bec5cc10-16f2-4cf9-918c-0ec870e0cd56,0,"[('bec5cc10-16f2-4cf9-918c-0ec870e0cd56', (45, 3, 4))]"
190,failed,"['03MyA@1', '00Ind@0']","['MyAgent', 'IndDecentralizingAgent']",2,1,AgentMechanismInterface,False,False,True,2,10.9987847590819,0.15,False,False,"(60, 28, 16)",,2,False,,"(60, 28, 16)",5d32e57c-6ea1-4681-b3ee-cda08900318e,0,"[('5d32e57c-6ea1-4681-b3ee-cda08900318e', (60, 28, 16))]"
191,failed,"['04Ran@2', '02Dec@1']","['RandomAgent', 'DecentralizingAgent']",2,1,AgentMechanismInterface,False,False,True,2,12.92966058012098,0.15,True,False,,,2,False,,,1d670ee0-fed5-4c4b-9717-2bd21a9121a5,0,[]
192,failed,"['02Dec@1', '01Ran@0']","['DecentralizingAgent', 'RandomAgent']",2,1,AgentMechanismInterface,False,False,True,2,12.025251939892769,0.15,False,False,"(1, 15, 3)",,2,False,,"(1, 15, 3)",7025981a-cb6a-40e5-9c3f-8ec5f955ad56,0,[]
193,failed,"['02Dec@1', '00Ind@0']","['DecentralizingAgent', 'IndDecentralizingAgent']",2,1,AgentMechanismInterface,False,False,True,2,11.1520592039451,0.15,False,False,"(31, 18, 16)",,2,False,,"(31, 18, 16)",3f1fd137-47f6-4c0b-8824-32dba59b795b,0,[]
194,failed,"['02Dec@1', '00Ind@0']","['DecentralizingAgent', 'IndDecentralizingAgent']",2,1,AgentMechanismInterface,False,False,True,2,7.384937600232661,0.15,False,False,"(25, 40, 16)",,2,False,,"(25, 40, 16)",c2ef0f5c-3474-4b58-84b9-0759d4c5bff6,0,"[('c2ef0f5c-3474-4b58-84b9-0759d4c5bff6', (25, 40, 16))]"
195,failed,"['02Dec@1', '00Ind@0']","['DecentralizingAgent', 'IndDecentralizingAgent']",2,1,AgentMechanismInterface,False,False,True,2,6.3039229568094015,0.15,False,False,"(23, 46, 16)",,2,False,,"(23, 46, 16)",e6225893-21c3-491f-a389-4f9c99d47f60,0,"[('e6225893-21c3-491f-a389-4f9c99d47f60', (23, 46, 16))]"
196,failed,"['03MyA@1', '01Ran@0']","['MyAgent', 'RandomAgent']",2,1,AgentMechanismInterface,False,False,True,2,2.4773623337969184,0.15,False,False,"(55, 2, 16)",,2,False,,"(55, 2, 16)",c2834807-0e6e-4ef3-9a00-f4a2d3a51b03,0,[]
197,failed,"['02Dec@1', '01Ran@0']","['DecentralizingAgent', 'RandomAgent']",2,1,AgentMechanismInterface,False,False,True,2,2.9435609271749854,0.15,False,False,"(5, 9, 7)",,2,False,,"(5, 9, 7)",4b86184d-898b-4b83-99e3-7d5fb484cf61,0,[]
198,failed,"['03MyA@1', '00Ind@0']","['MyAgent', 'IndDecentralizingAgent']",2,1,AgentMechanismInterface,False,False,True,2,3.2573311384767294,0.15,False,False,"(60, 34, 16)",,2,False,,"(60, 34, 16)",400c27d8-14e6-4d79-b8a2-6c6bc22b68cc,0,[]
199,failed,"['02Dec@1', '01Ran@0']","['DecentralizingAgent', 'RandomAgent']",2,1,AgentMechanismInterface,False,False,True,2,8.38573016691953,0.15,False,False,"(12, 35, 16)",,2,False,,"(12, 35, 16)",f46b6aa1-d069-4e66-860d-5c3431c3207c,0,[]
200,failed,"['02Dec@1', '01Ran@0']","['DecentralizingAgent', 'RandomAgent']",2,1,AgentMechanismInterface,False,False,True,2,12.752397949807346,0.15,False,False,"(15, 5, 3)",,2,False,,"(15, 5, 3)",9a908e6e-9269-4119-995e-5cf841833788,0,"[('9a908e6e-9269-4119-995e-5cf841833788', (15, 5, 3))]"
201,failed,"['04Ran@2', '02Dec@1']","['RandomAgent', 'DecentralizingAgent']",2,1,AgentMechanismInterface,False,False,True,2,2.0026814583688974,0.15,True,False,,,2,False,,,64363ded-eaee-4e48-8655-3cdaf3d0a48e,0,[]
202,failed,"['03MyA@1', '01Ran@0']","['MyAgent', 'RandomAgent']",2,1,AgentMechanismInterface,False,False,True,2,10.202708333730698,0.15,False,False,"(34, 18, 7)",,2,False,,"(34, 18, 7)",02dfab13-ba5b-4a9a-9000-1a9de4b0050f,0,[]
203,failed,"['02Dec@1', '00Ind@0']","['DecentralizingAgent', 'IndDecentralizingAgent']",2,1,AgentMechanismInterface,False,False,True,2,2.87665606290102,0.15,False,False,"(21, 32, 16)",,2,False,,"(21, 32, 16)",9c6a5b65-9cbc-47fb-a8e4-8d8821ea160d,0,[]
204,failed,"['02Dec@1', '01Ran@0']","['DecentralizingAgent', 'RandomAgent']",2,1,AgentMechanismInterface,False,False,True,2,2.807957627810538,0.15,False,False,"(6, 42, 6)",,2,False,,"(6, 42, 6)",ade6d937-0e17-47ee-b871-2c88d43781da,0,"[('ade6d937-0e17-47ee-b871-2c88d43781da', (6, 42, 6))]"
205,failed,"['03MyA@1', '00Ind@0']","['MyAgent', 'IndDecentralizingAgent']",2,1,AgentMechanismInterface,False,False,True,2,12.02290840446949,0.15,False,False,"(50, 7, 16)",,2,False,,"(50, 7, 16)",c12c3cda-91f6-4b4d-996e-cf30be1a03d2,0,[]
206,failed,"['02Dec@1', '00Ind@0']","['DecentralizingAgent', 'IndDecentralizingAgent']",2,1,AgentMechanismInterface,False,False,True,2,8.872259424068034,0.15,False,False,"(25, 34, 16)",,2,False,,"(25, 34, 16)",ac216f36-ecec-43a2-99b9-7bf59fb51f9a,0,"[('ac216f36-ecec-43a2-99b9-7bf59fb51f9a', (25, 34, 16))]"
207,failed,"['03MyA@1', '01Ran@0']","['MyAgent', 'RandomAgent']",2,1,AgentMechanismInterface,False,False,True,2,11.849619840271771,0.15,False,False,"(28, 22, 6)",,2,False,,"(28, 22, 6)",11eab4f8-265f-4376-964e-38e7dd0dcdbb,0,[]
208,failed,"['02Dec@1', '00Ind@0']","['DecentralizingAgent', 'IndDecentralizingAgent']",2,1,AgentMechanismInterface,False,False,True,2,7.200751214288175,0.15,False,False,"(32, 24, 16)",,2,False,,"(32, 24, 16)",c0929162-9496-40ea-9cf9-7547bc7adfb7,0,"[('c0929162-9496-40ea-9cf9-7547bc7adfb7', (32, 24, 16))]"
209,failed,"['03MyA@1', '00Ind@0']","['MyAgent', 'IndDecentralizingAgent']",2,1,AgentMechanismInterface,False,False,True,2,10.005804283544421,0.15,False,False,"(54, 38, 16)",,2,False,,"(54, 38, 16)",53bc12b8-4689-4899-ab1b-2d9654f12939,0,"[('53bc12b8-4689-4899-ab1b-2d9654f12939', (54, 38, 16))]"
210,failed,"['03MyA@1', '01Ran@0']","['MyAgent', 'RandomAgent']",2,1,AgentMechanismInterface,False,False,True,2,9.371910845860839,0.15,False,False,"(4, 4, 12)",,2,False,,"(4, 4, 12)",6590695a-cac1-49e6-b461-2d523707028e,0,"[('6590695a-cac1-49e6-b461-2d523707028e', (4, 4, 12))]"
211,failed,"['03MyA@1', '01Ran@0']","['MyAgent', 'RandomAgent']",2,1,AgentMechanismInterface,False,False,True,2,12.146895676851273,0.15,False,False,"(23, 22, 10)",,2,False,,"(23, 22, 10)",23e6460b-8f1c-4b68-9730-5349332325de,0,[]
212,failed,"['02Dec@1', '01Ran@0']","['DecentralizingAgent', 'RandomAgent']",2,1,AgentMechanismInterface,False,False,True,2,2.556980318389833,0.15,False,False,"(24, 5, 9)",,2,False,,"(24, 5, 9)",55ebecd3-36ba-48d9-a7b5-3eb3ad2e8834,0,[]
213,failed,"['03MyA@1', '01Ran@0']","['MyAgent', 'RandomAgent']",2,1,AgentMechanismInterface,False,False,True,2,2.5054408349096775,0.15,False,False,"(41, 9, 12)",,2,False,,"(41, 9, 12)",46d2eaab-484b-4161-b466-feb753c24699,0,[]
214,failed,"['03MyA@1', '01Ran@0']","['MyAgent', 'RandomAgent']",2,1,AgentMechanismInterface,False,False,True,2,2.76716086640954,0.15,False,False,"(50, 3, 5)",,2,False,,"(50, 3, 5)",4ec5b942-23b3-458c-9971-60ab5117fea3,0,"[('4ec5b942-23b3-458c-9971-60ab5117fea3', (50, 3, 5))]"
215,failed,"['03MyA@1', '01Ran@0']","['MyAgent', 'RandomAgent']",2,1,AgentMechanismInterface,False,False,True,2,9.76047548558563,0.15,False,False,"(42, 31, 8)",,2,False,,"(42, 31, 8)",7d01879a-43c3-41e2-b91f-5ddd7afaf8a7,0,[]
216,failed,"['03MyA@1', '01Ran@0']","['MyAgent', 'RandomAgent']",2,1,AgentMechanismInterface,False,False,True,2,12.787010142579675,0.15,False,False,"(13, 13, 5)",,2,False,,"(13, 13, 5)",93c500ab-c2c2-4ce7-8ae7-5d50d93b0856,0,"[('93c500ab-c2c2-4ce7-8ae7-5d50d93b0856', (13, 13, 5))]"
217,failed,"['05Dec@2', '02Dec@1']","['DecentralizingAgent', 'DecentralizingAgent']",2,1,AgentMechanismInterface,False,False,True,2,6.553419939242303,0.15,True,False,,,2,False,,,5e5cfd46-5d5e-43f2-b1ae-c55ceb73ea9f,0,[]
218,failed,"['02Dec@1', '00Ind@0']","['DecentralizingAgent', 'IndDecentralizingAgent']",2,1,AgentMechanismInterface,False,False,True,2,10.804005927406251,0.15,False,False,"(26, 23, 16)",,2,False,,"(26, 23, 16)",b0a24b42-f3b2-40ec-b1f4-c278ea38ef48,0,[]
219,failed,"['03MyA@1', '00Ind@0']","['MyAgent', 'IndDecentralizingAgent']",2,1,AgentMechanismInterface,False,False,True,2,5.416649100370705,0.15,False,False,"(67, 15, 16)",,2,False,,"(67, 15, 16)",60bfefa3-17be-4462-b00d-c07aaa0fa306,0,"[('60bfefa3-17be-4462-b00d-c07aaa0fa306', (67, 15, 16))]"
220,failed,"['03MyA@1', '01Ran@0']","['MyAgent', 'RandomAgent']",2,1,AgentMechanismInterface,False,False,True,2,6.901700879447162,0.15,False,False,"(16, 22, 5)",,2,False,,"(16, 22, 5)",b75d87ea-e07d-407a-a816-2c361486f4d7,0,"[('b75d87ea-e07d-407a-a816-2c361486f4d7', (16, 22, 5))]"
221,failed,"['03MyA@1', '00Ind@0']","['MyAgent', 'IndDecentralizingAgent']",2,1,AgentMechanismInterface,False,False,True,2,9.5990736996755,0.15,False,False,"(66, 20, 16)",,2,False,,"(66, 20, 16)",87ee5edb-12ce-4511-a97b-00f1fcc97930,0,[]
222,failed,"['02Dec@1', '01Ran@0']","['DecentralizingAgent', 'RandomAgent']",2,1,AgentMechanismInterface,False,False,True,2,9.354447517544031,0.15,False,False,"(7, 41, 11)",,2,False,,"(7, 41, 11)",5e54ed1f-05fc-402f-b26b-363537b5b04a,0,[]
223,failed,"['05Dec@2', '02Dec@1']","['DecentralizingAgent', 'DecentralizingAgent']",2,1,AgentMechanismInterface,False,False,True,2,13.526623038575053,0.15,True,False,,,2,False,,"(8, 2, 1)",d631869f-1e43-45b8-b077-23aabbd4bddf,0,[]
224,failed,"['02Dec@1', '00Ind@0']","['DecentralizingAgent', 'IndDecentralizingAgent']",2,1,AgentMechanismInterface,False,False,True,2,3.1955180605873466,0.15,False,False,"(24, 13, 16)",,2,False,,"(24, 13, 16)",6178c4ea-c287-4634-9454-8d53268364e3,0,"[('6178c4ea-c287-4634-9454-8d53268364e3', (24, 13, 16))]"
225,failed,"['02Dec@1', '01Ran@0']","['DecentralizingAgent', 'RandomAgent']",2,1,AgentMechanismInterface,False,False,True,2,12.616419843398035,0.15,False,False,"(2, 4, 9)",,2,False,,"(2, 4, 9)",59501218-2dc6-46fb-8095-2f93d3c759a1,0,[]
226,failed,"['03MyA@1', '00Ind@0']","['MyAgent', 'IndDecentralizingAgent']",2,1,AgentMechanismInterface,False,False,True,2,9.111284489743412,0.15,False,False,"(60, 47, 16)",,2,False,,"(60, 47, 16)",6a3ed67e-0827-4bc5-9832-1f410080cba2,0,"[('6a3ed67e-0827-4bc5-9832-1f410080cba2', (60, 47, 16))]"
227,failed,"['02Dec@1', '01Ran@0']","['DecentralizingAgent', 'RandomAgent']",2,1,AgentMechanismInterface,False,False,True,2,8.357278102077544,0.15,False,False,"(18, 15, 14)",,2,False,,"(18, 15, 14)",4417400a-2835-452b-8b2f-d4aa1fcd6c06,0,"[('4417400a-2835-452b-8b2f-d4aa1fcd6c06', (18, 15, 14))]"
228,failed,"['02Dec@1', '00Ind@0']","['DecentralizingAgent', 'IndDecentralizingAgent']",2,1,AgentMechanismInterface,False,False,True,2,10.839697091840208,0.15,False,False,"(26, 26, 16)",,2,False,,"(26, 26, 16)",88a5574b-4f88-48e5-b874-3091bd237185,0,"[('88a5574b-4f88-48e5-b874-3091bd237185', (26, 26, 16))]"
229,failed,"['02Dec@1', '01Ran@0']","['DecentralizingAgent', 'RandomAgent']",2,1,AgentMechanismInterface,False,False,True,2,12.227170987054706,0.15,False,False,"(18, 15, 16)",,2,False,,"(18, 15, 16)",3b68e7df-63e4-4cb6-8bb0-b641e9a73ca1,0,[]
230,failed,"['03MyA@1', '00Ind@0']","['MyAgent', 'IndDecentralizingAgent']",2,1,AgentMechanismInterface,False,False,True,2,2.4688772978261113,0.15,False,False,"(61, 26, 16)",,2,False,,"(61, 26, 16)",3de73dde-f837-4453-aeee-0290d3d1efe0,0,"[('3de73dde-f837-4453-aeee-0290d3d1efe0', (61, 26, 16))]"
231,failed,"['02Dec@1', '00Ind@0']","['DecentralizingAgent', 'IndDecentralizingAgent']",2,1,AgentMechanismInterface,False,False,True,2,1.8033757638186216,0.15,False,False,"(24, 42, 16)",,2,False,,"(24, 42, 16)",cb9a2c51-1863-4c3f-bc60-4bfc1aa229b5,0,"[('cb9a2c51-1863-4c3f-bc60-4bfc1aa229b5', (24, 42, 16))]"
232,failed,"['02Dec@1', '00Ind@0']","['DecentralizingAgent', 'IndDecentralizingAgent']",2,1,AgentMechanismInterface,False,False,True,2,11.04303746111691,0.15,True,False,,,2,False,,,54981397-b1d2-4823-af49-e3a6d2688683,0,[]
233,failed,"['03MyA@1', '01Ran@0']","['MyAgent', 'RandomAgent']",2,1,AgentMechanismInterface,False,False,True,2,2.872808612883091,0.15,False,False,"(46, 9, 16)",,2,False,,"(46, 9, 16)",ec770a2d-33a1-4a4c-8399-791d306f91d0,0,[]
234,failed,"['02Dec@1', '01Ran@0']","['DecentralizingAgent', 'RandomAgent']",2,1,AgentMechanismInterface,False,False,True,2,9.49035787768662,0.15,True,False,,,2,False,,,4ddc0977-f666-45bd-ac5d-0bf83ba40e8d,0,[]
235,failed,"['02Dec@1', '00Ind@0']","['DecentralizingAgent', 'IndDecentralizingAgent']",2,1,AgentMechanismInterface,False,False,True,2,6.087879684753716,0.15,False,False,"(25, 28, 16)",,2,False,,"(25, 28, 16)",78661fe1-e702-444b-aa1a-c16cb3f230bc,0,"[('78661fe1-e702-444b-aa1a-c16cb3f230bc', (25, 28, 16))]"
236,failed,"['03MyA@1', '01Ran@0']","['MyAgent', 'RandomAgent']",2,1,AgentMechanismInterface,False,False,True,2,5.669743991456926,0.15,False,False,"(34, 16, 9)",,2,False,,"(34, 16, 9)",efc7c06b-1dc3-44cd-b40d-e72d052c1d84,0,"[('efc7c06b-1dc3-44cd-b40d-e72d052c1d84', (34, 16, 9))]"
237,failed,"['02Dec@1', '01Ran@0']","['DecentralizingAgent', 'RandomAgent']",2,1,AgentMechanismInterface,False,False,True,2,3.8894630633294582,0.15,False,False,"(1, 18, 6)",,2,False,,"(1, 18, 6)",c3968eb1-d5da-4fc2-aa1f-0d7422cd1030,0,"[('c3968eb1-d5da-4fc2-aa1f-0d7422cd1030', (1, 18, 6))]"
238,failed,"['03MyA@1', '00Ind@0']","['MyAgent', 'IndDecentralizingAgent']",2,1,AgentMechanismInterface,False,False,True,2,14.046623489819467,0.15,False,False,"(59, 31, 16)",,2,False,,"(59, 31, 16)",5fd2f48b-818d-438d-90b6-30994f40ab46,0,[]
239,failed,"['02Dec@1', '01Ran@0']","['DecentralizingAgent', 'RandomAgent']",2,1,AgentMechanismInterface,False,False,True,2,2.8453534534201026,0.15,False,False,"(17, 3, 13)",,2,False,,"(17, 3, 13)",f39e5579-4edd-4698-81bf-fcf741bd7988,0,"[('f39e5579-4edd-4698-81bf-fcf741bd7988', (17, 3, 13))]"
240,failed,"['03MyA@1', '00Ind@0']","['MyAgent', 'IndDecentralizingAgent']",2,1,AgentMechanismInterface,False,False,True,2,4.882211577147245,0.15,False,False,"(60, 21, 16)",,2,False,,"(60, 21, 16)",9daac750-e9ea-4672-8640-f44a279bebdc,0,[]
241,failed,"['03MyA@1', '00Ind@0']","['MyAgent', 'IndDecentralizingAgent']",2,1,AgentMechanismInterface,False,False,True,2,5.936865660361946,0.15,False,False,"(55, 8, 16)",,2,False,,"(55, 8, 16)",03235206-d98a-47e9-872e-e31b8597f6a6,0,"[('03235206-d98a-47e9-872e-e31b8597f6a6', (55, 8, 16))]"
242,failed,"['03MyA@1', '01Ran@0']","['MyAgent', 'RandomAgent']",2,1,AgentMechanismInterface,False,False,True,2,10.878331504762173,0.15,False,False,"(49, 17, 9)",,2,False,,"(49, 17, 9)",66efc1a5-c84a-453c-b660-9fa44eea9e8e,0,"[('66efc1a5-c84a-453c-b660-9fa44eea9e8e', (49, 17, 9))]"
243,failed,"['02Dec@1', '01Ran@0']","['DecentralizingAgent', 'RandomAgent']",2,1,AgentMechanismInterface,False,False,True,2,9.539798583835363,0.15,False,False,"(7, 9, 4)",,2,False,,"(7, 9, 4)",e7563b03-2ab6-4f68-b4b0-c2dbab18a631,0,[]
244,failed,"['02Dec@1', '01Ran@0']","['DecentralizingAgent', 'RandomAgent']",2,1,AgentMechanismInterface,False,False,True,2,11.460360861383379,0.15,False,False,"(12, 17, 9)",,2,False,,"(12, 17, 9)",c7009a79-2f59-4251-8789-092d0743639c,0,"[('c7009a79-2f59-4251-8789-092d0743639c', (12, 17, 9))]"
245,failed,"['02Dec@1', '01Ran@0']","['DecentralizingAgent', 'RandomAgent']",2,1,AgentMechanismInterface,False,False,True,2,5.348585627041757,0.15,False,False,"(4, 16, 1)",,2,False,,"(4, 16, 1)",4488d4d7-8004-4782-b7d7-c45b774486c4,0,"[('4488d4d7-8004-4782-b7d7-c45b774486c4', (4, 16, 1))]"
246,failed,"['03MyA@1', '00Ind@0']","['MyAgent', 'IndDecentralizingAgent']",2,1,AgentMechanismInterface,False,False,True,2,7.161191387102008,0.15,False,False,"(56, 36, 16)",,2,False,,"(56, 36, 16)",001ad6a4-27ff-488a-8b67-b2fb8aab8771,0,[]
247,failed,"['02Dec@1', '00Ind@0']","['DecentralizingAgent', 'IndDecentralizingAgent']",2,1,AgentMechanismInterface,False,False,True,2,12.054102316498756,0.15,False,False,"(31, 35, 16)",,2,False,,"(31, 35, 16)",b995f04b-26a0-4fd9-a15b-bb9d0adc7ed3,0,[]
248,failed,"['02Dec@1', '00Ind@0']","['DecentralizingAgent', 'IndDecentralizingAgent']",2,1,AgentMechanismInterface,False,False,True,2,13.913284651003778,0.15,False,False,"(24, 48, 16)",,2,False,,"(24, 48, 16)",eed33a5e-d756-4be5-9163-31186a2b3a4d,0,"[('eed33a5e-d756-4be5-9163-31186a2b3a4d', (24, 48, 16))]"
249,failed,"['02Dec@1', '00Ind@0']","['DecentralizingAgent', 'IndDecentralizingAgent']",2,1,AgentMechanismInterface,False,False,True,2,8.985173556022346,0.15,False,False,"(26, 39, 16)",,2,False,,"(26, 39, 16)",bc1defc4-9c70-4b36-a4a0-67f2d0c500c8,0,[]
250,failed,"['02Dec@1', '01Ran@0']","['DecentralizingAgent', 'RandomAgent']",2,1,AgentMechanismInterface,False,False,True,2,4.144417031668127,0.15,False,False,"(14, 23, 5)",,2,False,,"(14, 23, 5)",2ac1cb14-0369-4bf2-aceb-88fbdf9769e9,0,"[('2ac1cb14-0369-4bf2-aceb-88fbdf9769e9', (14, 23, 5))]"
251,failed,"['02Dec@1', '01Ran@0']","['DecentralizingAgent', 'RandomAgent']",2,1,AgentMechanismInterface,False,False,True,2,3.577749543823302,0.15,False,False,"(7, 29, 11)",,2,False,,"(7, 29, 11)",e942ff4a-d9ab-4287-8942-fec4982467d4,0,[]
252,failed,"['03MyA@1', '00Ind@0']","['MyAgent', 'IndDecentralizingAgent']",2,1,AgentMechanismInterface,False,False,True,2,7.019205224700272,0.15,False,False,"(66, 44, 16)",,2,False,,"(66, 44, 16)",1ff6e888-ec46-4a9f-93fb-4ec94989878d,0,"[('1ff6e888-ec46-4a9f-93fb-4ec94989878d', (66, 44, 16))]"
253,failed,"['03MyA@1', '00Ind@0']","['MyAgent', 'IndDecentralizingAgent']",2,1,AgentMechanismInterface,False,False,True,2,2.6419638078659773,0.15,False,False,"(60, 40, 16)",,2,False,,"(60, 40, 16)",53e1b126-ee5f-45ab-91f0-b9426ebf174e,0,[]
254,failed,"['03MyA@1', '01Ran@0']","['MyAgent', 'RandomAgent']",2,1,AgentMechanismInterface,False,False,True,3,5.258833014406264,0.2,False,False,"(39, 10, 15)",,2,False,,"(39, 10, 15)",e04ce48b-28ff-41dd-868a-ce5a18fcfee6,0,"[('e04ce48b-28ff-41dd-868a-ce5a18fcfee6', (39, 10, 15))]"
255,failed,"['00Ind@0', '02Dec@1']","['IndDecentralizingAgent', 'DecentralizingAgent']",2,1,AgentMechanismInterface,False,False,True,3,6.406338507309556,0.2,True,False,,,2,False,,"(12, 12, 32)",6dfca5b4-9cd8-4cf4-9307-750367334680,0,[]
256,failed,"['02Dec@1', '01Ran@0']","['DecentralizingAgent', 'RandomAgent']",2,1,AgentMechanismInterface,False,False,True,6,8.964707599952817,0.35,False,False,"(5, 3, 1)",,2,False,,"(5, 3, 1)",340a27e7-93a7-48a0-914c-78929c78930f,0,"[('340a27e7-93a7-48a0-914c-78929c78930f', (5, 3, 1))]"
257,failed,"['02Dec@1', '00Ind@0']","['DecentralizingAgent', 'IndDecentralizingAgent']",2,1,AgentMechanismInterface,False,False,True,6,10.725215471349657,0.35,True,False,,,2,False,,"(5, 5, 16)",449d2b8a-ba4b-4f84-aaa2-79026f52490a,0,"[('449d2b8a-ba4b-4f84-aaa2-79026f52490a', (5, 5, 16))]"
258,failed,"['02Dec@1', '00Ind@0']","['DecentralizingAgent', 'IndDecentralizingAgent']",2,1,AgentMechanismInterface,False,False,True,7,10.420822423882782,0.4,False,False,"(19, 35, 16)",,2,False,,"(19, 35, 16)",c723a31e-9864-4a2e-a9fa-b2e3aeb5eeca,0,"[('c723a31e-9864-4a2e-a9fa-b2e3aeb5eeca', (19, 35, 16))]"
259,failed,"['02Dec@1', '00Ind@0']","['DecentralizingAgent', 'IndDecentralizingAgent']",2,1,AgentMechanismInterface,False,False,True,7,12.10451521538198,0.4,False,False,"(19, 8, 16)",,2,False,,"(19, 8, 16)",a27523cf-e6ab-42ef-bc4e-2960200eae58,0,[]
260,failed,"['02Dec@1', '00Ind@0']","['DecentralizingAgent', 'IndDecentralizingAgent']",2,1,AgentMechanismInterface,False,False,True,8,8.992858882062137,0.45,False,False,"(11, 7, 16)",,2,False,,"(11, 7, 16)",34bbc16c-e4e1-4aa4-a23e-4a66aa1227e6,0,[]
261,failed,"['03MyA@1', '01Ran@0']","['MyAgent', 'RandomAgent']",2,1,AgentMechanismInterface,False,False,True,8,9.198048254474998,0.45,False,False,"(6, 2, 1)",,2,False,,"(6, 2, 1)",334bc777-2d24-493f-acd2-aaca8ce193e3,0,"[('334bc777-2d24-493f-acd2-aaca8ce193e3', (6, 2, 1))]"
262,failed,"['02Dec@1', '04Ran@2']","['DecentralizingAgent', 'RandomAgent']",2,1,AgentMechanismInterface,False,False,True,11,11.2217853711918,0.6,False,False,"(2, 6, 41)",,2,False,,"(2, 6, 41)",2abf7682-6342-49cf-9568-5c81f90cd102,0,"[('2abf7682-6342-49cf-9568-5c81f90cd102', (2, 6, 41))]"
263,failed,"['02Dec@1', '01Ran@0']","['DecentralizingAgent', 'RandomAgent']",2,1,AgentMechanismInterface,False,False,True,11,10.390148765407503,0.6,False,False,"(1, 2, 2)",,2,False,,"(1, 2, 2)",7549232b-5461-45e8-a852-b56152672ce4,0,"[('7549232b-5461-45e8-a852-b56152672ce4', (1, 2, 2))]"
264,failed,"['02Dec@1', '04Ran@2']","['DecentralizingAgent', 'RandomAgent']",2,1,AgentMechanismInterface,False,False,True,12,5.142741799354553,0.65,False,False,"(5, 10, 40)",,2,False,,"(5, 10, 40)",54c577c9-1922-47ed-a8d2-ebe9a7f87f52,0,[]
265,failed,"['02Dec@1', '05Dec@2']","['DecentralizingAgent', 'DecentralizingAgent']",2,1,AgentMechanismInterface,False,False,True,12,5.200432690791786,0.65,True,False,,,2,False,,"(2, 10, 23)",1c2bfb76-475d-4e8b-88b6-0c2de3ea3b8b,0,"[('1c2bfb76-475d-4e8b-88b6-0c2de3ea3b8b', (2, 10, 23))]"
266,failed,"['02Dec@1', '04Ran@2']","['DecentralizingAgent', 'RandomAgent']",2,1,AgentMechanismInterface,False,False,True,12,11.785499888472259,0.65,False,False,"(2, 6, 40)",,2,False,,"(2, 6, 40)",f9f5e859-d049-44bc-9ce0-0eaf15689bc2,0,"[('f9f5e859-d049-44bc-9ce0-0eaf15689bc2', (2, 6, 40))]"
267,failed,"['02Dec@1', '04Ran@2']","['DecentralizingAgent', 'RandomAgent']",2,1,AgentMechanismInterface,False,False,True,13,5.199030517600477,0.7,False,False,"(10, 9, 42)",,2,False,,"(10, 9, 42)",d64dbec9-07b8-4fe9-a875-b78226655518,0,[]
268,failed,"['02Dec@1', '00Ind@0']","['DecentralizingAgent', 'IndDecentralizingAgent']",2,1,AgentMechanismInterface,False,False,True,17,11.281844202429056,0.9,False,False,"(5, 2, 8)",,2,False,,"(5, 2, 8)",de727c29-6a69-40cc-bf10-0a3d34df4c63,0,"[('de727c29-6a69-40cc-bf10-0a3d34df4c63', (5, 2, 8))]"
269,failed,"['02Dec@1', '05Dec@2']","['DecentralizingAgent', 'DecentralizingAgent']",2,1,AgentMechanismInterface,False,False,True,17,3.836323340423405,0.9,False,False,"(5, 7, 31)",,2,False,,"(5, 7, 31)",f41dc9b0-04a2-4383-a8ee-50e337a47c7a,0,"[('f41dc9b0-04a2-4383-a8ee-50e337a47c7a', (5, 7, 31))]"
270,failed,"['02Dec@1', '05Dec@2']","['DecentralizingAgent', 'DecentralizingAgent']",2,1,AgentMechanismInterface,False,False,True,17,4.1369585590437055,0.9,False,False,"(5, 3, 31)",,2,False,,"(5, 3, 31)",0792cac6-d174-4741-ae53-dbfa98023676,0,"[('0792cac6-d174-4741-ae53-dbfa98023676', (5, 3, 31))]"
271,failed,"['02Dec@1', '05Dec@2']","['DecentralizingAgent', 'DecentralizingAgent']",2,1,AgentMechanismInterface,False,False,True,17,4.305774939246476,0.9,False,False,"(16, 7, 33)",,2,False,,"(16, 7, 33)",9510fbbe-22b0-423a-8631-187351cf91f0,0,"[('9510fbbe-22b0-423a-8631-187351cf91f0', (16, 7, 33))]"
272,failed,"['03MyA@1', '00Ind@0']","['MyAgent', 'IndDecentralizingAgent']",2,1,AgentMechanismInterface,False,False,True,17,2.370381113141775,0.9,False,False,"(8, 2, 9)",,2,False,,"(8, 2, 9)",519dd6dd-3b76-4f38-9a7f-0a5772baca46,0,"[('519dd6dd-3b76-4f38-9a7f-0a5772baca46', (8, 2, 9))]"
273,failed,"['00Ind@0', '03MyA@1']","['IndDecentralizingAgent', 'MyAgent']",2,1,AgentMechanismInterface,False,False,True,17,4.294718541204929,0.9,False,False,"(11, 8, 25)",,2,False,,"(11, 8, 25)",ae01a756-b860-446c-a935-53221eed1c39,0,"[('ae01a756-b860-446c-a935-53221eed1c39', (11, 8, 25))]"
274,failed,"['05Dec@2', '02Dec@1']","['DecentralizingAgent', 'DecentralizingAgent']",3,2,AgentMechanismInterface,False,False,True,1,0.0008687106892466545,0.1,True,False,,,2,False,,,,0,[]
275,failed,"['02Dec@1', '00Ind@0']","['DecentralizingAgent', 'IndDecentralizingAgent']",3,2,AgentMechanismInterface,False,False,True,2,0.5690931128337979,0.15,False,False,"(30, 20, 16)",,2,False,,"(30, 20, 16)",059a06e6-69f4-4f61-9369-019337812885,0,[]
276,failed,"['03MyA@1', '00Ind@0']","['MyAgent', 'IndDecentralizingAgent']",3,2,AgentMechanismInterface,False,False,True,2,3.6785188149660826,0.15,False,False,"(31, 12, 16)",,2,False,,"(31, 12, 16)",c3875b95-6999-4fd5-9290-91c8c30d9f66,0,"[('c3875b95-6999-4fd5-9290-91c8c30d9f66', (31, 12, 16))]"
277,failed,"['03MyA@1', '00Ind@0']","['MyAgent', 'IndDecentralizingAgent']",3,2,AgentMechanismInterface,False,False,True,2,2.6350175263360143,0.15,False,False,"(30, 22, 16)",,2,False,,"(30, 22, 16)",67c47237-1a15-4f94-9420-0942f3c0d9c8,0,[]
278,failed,"['03MyA@1', '01Ran@0']","['MyAgent', 'RandomAgent']",3,2,AgentMechanismInterface,False,False,True,2,0.7700131013989449,0.15,False,False,"(6, 3, 2)",,2,False,,"(6, 3, 2)",6ec4e77e-bf8f-4422-97de-333f85300dc9,0,[]
279,failed,"['03MyA@1', '01Ran@0']","['MyAgent', 'RandomAgent']",3,2,AgentMechanismInterface,False,False,True,2,1.4300889074802399,0.15,False,False,"(14, 5, 8)",,2,False,,"(14, 5, 8)",a8e6d20f-44c4-42f8-83e4-8a5546c7aaef,0,[]
280,failed,"['02Dec@1', '00Ind@0']","['DecentralizingAgent', 'IndDecentralizingAgent']",3,2,AgentMechanismInterface,False,False,True,2,2.4637452447786927,0.15,False,False,"(25, 44, 16)",,2,False,,"(25, 44, 16)",473ebd88-c052-4389-880e-8b4258f51f38,0,[]
281,failed,"['05Dec@2', '02Dec@1']","['DecentralizingAgent', 'DecentralizingAgent']",3,2,AgentMechanismInterface,False,False,True,2,3.4570157527923584,0.15,True,False,,,2,False,,,2d335307-fc50-4b40-850d-ec9c702a68cf,0,[]
282,failed,"['05Dec@2', '02Dec@1']","['DecentralizingAgent', 'DecentralizingAgent']",3,2,AgentMechanismInterface,False,False,True,2,2.2923435447737575,0.15,True,False,,,2,False,,,3ad65a13-40bf-4741-94d8-8be26d91a3fe,0,[]
283,failed,"['02Dec@1', '01Ran@0']","['DecentralizingAgent', 'RandomAgent']",3,2,AgentMechanismInterface,False,False,True,2,3.1381403589621186,0.15,False,False,"(14, 14, 2)",,2,False,,"(14, 14, 2)",31917158-5ec4-4037-9641-ec1587c93b1c,0,"[('31917158-5ec4-4037-9641-ec1587c93b1c', (14, 14, 2))]"
284,failed,"['02Dec@1', '00Ind@0']","['DecentralizingAgent', 'IndDecentralizingAgent']",3,2,AgentMechanismInterface,False,False,True,2,3.2982557229697704,0.15,False,False,"(20, 27, 16)",,2,False,,"(20, 27, 16)",d3ac8e8c-596a-411d-9e1b-8ab737fb4d9a,0,[]
285,failed,"['02Dec@1', '01Ran@0']","['DecentralizingAgent', 'RandomAgent']",3,2,AgentMechanismInterface,False,False,True,2,0.9998648315668106,0.15,False,False,"(10, 10, 5)",,2,False,,"(10, 10, 5)",5952458f-b5d2-418d-8f05-5def1a4fa8c9,0,[]
286,failed,"['03MyA@1', '01Ran@0']","['MyAgent', 'RandomAgent']",3,2,AgentMechanismInterface,False,False,True,2,1.178925515152514,0.15,False,False,"(4, 20, 11)",,2,False,,"(4, 20, 11)",d2d3142b-548b-4d7d-b33a-881c04087b1c,0,[]
287,failed,"['02Dec@1', '00Ind@0']","['DecentralizingAgent', 'IndDecentralizingAgent']",3,2,AgentMechanismInterface,False,False,True,2,3.459253673441708,0.15,False,False,"(19, 45, 16)",,2,False,,"(19, 45, 16)",96a3b804-8e88-4825-b1d1-a0101ffb497a,0,[]
288,failed,"['03MyA@1', '00Ind@0']","['MyAgent', 'IndDecentralizingAgent']",3,2,AgentMechanismInterface,False,False,True,2,2.010188818909228,0.15,False,False,"(47, 48, 16)",,2,False,,"(47, 48, 16)",59a6de8e-c0dc-4cf6-b0c6-0dea4637b355,0,"[('59a6de8e-c0dc-4cf6-b0c6-0dea4637b355', (47, 48, 16))]"
289,failed,"['02Dec@1', '00Ind@0']","['DecentralizingAgent', 'IndDecentralizingAgent']",3,2,AgentMechanismInterface,False,False,True,2,2.617781621403992,0.15,True,False,,,2,False,,,dc762628-ebe7-4c25-aab0-60207b9f1b45,0,[]
290,failed,"['02Dec@1', '01Ran@0']","['DecentralizingAgent', 'RandomAgent']",3,2,AgentMechanismInterface,False,False,True,2,2.883753194473684,0.15,False,False,"(2, 6, 12)",,2,False,,"(2, 6, 12)",3532fb8c-a6ae-4ddd-b4c0-ed36d48faa96,0,[]
291,failed,"['03MyA@1', '01Ran@0']","['MyAgent', 'RandomAgent']",3,2,AgentMechanismInterface,False,False,True,2,1.4875944321975112,0.15,False,False,"(26, 15, 15)",,2,False,,"(26, 15, 15)",30193c7f-87fd-4ddd-990e-942b2f99f85a,0,"[('30193c7f-87fd-4ddd-990e-942b2f99f85a', (26, 15, 15))]"
292,failed,"['02Dec@1', '00Ind@0']","['DecentralizingAgent', 'IndDecentralizingAgent']",3,2,AgentMechanismInterface,False,False,True,2,3.643266547471285,0.15,False,False,"(23, 19, 16)",,2,False,,"(23, 19, 16)",80b05f3d-6c9a-401f-8639-f5367589b176,0,[]
293,failed,"['03MyA@1', '00Ind@0']","['MyAgent', 'IndDecentralizingAgent']",3,2,AgentMechanismInterface,False,False,True,2,3.0663711884990335,0.15,False,False,"(15, 23, 16)",,2,False,,"(15, 23, 16)",56c3a7ef-1ae3-4b06-ae10-e464601a2ca0,0,"[('56c3a7ef-1ae3-4b06-ae10-e464601a2ca0', (15, 23, 16))]"
294,failed,"['03MyA@1', '01Ran@0']","['MyAgent', 'RandomAgent']",3,2,AgentMechanismInterface,False,False,True,2,1.3901727283373475,0.15,False,False,"(4, 10, 2)",,2,False,,"(4, 10, 2)",482fa71c-dc89-4248-824e-671d5d3822c9,0,[]
295,failed,"['00Ind@0', '03MyA@1']","['IndDecentralizingAgent', 'MyAgent']",3,2,AgentMechanismInterface,False,False,True,2,1.0904291803017259,0.15,True,False,,,2,False,,"(7, 47, 32)",50bc050e-be3e-4e92-95e8-0a5561c7b8d2,0,[]
296,failed,"['02Dec@1', '01Ran@0']","['DecentralizingAgent', 'RandomAgent']",3,2,AgentMechanismInterface,False,False,True,2,3.7733856150880456,0.15,False,False,"(2, 20, 11)",,2,False,,"(2, 20, 11)",2eff181d-ac17-4b97-8f03-21e8144feb5d,0,[]
297,failed,"['03MyA@1', '00Ind@0']","['MyAgent', 'IndDecentralizingAgent']",3,2,AgentMechanismInterface,False,False,True,2,3.768975008279085,0.15,False,False,"(23, 29, 16)",,2,False,,"(23, 29, 16)",c3ed2511-90aa-4866-be0c-68a430212dd4,0,"[('c3ed2511-90aa-4866-be0c-68a430212dd4', (23, 29, 16))]"
298,failed,"['04Ran@2', '02Dec@1']","['RandomAgent', 'DecentralizingAgent']",3,2,AgentMechanismInterface,False,False,True,2,3.5959661919623613,0.15,True,False,,,2,False,,"(1, 14, 4)",9bf02b86-9bcd-47cf-af19-5e8a8ab91575,0,[]
299,failed,"['02Dec@1', '00Ind@0']","['DecentralizingAgent', 'IndDecentralizingAgent']",3,2,AgentMechanismInterface,False,False,True,2,1.3512987866997719,0.15,True,False,,,2,False,,,49c52b9c-9d87-453a-bc38-c149cc8b0298,0,[]
300,failed,"['02Dec@1', '00Ind@0']","['DecentralizingAgent', 'IndDecentralizingAgent']",3,2,AgentMechanismInterface,False,False,True,2,1.2149621732532978,0.15,True,False,,,2,False,,,690e6756-35d0-4c8d-801f-8d5d6289a7ae,0,[]
301,failed,"['02Dec@1', '01Ran@0']","['DecentralizingAgent', 'RandomAgent']",3,2,AgentMechanismInterface,False,False,True,2,1.7317171357572079,0.15,False,False,"(14, 16, 4)",,2,False,,"(14, 16, 4)",9cbe03b4-7cec-49a6-82ad-345325bb3a21,0,[]
302,failed,"['03MyA@1', '00Ind@0']","['MyAgent', 'IndDecentralizingAgent']",3,2,AgentMechanismInterface,False,False,True,2,0.5064909756183624,0.15,False,False,"(22, 37, 16)",,2,False,,"(22, 37, 16)",d4a9f572-ab56-4374-a6fb-01f35adb0750,0,"[('d4a9f572-ab56-4374-a6fb-01f35adb0750', (22, 37, 16))]"
303,failed,"['03MyA@1', '01Ran@0']","['MyAgent', 'RandomAgent']",3,2,AgentMechanismInterface,False,False,True,2,2.8978961249813437,0.15,False,False,"(3, 15, 15)",,2,False,,"(3, 15, 15)",9fd39fe9-992b-42d0-bff3-f86718927518,0,"[('9fd39fe9-992b-42d0-bff3-f86718927518', (3, 15, 15))]"
304,failed,"['02Dec@1', '01Ran@0']","['DecentralizingAgent', 'RandomAgent']",3,2,AgentMechanismInterface,False,False,True,2,3.1201972207054496,0.15,False,False,"(23, 28, 16)",,2,False,,"(23, 28, 16)",b42c377e-e677-4f34-8101-ddab807da165,0,"[('b42c377e-e677-4f34-8101-ddab807da165', (23, 28, 16))]"
305,failed,"['05Dec@2', '03MyA@1']","['DecentralizingAgent', 'MyAgent']",3,2,AgentMechanismInterface,False,False,True,2,2.9321578359231353,0.15,True,False,,,2,False,,"(8, 7, 21)",9318dad8-dce2-4aa9-a472-a755fa016c91,0,[]
306,failed,"['03MyA@1', '00Ind@0']","['MyAgent', 'IndDecentralizingAgent']",3,2,AgentMechanismInterface,False,False,True,2,2.4752759663388133,0.15,False,False,"(38, 33, 16)",,2,False,,"(38, 33, 16)",b74977d6-c7a8-46e9-85eb-26989fa7f438,0,[]
307,failed,"['02Dec@1', '00Ind@0']","['DecentralizingAgent', 'IndDecentralizingAgent']",3,2,AgentMechanismInterface,False,False,True,2,4.098873518407345,0.15,True,False,,,2,False,,,ac3e4030-b506-420f-89b1-e770baa34c74,0,[]
308,failed,"['03MyA@1', '01Ran@0']","['MyAgent', 'RandomAgent']",3,2,AgentMechanismInterface,False,False,True,2,1.3566381027922034,0.15,False,False,"(6, 6, 6)",,2,False,,"(6, 6, 6)",ae00ba3c-c2b1-4a0a-92e4-eb861ecf03fb,0,[]
309,failed,"['03MyA@1', '01Ran@0']","['MyAgent', 'RandomAgent']",3,2,AgentMechanismInterface,False,False,True,2,1.0944472281262279,0.15,True,False,,,2,False,,,9d8b5c08-df34-4856-9fa8-f27977efbcbc,0,[]
310,failed,"['03MyA@1', '01Ran@0']","['MyAgent', 'RandomAgent']",3,2,AgentMechanismInterface,False,False,True,2,0.785058013163507,0.15,False,False,"(21, 24, 11)",,2,False,,"(21, 24, 11)",9a36f5b7-74ba-4ae9-aec7-ed05ef0bd2c8,0,[]
311,failed,"['03MyA@1', '01Ran@0']","['MyAgent', 'RandomAgent']",3,2,AgentMechanismInterface,False,False,True,2,2.359276599250734,0.15,False,False,"(1, 8, 12)",,2,False,,"(1, 8, 12)",3ea26a99-e062-424e-bc27-2a66b07fe51f,0,"[('3ea26a99-e062-424e-bc27-2a66b07fe51f', (1, 8, 12))]"
312,failed,"['02Dec@1', '00Ind@0']","['DecentralizingAgent', 'IndDecentralizingAgent']",3,2,AgentMechanismInterface,False,False,True,2,1.9030936378985643,0.15,True,False,,,2,False,,"(15, 7, 16)",39607f7f-fb03-4ba8-a90b-627f538914fa,0,[]
313,failed,"['02Dec@1', '00Ind@0']","['DecentralizingAgent', 'IndDecentralizingAgent']",3,2,AgentMechanismInterface,False,False,True,2,1.50980484765023,0.15,True,False,,,2,False,,,e36f1075-c99f-42fc-87bd-418998fd6c7d,0,[]
314,failed,"['02Dec@1', '01Ran@0']","['DecentralizingAgent', 'RandomAgent']",3,2,AgentMechanismInterface,False,False,True,2,3.0164478961378336,0.15,False,False,"(13, 25, 2)",,2,False,,"(13, 25, 2)",478946ad-438f-42b9-aaff-a8cdbaaf9f0d,0,[]
315,failed,"['04Ran@2', '02Dec@1']","['RandomAgent', 'DecentralizingAgent']",3,2,AgentMechanismInterface,False,False,True,2,3.4827889231964946,0.15,True,False,,,2,False,,,6127c98f-6a61-41db-a8e8-0da41b5cfc6d,0,[]
316,failed,"['03MyA@1', '01Ran@0']","['MyAgent', 'RandomAgent']",3,2,AgentMechanismInterface,False,False,True,2,2.910674582235515,0.15,False,False,"(22, 18, 4)",,2,False,,"(22, 18, 4)",b6b49d19-28ec-4da8-ba8e-bce303487c83,0,[]
317,failed,"['03MyA@1', '01Ran@0']","['MyAgent', 'RandomAgent']",3,2,AgentMechanismInterface,False,False,True,2,3.5704535404220223,0.15,False,False,"(11, 6, 12)",,2,False,,"(11, 6, 12)",95756dce-f022-4c29-8140-c789e1ae35e3,0,"[('95756dce-f022-4c29-8140-c789e1ae35e3', (11, 6, 12))]"
318,failed,"['03MyA@1', '00Ind@0']","['MyAgent', 'IndDecentralizingAgent']",3,2,AgentMechanismInterface,False,False,True,2,4.179977715946734,0.15,False,False,"(24, 16, 16)",,2,False,,"(24, 16, 16)",87db0ad6-1d6c-439c-81cd-fb199530b354,0,"[('87db0ad6-1d6c-439c-81cd-fb199530b354', (24, 16, 16))]"
319,failed,"['02Dec@1', '00Ind@0']","['DecentralizingAgent', 'IndDecentralizingAgent']",3,2,AgentMechanismInterface,False,False,True,2,3.8658706936985254,0.15,True,False,,,2,False,,"(1, 12, 16)",c0a7d279-3a67-4bcd-aaa4-a53aba0be196,0,[]
320,failed,"['03MyA@1', '00Ind@0']","['MyAgent', 'IndDecentralizingAgent']",3,2,AgentMechanismInterface,False,False,True,2,1.0414218362420797,0.15,True,False,,,2,False,,"(7, 13, 16)",f212e2c5-38e1-4bae-a96f-b0b298474f66,0,[]
321,failed,"['02Dec@1', '00Ind@0']","['DecentralizingAgent', 'IndDecentralizingAgent']",3,2,AgentMechanismInterface,False,False,True,2,1.0275350017473102,0.15,False,False,"(25, 37, 16)",,2,False,,"(25, 37, 16)",afd91357-282c-492d-b3eb-ad91859bb233,0,"[('afd91357-282c-492d-b3eb-ad91859bb233', (25, 37, 16))]"
322,failed,"['04Ran@2', '03MyA@1']","['RandomAgent', 'MyAgent']",3,2,AgentMechanismInterface,False,False,True,2,1.3133425023406744,0.15,True,False,,,2,False,,"(2, 4, 6)",22d7f754-ec61-44c5-a0cb-590eed0688d4,0,"[('22d7f754-ec61-44c5-a0cb-590eed0688d4', (2, 4, 6))]"
323,failed,"['02Dec@1', '00Ind@0']","['DecentralizingAgent', 'IndDecentralizingAgent']",3,2,AgentMechanismInterface,False,False,True,2,3.5065489262342453,0.15,False,False,"(14, 15, 16)",,2,False,,"(14, 15, 16)",6b3c7827-af91-450b-bf21-28044c9d6fe3,0,"[('6b3c7827-af91-450b-bf21-28044c9d6fe3', (14, 15, 16))]"
324,failed,"['02Dec@1', '01Ran@0']","['DecentralizingAgent', 'RandomAgent']",3,2,AgentMechanismInterface,False,False,True,4,2.039838580414653,0.25,False,False,"(2, 3, 11)",,2,False,,"(2, 3, 11)",1da3dde8-f282-4fde-9be3-7190d678d0d2,0,[]
325,failed,"['02Dec@1', '04Ran@2']","['DecentralizingAgent', 'RandomAgent']",3,2,AgentMechanismInterface,False,False,True,10,1.7302325963974,0.55,False,False,"(3, 6, 42)",,2,False,,"(3, 6, 42)",8cf6cf9f-2e50-4a6a-83a6-dcf1a2ee6b9d,0,[]
326,failed,"['02Dec@1', '04Ran@2']","['DecentralizingAgent', 'RandomAgent']",3,2,AgentMechanismInterface,False,False,True,11,2.637940882705152,0.6,False,False,"(4, 12, 42)",,2,False,,"(4, 12, 42)",e7aa272a-b8ae-487c-95c7-5e562ed49dd0,0,[]
327,failed,"['02Dec@1', '01Ran@0']","['DecentralizingAgent', 'RandomAgent']",3,2,AgentMechanismInterface,False,False,True,11,1.2597943404689431,0.6,False,False,"(4, 7, 1)",,2,False,,"(4, 7, 1)",820a0e1c-e93c-41b8-a1de-71d59edbb395,0,[]
328,failed,"['02Dec@1', '01Ran@0']","['DecentralizingAgent', 'RandomAgent']",3,2,AgentMechanismInterface,False,False,True,11,1.3647229969501495,0.6,False,False,"(1, 9, 1)",,2,False,,"(1, 9, 1)",4ad4340c-6b84-4ec5-9370-f11f6f8fa7ca,0,[]
329,failed,"['02Dec@1', '01Ran@0']","['DecentralizingAgent', 'RandomAgent']",3,2,AgentMechanismInterface,False,False,True,12,4.352523836307228,0.65,False,False,"(5, 19, 1)",,2,False,,"(5, 19, 1)",7db9fd5f-e91b-4979-8cc8-66d35fc8193b,0,[]
330,failed,"['02Dec@1', '01Ran@0']","['DecentralizingAgent', 'RandomAgent']",3,2,AgentMechanismInterface,False,False,True,12,1.8860730808228254,0.65,False,False,"(5, 28, 1)",,2,False,,"(5, 28, 1)",03292a42-a664-455a-ac7e-9d5a6235d018,0,"[('03292a42-a664-455a-ac7e-9d5a6235d018', (5, 28, 1))]"
331,failed,"['02Dec@1', '00Ind@0']","['DecentralizingAgent', 'IndDecentralizingAgent']",3,2,AgentMechanismInterface,False,False,True,12,1.7010181359946728,0.65,True,False,,,2,False,,"(5, 20, 15)",b26b5c7f-ebbc-41b9-bef5-b5b6e6978247,0,[]
332,failed,"['02Dec@1', '00Ind@0']","['DecentralizingAgent', 'IndDecentralizingAgent']",3,2,AgentMechanismInterface,False,False,True,12,1.4848897475749254,0.65,True,False,,,2,False,,"(5, 43, 14)",d126811c-f427-4133-b859-0b81ef531e20,0,"[('d126811c-f427-4133-b859-0b81ef531e20', (5, 43, 14))]"
333,failed,"['02Dec@1', '01Ran@0']","['DecentralizingAgent', 'RandomAgent']",3,2,AgentMechanismInterface,False,False,True,13,1.8169850129634142,0.7,False,False,"(5, 27, 1)",,2,False,,"(5, 27, 1)",68271650-24fa-4e03-9d28-b4e691921f46,0,[]
334,failed,"['02Dec@1', '01Ran@0']","['DecentralizingAgent', 'RandomAgent']",3,2,AgentMechanismInterface,False,False,True,13,3.6807099683210254,0.7,False,False,"(10, 4, 3)",,2,False,,"(10, 4, 3)",6d28ebde-dc7b-485f-a4f9-2c826d45be5a,0,[]
335,failed,"['02Dec@1', '00Ind@0']","['DecentralizingAgent', 'IndDecentralizingAgent']",3,2,AgentMechanismInterface,False,False,True,13,1.5396797470748425,0.7,True,False,,,2,False,,"(5, 36, 13)",7202bce8-921e-4b6b-a917-e4be83221bc8,0,"[('7202bce8-921e-4b6b-a917-e4be83221bc8', (5, 36, 13))]"
336,failed,"['02Dec@1', '01Ran@0']","['DecentralizingAgent', 'RandomAgent']",3,2,AgentMechanismInterface,False,False,True,14,1.5757099837064743,0.75,False,False,"(5, 28, 1)",,2,False,,"(5, 28, 1)",1f2239b3-6c5b-40f0-9cc1-8c28aaee0b85,0,[]
337,failed,"['02Dec@1', '01Ran@0']","['DecentralizingAgent', 'RandomAgent']",3,2,AgentMechanismInterface,False,False,True,14,3.0102236149832606,0.75,False,False,"(1, 3, 2)",,2,False,,"(1, 3, 2)",48cdd80d-3545-4cbb-a10d-7e895a088de1,0,[]
338,failed,"['02Dec@1', '00Ind@0']","['DecentralizingAgent', 'IndDecentralizingAgent']",3,2,AgentMechanismInterface,False,False,True,14,3.745598475448787,0.75,True,False,,,2,False,,"(10, 11, 12)",0c1d8e85-3cf0-4d3a-a435-c9ad66869615,0,"[('0c1d8e85-3cf0-4d3a-a435-c9ad66869615', (10, 11, 12))]"
339,failed,"['02Dec@1', '01Ran@0']","['DecentralizingAgent', 'RandomAgent']",3,2,AgentMechanismInterface,False,False,True,14,2.7414895771071315,0.75,False,False,"(2, 26, 3)",,2,False,,"(2, 26, 3)",9c53a777-e582-4898-805a-8c28a3abdd1e,0,"[('9c53a777-e582-4898-805a-8c28a3abdd1e', (2, 26, 3))]"
340,failed,"['02Dec@1', '00Ind@0']","['DecentralizingAgent', 'IndDecentralizingAgent']",3,2,AgentMechanismInterface,False,False,True,14,3.383276814594865,0.75,True,False,,,2,False,,"(5, 35, 12)",1fc0ef11-2aa1-4dc8-8483-dbc1c82ae1dc,0,"[('1fc0ef11-2aa1-4dc8-8483-dbc1c82ae1dc', (5, 35, 12))]"
341,failed,"['02Dec@1', '01Ran@0']","['DecentralizingAgent', 'RandomAgent']",3,2,AgentMechanismInterface,False,False,True,14,2.7355130929499865,0.75,False,False,"(1, 4, 2)",,2,False,,"(1, 4, 2)",c9dc5660-7fde-43bb-bca4-1a561be348d6,0,"[('c9dc5660-7fde-43bb-bca4-1a561be348d6', (1, 4, 2))]"
342,failed,"['02Dec@1', '00Ind@0']","['DecentralizingAgent', 'IndDecentralizingAgent']",3,2,AgentMechanismInterface,False,False,True,14,1.9081035237759352,0.75,True,False,,,2,False,,"(2, 33, 13)",cb8d1c7f-af7b-4a6d-8f3c-07a5315c1701,0,[]
343,failed,"['02Dec@1', '01Ran@0']","['DecentralizingAgent', 'RandomAgent']",3,2,AgentMechanismInterface,False,False,True,15,3.8268306255340576,0.8,False,False,"(5, 45, 3)",,2,False,,"(5, 45, 3)",6b08bb79-47b7-4088-a5fe-99e3294a0f0d,0,"[('6b08bb79-47b7-4088-a5fe-99e3294a0f0d', (5, 45, 3))]"
344,failed,"['02Dec@1', '00Ind@0']","['DecentralizingAgent', 'IndDecentralizingAgent']",3,2,AgentMechanismInterface,False,False,True,15,3.0905708530917764,0.8,True,False,,,2,False,,"(5, 44, 10)",759dc6fc-a1eb-4ebf-872e-a6815e98d95c,0,"[('759dc6fc-a1eb-4ebf-872e-a6815e98d95c', (5, 44, 10))]"
345,failed,"['02Dec@1', '05Dec@2']","['DecentralizingAgent', 'DecentralizingAgent']",3,2,AgentMechanismInterface,False,False,True,17,1.1803924031555653,0.9,False,False,"(5, 9, 31)",,2,False,,"(5, 9, 31)",48e2e00f-934f-4737-8dca-de87197e08de,0,"[('48e2e00f-934f-4737-8dca-de87197e08de', (5, 9, 31))]"
346,failed,"['02Dec@1', '00Ind@0']","['DecentralizingAgent', 'IndDecentralizingAgent']",3,2,AgentMechanismInterface,False,False,True,17,1.7953827492892742,0.9,False,False,"(5, 11, 9)",,2,False,,"(5, 11, 9)",53fbaec2-75aa-4f93-81fc-94434a7a160c,0,"[('53fbaec2-75aa-4f93-81fc-94434a7a160c', (5, 11, 9))]"
347,failed,"['02Dec@1', '00Ind@0']","['DecentralizingAgent', 'IndDecentralizingAgent']",3,2,AgentMechanismInterface,False,False,True,17,2.016862909309566,0.9,False,False,"(5, 6, 8)",,2,False,,"(5, 6, 8)",e26ca60d-4cba-41f9-83c9-87cc40d28465,0,"[('e26ca60d-4cba-41f9-83c9-87cc40d28465', (5, 6, 8))]"
348,failed,"['02Dec@1', '00Ind@0']","['DecentralizingAgent', 'IndDecentralizingAgent']",3,2,AgentMechanismInterface,False,False,True,17,4.568810798227787,0.9,False,False,"(5, 27, 7)",,2,False,,"(5, 27, 7)",c6a615a8-3d53-4b7d-a246-6f9c852fd414,0,"[('c6a615a8-3d53-4b7d-a246-6f9c852fd414', (5, 27, 7))]"
349,failed,"['02Dec@1', '05Dec@2']","['DecentralizingAgent', 'DecentralizingAgent']",3,2,AgentMechanismInterface,False,False,True,17,3.18932231515646,0.9,False,False,"(5, 9, 32)",,2,False,,"(5, 9, 32)",dbe126fb-31e6-43de-857e-08681842331c,0,"[('dbe126fb-31e6-43de-857e-08681842331c', (5, 9, 32))]"
350,failed,"['02Dec@1', '00Ind@0']","['DecentralizingAgent', 'IndDecentralizingAgent']",3,2,AgentMechanismInterface,False,False,True,17,2.93085624743253,0.9,False,False,"(5, 5, 8)",,2,False,,"(5, 5, 8)",72da1f60-dc87-47fc-ad52-f52db9f685c9,0,"[('72da1f60-dc87-47fc-ad52-f52db9f685c9', (5, 5, 8))]"
351,failed,"['03MyA@1', '01Ran@0']","['MyAgent', 'RandomAgent']",4,3,AgentMechanismInterface,False,False,True,2,0.5792213510721922,0.15,False,False,"(10, 24, 9)",,2,False,,"(10, 24, 9)",950b7dbb-551b-4893-bd83-14bb356d59f4,0,[]
352,failed,"['05Dec@2', '02Dec@1']","['DecentralizingAgent', 'DecentralizingAgent']",4,3,AgentMechanismInterface,False,False,True,2,0.9241289310157299,0.15,True,False,,,2,False,,"(9, 8, 21)",e189c076-d3da-4029-a653-f3632ca8c6b0,0,[]
353,failed,"['02Dec@1', '01Ran@0']","['DecentralizingAgent', 'RandomAgent']",4,3,AgentMechanismInterface,False,False,True,2,0.40747356973588467,0.15,True,False,,,2,False,,,3eb2ec15-2a14-4251-9dd4-f3dc9037c359,0,[]
354,failed,"['02Dec@1', '00Ind@0']","['DecentralizingAgent', 'IndDecentralizingAgent']",4,3,AgentMechanismInterface,False,False,True,2,0.49229657277464867,0.15,True,False,,,2,False,,,8bd146e9-0cdb-413a-97f9-da8031454ef3,0,[]
355,failed,"['02Dec@1', '00Ind@0']","['DecentralizingAgent', 'IndDecentralizingAgent']",4,3,AgentMechanismInterface,False,False,True,2,0.5124373007565737,0.15,True,False,,,2,False,,"(5, 16, 16)",13da5ba6-9998-4125-a56b-a3f49f933229,0,[]
356,failed,"['02Dec@1', '01Ran@0']","['DecentralizingAgent', 'RandomAgent']",4,3,AgentMechanismInterface,False,False,True,2,0.698448090814054,0.15,True,False,,,2,False,,,fb7b942d-0eea-4ad3-86d6-f4b609557145,0,[]
357,failed,"['02Dec@1', '00Ind@0']","['DecentralizingAgent', 'IndDecentralizingAgent']",4,3,AgentMechanismInterface,False,False,True,2,0.724034171551466,0.15,True,False,,,2,False,,"(3, 33, 16)",a51f898d-e4ee-468a-b4cb-6cecd9a721cd,0,[]
358,failed,"['02Dec@1', '01Ran@0']","['DecentralizingAgent', 'RandomAgent']",4,3,AgentMechanismInterface,False,False,True,2,0.8509848853573203,0.15,True,False,,,2,False,,,1194acd3-39fd-4e08-a3a6-39a38e78e770,0,[]
359,failed,"['02Dec@1', '00Ind@0']","['DecentralizingAgent', 'IndDecentralizingAgent']",4,3,AgentMechanismInterface,False,False,True,2,0.19512047432363033,0.15,True,False,,,2,False,,"(1, 25, 16)",969e2dbd-7db4-4ad8-a06b-5f1e2f87b341,0,[]
360,failed,"['03MyA@1', '00Ind@0']","['MyAgent', 'IndDecentralizingAgent']",4,3,AgentMechanismInterface,False,False,True,2,0.8620567480102181,0.15,True,False,,,2,False,,,7148f68f-6fa6-4792-a71e-42e6f4591281,0,[]
361,failed,"['04Ran@2', '03MyA@1']","['RandomAgent', 'MyAgent']",4,3,AgentMechanismInterface,False,False,True,2,0.6986558213829994,0.15,True,False,,,2,False,,"(9, 16, 3)",25e0da4d-9010-4616-be53-6cda50b28119,0,[]
362,failed,"['03MyA@1', '00Ind@0']","['MyAgent', 'IndDecentralizingAgent']",4,3,AgentMechanismInterface,False,False,True,2,0.8645585458725691,0.15,True,False,,,2,False,,"(1, 17, 16)",d0af60f0-6d08-4df5-8519-641e7cbc9d39,0,[]
363,failed,"['05Dec@2', '02Dec@1']","['DecentralizingAgent', 'DecentralizingAgent']",4,3,AgentMechanismInterface,False,False,True,2,0.3136177398264408,0.15,False,False,"(9, 8, 21)",,2,False,,"(9, 8, 21)",9c2ba1e7-efc5-4429-8e36-4020ff3a4582,0,"[('9c2ba1e7-efc5-4429-8e36-4020ff3a4582', (9, 8, 21))]"
364,failed,"['03MyA@1', '00Ind@0']","['MyAgent', 'IndDecentralizingAgent']",4,3,AgentMechanismInterface,False,False,True,2,0.44280778989195824,0.15,True,False,,,2,False,,"(9, 19, 16)",7c0b836d-2d7c-441e-9607-966e31b94930,0,[]
365,failed,"['03MyA@1', '01Ran@0']","['MyAgent', 'RandomAgent']",4,3,AgentMechanismInterface,False,False,True,2,0.2603772906586528,0.15,False,False,"(6, 4, 5)",,2,False,,"(6, 4, 5)",e26875dc-c769-4667-b43b-14c803f4e904,0,[]
366,failed,"['02Dec@1', '01Ran@0']","['DecentralizingAgent', 'RandomAgent']",4,3,AgentMechanismInterface,False,False,True,2,0.2608312014490366,0.15,True,False,,,2,False,,,0546973b-2728-4f16-ad3e-b584543322bb,0,[]
367,failed,"['03MyA@1', '01Ran@0']","['MyAgent', 'RandomAgent']",4,3,AgentMechanismInterface,False,False,True,2,0.33598706405609846,0.15,False,False,"(10, 13, 15)",,2,False,,"(10, 13, 15)",0664ce7e-96e8-4b91-8764-7ca6e4aef144,0,[]
368,failed,"['02Dec@1', '00Ind@0']","['DecentralizingAgent', 'IndDecentralizingAgent']",4,3,AgentMechanismInterface,False,False,True,2,0.3489313116297126,0.15,True,False,,,2,False,,,1d1e42b5-27e7-44b8-be0a-9fd1f216acb8,0,[]
369,failed,"['03MyA@1', '00Ind@0']","['MyAgent', 'IndDecentralizingAgent']",4,3,AgentMechanismInterface,False,False,True,2,0.664857042953372,0.15,True,False,,,2,False,,,bb72373a-b50e-4aaf-b81a-20712781fd66,0,[]
370,failed,"['03MyA@1', '01Ran@0']","['MyAgent', 'RandomAgent']",4,3,AgentMechanismInterface,False,False,True,2,0.5838137194514275,0.15,True,False,,,2,False,,,d4acc3d9-0ee6-469e-9a25-4999af7a6771,0,[]
371,failed,"['05Dec@2', '03MyA@1']","['DecentralizingAgent', 'MyAgent']",4,3,AgentMechanismInterface,False,False,True,2,0.8134775618091226,0.15,True,False,,,2,False,,,7777d02f-ebc6-4d18-98be-e35610d17a28,0,[]
372,failed,"['03MyA@1', '01Ran@0']","['MyAgent', 'RandomAgent']",4,3,AgentMechanismInterface,False,False,True,2,0.4175026277080178,0.15,True,False,,,2,False,,"(11, 6, 16)",ccaaad7a-9ea7-49a9-a343-7f85e8f048b5,0,[]
373,failed,"['03MyA@1', '01Ran@0']","['MyAgent', 'RandomAgent']",4,3,AgentMechanismInterface,False,False,True,2,0.30208817031234503,0.15,False,False,"(14, 8, 16)",,2,False,,"(14, 8, 16)",8855e7c9-f543-4af0-99bc-fa0bbf32a997,0,[]
374,failed,"['02Dec@1', '00Ind@0']","['DecentralizingAgent', 'IndDecentralizingAgent']",4,3,AgentMechanismInterface,False,False,True,2,0.9844801528379321,0.15,True,False,,,2,False,,,70daa7c4-ca19-4e83-834a-40208aad33dc,0,[]
375,failed,"['03MyA@1', '00Ind@0']","['MyAgent', 'IndDecentralizingAgent']",4,3,AgentMechanismInterface,False,False,True,2,1.2717442698776722,0.15,False,False,"(22, 42, 16)",,2,False,,"(22, 42, 16)",c9b0d7a6-dd07-475f-96d7-ada0898ba82d,0,"[('c9b0d7a6-dd07-475f-96d7-ada0898ba82d', (22, 42, 16))]"
376,failed,"['02Dec@1', '00Ind@0']","['DecentralizingAgent', 'IndDecentralizingAgent']",4,3,AgentMechanismInterface,False,False,True,2,1.0050951866433024,0.15,True,False,,,2,False,,"(15, 7, 16)",8a21b714-8f0a-4f6d-a0bd-f17c40608af5,0,[]
377,failed,"['05Dec@2', '02Dec@1']","['DecentralizingAgent', 'DecentralizingAgent']",4,3,AgentMechanismInterface,False,False,True,2,0.3080863105133176,0.15,False,False,"(9, 8, 21)",,2,False,,"(9, 8, 21)",9ec968b4-d1bd-430f-b36d-73bb6c351cd7,0,[]
378,failed,"['02Dec@1', '00Ind@0']","['DecentralizingAgent', 'IndDecentralizingAgent']",4,3,AgentMechanismInterface,False,False,True,2,0.7201762609183788,0.15,True,False,,,2,False,,,f3691265-48bd-45ec-b41c-f214b6ab8e2d,0,[]
379,failed,"['02Dec@1', '00Ind@0']","['DecentralizingAgent', 'IndDecentralizingAgent']",4,3,AgentMechanismInterface,False,False,True,2,0.7641746290028095,0.15,True,False,,,2,False,,,0dbc47ee-eff3-40e6-b99c-d6ca6cab2426,0,[]
380,failed,"['05Dec@2', '03MyA@1']","['DecentralizingAgent', 'MyAgent']",4,3,AgentMechanismInterface,False,False,True,2,1.0535901430994272,0.15,True,False,,,2,False,,,6227fced-e554-456d-b129-58f0e226e053,0,[]
381,failed,"['05Dec@2', '03MyA@1']","['DecentralizingAgent', 'MyAgent']",4,3,AgentMechanismInterface,False,False,True,2,0.3874373650178313,0.15,True,False,,,2,False,,"(16, 7, 21)",441d01a1-9072-422c-98f2-24ccb1a58598,0,[]
382,failed,"['04Ran@2', '03MyA@1']","['RandomAgent', 'MyAgent']",4,3,AgentMechanismInterface,False,False,True,2,1.1496310038492084,0.15,True,False,,,2,False,,"(3, 7, 18)",ab76cefa-7c54-4972-9f53-aabd70c59832,0,"[('ab76cefa-7c54-4972-9f53-aabd70c59832', (3, 7, 18))]"
383,failed,"['03MyA@1', '00Ind@0']","['MyAgent', 'IndDecentralizingAgent']",4,3,AgentMechanismInterface,False,False,True,2,0.7254487769678235,0.15,True,False,,,2,False,,,f121668f-18eb-49a8-b8f9-1190e7693ddf,0,[]
384,failed,"['03MyA@1', '00Ind@0']","['MyAgent', 'IndDecentralizingAgent']",4,3,AgentMechanismInterface,False,False,True,2,0.48110581282526255,0.15,False,False,"(14, 18, 16)",,2,False,,"(14, 18, 16)",b3c27731-fb35-4ea0-8da9-6a3cb8602c9a,0,[]
385,failed,"['02Dec@1', '00Ind@0']","['DecentralizingAgent', 'IndDecentralizingAgent']",4,3,AgentMechanismInterface,False,False,True,6,0.4307230105623603,0.35,False,False,"(18, 13, 16)",,2,False,,"(18, 13, 16)",b150d000-1bac-458f-86f2-60f768f56470,0,"[('b150d000-1bac-458f-86f2-60f768f56470', (18, 13, 16))]"
386,failed,"['04Ran@2', '02Dec@1']","['RandomAgent', 'DecentralizingAgent']",4,3,AgentMechanismInterface,False,False,True,7,1.129543841816485,0.4,False,False,"(9, 7, 21)",,2,False,,"(9, 7, 21)",ac17c16d-7556-4f9b-ae7b-93cbcc890ff2,0,[]
387,failed,"['04Ran@2', '02Dec@1']","['RandomAgent', 'DecentralizingAgent']",4,3,AgentMechanismInterface,False,False,True,10,1.2418987462297082,0.55,False,False,"(9, 5, 20)",,2,False,,"(9, 5, 20)",ee5bba29-3e8a-451d-bccd-31e550d13d34,0,"[('ee5bba29-3e8a-451d-bccd-31e550d13d34', (9, 5, 20))]"
388,failed,"['02Dec@1', '01Ran@0']","['DecentralizingAgent', 'RandomAgent']",4,3,AgentMechanismInterface,False,False,True,12,1.3280054274946451,0.65,False,False,"(1, 8, 2)",,2,False,,"(1, 8, 2)",abb54265-8145-4ac2-a583-753a2ee78395,0,[]
389,failed,"['02Dec@1', '01Ran@0']","['DecentralizingAgent', 'RandomAgent']",4,3,AgentMechanismInterface,False,False,True,12,1.3163280775770545,0.65,False,False,"(5, 29, 1)",,2,False,,"(5, 29, 1)",a764ca7c-ee50-4cd3-ae6b-42b5c51cd096,0,"[('a764ca7c-ee50-4cd3-ae6b-42b5c51cd096', (5, 29, 1))]"
390,failed,"['02Dec@1', '00Ind@0']","['DecentralizingAgent', 'IndDecentralizingAgent']",4,3,AgentMechanismInterface,False,False,True,12,0.8319269176572561,0.65,True,False,,,2,False,,"(5, 39, 14)",54c9fd1f-7454-46c8-a4d4-556206c33a73,0,"[('54c9fd1f-7454-46c8-a4d4-556206c33a73', (5, 39, 14))]"
391,failed,"['02Dec@1', '00Ind@0']","['DecentralizingAgent', 'IndDecentralizingAgent']",4,3,AgentMechanismInterface,False,False,True,12,1.6196609307080507,0.65,True,False,,,2,False,,"(1, 15, 14)",0559bd26-c37d-4422-9c24-0bc079ca01c3,0,"[('0559bd26-c37d-4422-9c24-0bc079ca01c3', (1, 15, 14))]"
392,failed,"['02Dec@1', '01Ran@0']","['DecentralizingAgent', 'RandomAgent']",4,3,AgentMechanismInterface,False,False,True,13,1.016346450895071,0.7,False,False,"(10, 5, 3)",,2,False,,"(10, 5, 3)",25987e19-8a16-4ca2-ab24-eb57115c5a39,0,[]
393,failed,"['02Dec@1', '00Ind@0']","['DecentralizingAgent', 'IndDecentralizingAgent']",4,3,AgentMechanismInterface,False,False,True,13,1.4057928388938308,0.7,True,False,,,2,False,,"(10, 10, 14)",aeafa9db-f168-4352-9de6-b3a782ba9cbe,0,[]
394,failed,"['02Dec@1', '01Ran@0']","['DecentralizingAgent', 'RandomAgent']",4,3,AgentMechanismInterface,False,False,True,14,0.6516651539131999,0.75,False,False,"(5, 41, 2)",,2,False,,"(5, 41, 2)",dcedbc2b-1390-4128-85b9-bf82ea134ed9,0,"[('dcedbc2b-1390-4128-85b9-bf82ea134ed9', (5, 41, 2))]"
395,failed,"['03MyA@1', '04Ran@2']","['MyAgent', 'RandomAgent']",4,3,AgentMechanismInterface,False,False,True,15,0.6479383455589414,0.8,False,False,"(2, 4, 38)",,2,False,,"(2, 4, 38)",d7124828-b2c0-4a9f-8b2a-50c56173ce9e,0,[]
396,failed,"['02Dec@1', '04Ran@2']","['DecentralizingAgent', 'RandomAgent']",4,3,AgentMechanismInterface,False,False,True,15,1.6777327368035913,0.8,False,False,"(18, 9, 37)",,2,False,,"(18, 9, 37)",d2dd9613-fd57-4669-9e68-4d7195121e67,0,[]
397,failed,"['02Dec@1', '05Dec@2']","['DecentralizingAgent', 'DecentralizingAgent']",4,3,AgentMechanismInterface,False,False,True,15,1.6571332411840558,0.8,True,False,,,2,False,,"(18, 14, 26)",0c11f485-d523-4a2b-bd71-28a03c1fe8da,0,[]
398,failed,"['02Dec@1', '00Ind@0']","['DecentralizingAgent', 'IndDecentralizingAgent']",4,3,AgentMechanismInterface,False,False,True,15,0.9123604334890842,0.8,True,False,,,2,False,,"(5, 41, 12)",48418c17-0c7a-43d7-86ec-9b0ed8b0eab2,0,[]
399,failed,"['02Dec@1', '01Ran@0']","['DecentralizingAgent', 'RandomAgent']",4,3,AgentMechanismInterface,False,False,True,17,1.538250028155744,0.9,False,False,"(1, 7, 6)",,2,False,,"(1, 7, 6)",edf9d3f2-cdc2-4d28-9614-95a3ef6a2b1f,0,[]
400,failed,"['02Dec@1', '00Ind@0']","['DecentralizingAgent', 'IndDecentralizingAgent']",4,3,AgentMechanismInterface,False,False,True,17,1.27016921620816,0.9,False,False,"(5, 25, 7)",,2,False,,"(5, 25, 7)",15102a79-0f30-4098-9b73-293f5298d234,0,"[('15102a79-0f30-4098-9b73-293f5298d234', (5, 25, 7))]"
401,failed,"['00Ind@0', '03MyA@1']","['IndDecentralizingAgent', 'MyAgent']",4,3,AgentMechanismInterface,False,False,True,17,1.3817475754767656,0.9,False,False,"(18, 13, 23)",,2,False,,"(18, 13, 23)",e83da038-7002-426f-8da5-b0826ae64355,0,[]
402,failed,"['02Dec@1', '00Ind@0']","['DecentralizingAgent', 'IndDecentralizingAgent']",4,3,AgentMechanismInterface,False,False,True,17,1.8658818751573563,0.9,False,False,"(5, 44, 6)",,2,False,,"(5, 44, 6)",3de3dbed-8928-4669-a365-80ed8891a58f,0,"[('3de3dbed-8928-4669-a365-80ed8891a58f', (5, 44, 6))]"
403,failed,"['00Ind@0', '03MyA@1']","['IndDecentralizingAgent', 'MyAgent']",4,3,AgentMechanismInterface,False,False,True,17,1.503681305795908,0.9,False,False,"(4, 42, 24)",,2,False,,"(4, 42, 24)",0e09674e-7181-42c7-96b8-80e68068ec80,0,"[('0e09674e-7181-42c7-96b8-80e68068ec80', (4, 42, 24))]"
404,failed,"['03MyA@1', '05Dec@2']","['MyAgent', 'DecentralizingAgent']",4,3,AgentMechanismInterface,False,False,True,17,1.9163685124367476,0.9,False,False,"(5, 8, 32)",,2,False,,"(5, 8, 32)",f918f70f-f011-468e-84ac-47d74f14e7a2,0,"[('f918f70f-f011-468e-84ac-47d74f14e7a2', (5, 8, 32))]"
405,failed,"['02Dec@1', '01Ran@0']","['DecentralizingAgent', 'RandomAgent']",4,3,AgentMechanismInterface,False,False,True,18,1.3176869275048375,0.95,False,False,"(5, 46, 7)",,2,False,,"(5, 46, 7)",1df57f56-7708-4d4a-9a92-d7f45bc64460,0,[]
406,failed,"['03MyA@1', '00Ind@0']","['MyAgent', 'IndDecentralizingAgent']",5,4,AgentMechanismInterface,False,False,True,2,0.2799520445987582,0.15,True,False,,,2,False,,,b07e67a2-b260-41a5-9c32-c2b73233b3f8,0,[]
407,failed,"['03MyA@1', '00Ind@0']","['MyAgent', 'IndDecentralizingAgent']",5,4,AgentMechanismInterface,False,False,True,2,0.2358640320599079,0.15,False,False,"(20, 30, 16)",,2,False,,"(20, 30, 16)",a4608fe3-1efd-4548-9b36-7717fb80c7cb,0,"[('a4608fe3-1efd-4548-9b36-7717fb80c7cb', (20, 30, 16))]"
408,failed,"['05Dec@2', '03MyA@1']","['DecentralizingAgent', 'MyAgent']",5,4,AgentMechanismInterface,False,False,True,2,0.29547979962080717,0.15,True,False,,,2,False,,,91d1b8d8-97bb-4eee-8e60-48a23902585a,0,[]
409,failed,"['03MyA@1', '00Ind@0']","['MyAgent', 'IndDecentralizingAgent']",5,4,AgentMechanismInterface,False,False,True,2,0.12516347505152225,0.15,False,False,"(49, 9, 16)",,2,False,,"(49, 9, 16)",1d0e3f7f-5e7a-4e76-a5d2-15e4f5e5f438,0,[]
410,failed,"['03MyA@1', '01Ran@0']","['MyAgent', 'RandomAgent']",5,4,AgentMechanismInterface,False,False,True,2,1.1790503514930606,0.15,False,False,"(3, 5, 3)",,2,False,,"(3, 5, 3)",9e8c7ee4-67a5-4e26-bca7-f78234a1c43d,0,[]
411,failed,"['02Dec@1', '01Ran@0']","['DecentralizingAgent', 'RandomAgent']",5,4,AgentMechanismInterface,False,False,True,2,0.9764615846797824,0.15,True,False,,,2,False,,,b4de75c7-6b47-45a1-b49c-efa08e3ddd95,0,[]
412,failed,"['02Dec@1', '01Ran@0']","['DecentralizingAgent', 'RandomAgent']",5,4,AgentMechanismInterface,False,False,True,2,1.2257105112075806,0.15,False,False,"(2, 6, 5)",,2,False,,"(2, 6, 5)",cf627e93-a9c0-42b6-a9ff-07ecdf02a477,0,[]
413,failed,"['02Dec@1', '00Ind@0']","['DecentralizingAgent', 'IndDecentralizingAgent']",5,4,AgentMechanismInterface,False,False,True,2,1.262474125251174,0.15,True,False,,,2,False,,"(7, 17, 16)",89118eaf-d484-47be-baf4-664c50870ce7,0,[]
414,failed,"['03MyA@1', '00Ind@0']","['MyAgent', 'IndDecentralizingAgent']",5,4,AgentMechanismInterface,False,False,True,2,1.2195202084258199,0.15,True,False,,,2,False,,,c5498cb8-268f-4f9f-a0fe-87c36bdefb55,0,[]
415,failed,"['02Dec@1', '01Ran@0']","['DecentralizingAgent', 'RandomAgent']",5,4,AgentMechanismInterface,False,False,True,2,0.29360388591885567,0.15,True,False,,,2,False,,,119f1ce6-047a-407f-ba1a-94a174e877bf,0,[]
416,failed,"['02Dec@1', '00Ind@0']","['DecentralizingAgent', 'IndDecentralizingAgent']",5,4,AgentMechanismInterface,False,False,True,2,0.09643424488604069,0.15,True,False,,,2,False,,,221f848c-ff0b-43f9-9a4a-eddc5532cdbe,0,[]
417,failed,"['02Dec@1', '00Ind@0']","['DecentralizingAgent', 'IndDecentralizingAgent']",5,4,AgentMechanismInterface,False,False,True,2,1.2364526810124516,0.15,True,False,,,2,False,,,3230dae0-e5b7-4f41-b9f1-8a8eb4d40b0a,0,[]
418,failed,"['03MyA@1', '00Ind@0']","['MyAgent', 'IndDecentralizingAgent']",5,4,AgentMechanismInterface,False,False,True,2,0.11674565449357033,0.15,True,False,,,2,False,,,e64af87f-6b7f-43b6-addf-10b729a55714,0,[]
419,failed,"['05Dec@2', '02Dec@1']","['DecentralizingAgent', 'DecentralizingAgent']",5,4,AgentMechanismInterface,False,False,True,2,1.0256816120818257,0.15,False,False,"(9, 9, 21)",,2,False,,"(9, 9, 21)",3bde7d1d-c6af-4aca-8413-e68ffd96c701,0,"[('3bde7d1d-c6af-4aca-8413-e68ffd96c701', (9, 9, 21))]"
420,failed,"['03MyA@1', '00Ind@0']","['MyAgent', 'IndDecentralizingAgent']",5,4,AgentMechanismInterface,False,False,True,2,1.0666589699685574,0.15,True,False,,,2,False,,"(1, 17, 16)",ec0da881-1286-48b1-88db-40381cdc69f6,0,[]
421,failed,"['03MyA@1', '00Ind@0']","['MyAgent', 'IndDecentralizingAgent']",5,4,AgentMechanismInterface,False,False,True,2,0.1842836532741785,0.15,True,False,,,2,False,,,0c0d462f-84c4-4ff9-b821-6da3fc3db7e8,0,[]
422,failed,"['05Dec@2', '03MyA@1']","['DecentralizingAgent', 'MyAgent']",5,4,AgentMechanismInterface,False,False,True,2,0.15564386546611786,0.15,True,False,,,2,False,,,38215590-2e7d-49be-ae19-5ecfddb62bbf,0,[]
423,failed,"['02Dec@1', '01Ran@0']","['DecentralizingAgent', 'RandomAgent']",5,4,AgentMechanismInterface,False,False,True,2,0.13976697344332933,0.15,False,False,"(2, 17, 4)",,2,False,,"(2, 17, 4)",5bd9cafd-bc7e-42aa-926b-2147d2b73e7a,0,[]
424,failed,"['02Dec@1', '00Ind@0']","['DecentralizingAgent', 'IndDecentralizingAgent']",5,4,AgentMechanismInterface,False,False,True,2,1.3633298752829432,0.15,True,False,,,2,False,,"(2, 31, 16)",047cc9fe-8c26-48ea-8a8e-7ab739435027,0,[]
425,failed,"['02Dec@1', '00Ind@0']","['DecentralizingAgent', 'IndDecentralizingAgent']",5,4,AgentMechanismInterface,False,False,True,2,1.1832969533279538,0.15,True,False,,,2,False,,"(1, 12, 16)",3ff269dc-21e6-4b8a-b83a-20e00fe5c179,0,[]
426,failed,"['02Dec@1', '01Ran@0']","['DecentralizingAgent', 'RandomAgent']",5,4,AgentMechanismInterface,False,False,True,2,0.20921556185930967,0.15,False,False,"(6, 12, 6)",,2,False,,"(6, 12, 6)",729d157d-0089-4f99-90d0-6859f57a4aed,0,[]
427,failed,"['02Dec@1', '00Ind@0']","['DecentralizingAgent', 'IndDecentralizingAgent']",5,4,AgentMechanismInterface,False,False,True,2,1.0677773840725422,0.15,True,False,,,2,False,,"(1, 29, 16)",d0f8ca69-09df-420f-b23d-25f00f0b25ec,0,[]
428,failed,"['03MyA@1', '00Ind@0']","['MyAgent', 'IndDecentralizingAgent']",5,4,AgentMechanismInterface,False,False,True,2,0.18419737555086613,0.15,True,False,,,2,False,,,6899b7ce-956e-4469-8fa4-40161ba0f941,0,[]
429,failed,"['03MyA@1', '05Dec@2']","['MyAgent', 'DecentralizingAgent']",5,4,AgentMechanismInterface,False,False,True,2,0.4100735206156969,0.15,True,False,,,2,False,,"(1, 10, 41)",cd980e0b-6379-4ef3-8005-b51672604e82,0,[]
430,failed,"['04Ran@2', '03MyA@1']","['RandomAgent', 'MyAgent']",5,4,AgentMechanismInterface,False,False,True,2,1.055463490076363,0.15,True,False,,,2,False,,,eb71a1b7-ed42-4e1d-aead-460231e2b577,0,[]
431,failed,"['03MyA@1', '00Ind@0']","['MyAgent', 'IndDecentralizingAgent']",5,4,AgentMechanismInterface,False,False,True,2,0.3077216148376465,0.15,False,False,"(24, 14, 16)",,2,False,,"(24, 14, 16)",44d4db66-fa00-4de4-a398-87aeff20906e,0,[]
432,failed,"['05Dec@2', '02Dec@1']","['DecentralizingAgent', 'DecentralizingAgent']",5,4,AgentMechanismInterface,False,False,True,2,0.18143178336322308,0.15,False,False,"(9, 9, 21)",,2,False,,"(9, 9, 21)",1e6ef11b-8311-445b-b513-33199e65a604,0,[]
433,failed,"['05Dec@2', '02Dec@1']","['DecentralizingAgent', 'DecentralizingAgent']",5,4,AgentMechanismInterface,False,False,True,2,1.3379056295379996,0.15,True,False,,,2,False,,,a51c5489-60ba-43bb-be12-edc70c47f127,0,[]
434,failed,"['02Dec@1', '04Ran@2']","['DecentralizingAgent', 'RandomAgent']",5,4,AgentMechanismInterface,False,False,True,2,1.1380328200757504,0.15,False,False,"(2, 5, 23)",,2,False,,"(2, 5, 23)",0ca58b3c-3ec8-4b02-9f91-0403fcc941c9,0,"[('0ca58b3c-3ec8-4b02-9f91-0403fcc941c9', (2, 5, 23))]"
435,failed,"['03MyA@1', '00Ind@0']","['MyAgent', 'IndDecentralizingAgent']",5,4,AgentMechanismInterface,False,False,True,2,1.0570913460105658,0.15,False,False,"(66, 48, 16)",,2,False,,"(66, 48, 16)",5f3c5211-9d36-47c5-9c0d-58964fd376be,0,"[('5f3c5211-9d36-47c5-9c0d-58964fd376be', (66, 48, 16))]"
436,failed,"['05Dec@2', '02Dec@1']","['DecentralizingAgent', 'DecentralizingAgent']",5,4,AgentMechanismInterface,False,False,True,2,1.1622230457141995,0.15,False,False,"(16, 7, 21)",,2,False,,"(16, 7, 21)",980708b6-8544-4a99-bff4-0f0e6aedc96e,0,[]
437,failed,"['03MyA@1', '00Ind@0']","['MyAgent', 'IndDecentralizingAgent']",5,4,AgentMechanismInterface,False,False,True,2,1.252376265823841,0.15,False,False,"(52, 15, 16)",,2,False,,"(52, 15, 16)",dd858a78-6772-424b-a4a1-fb47d49d46dc,0,"[('dd858a78-6772-424b-a4a1-fb47d49d46dc', (52, 15, 16))]"
438,failed,"['03MyA@1', '01Ran@0']","['MyAgent', 'RandomAgent']",5,4,AgentMechanismInterface,False,False,True,2,0.591568143106997,0.15,True,False,,,2,False,,,011ac6ac-0789-48d5-be59-92925624e594,0,[]
439,failed,"['02Dec@1', '01Ran@0']","['DecentralizingAgent', 'RandomAgent']",5,4,AgentMechanismInterface,False,False,True,2,1.4093794086948037,0.15,False,False,"(2, 14, 4)",,2,False,,"(2, 14, 4)",a04a4725-c86e-473c-94ad-996f2b41bad0,0,[]
440,failed,"['04Ran@2', '03MyA@1']","['RandomAgent', 'MyAgent']",5,4,AgentMechanismInterface,False,False,True,2,0.515881359577179,0.15,True,False,,,2,False,,"(7, 5, 4)",4a2073b1-c81f-4d3e-8b25-e42221121c03,0,[]
441,failed,"['02Dec@1', '00Ind@0']","['DecentralizingAgent', 'IndDecentralizingAgent']",5,4,AgentMechanismInterface,False,False,True,2,1.1546354591846466,0.15,True,False,,,2,False,,"(1, 25, 16)",402b14cc-7e61-4bfb-bc8c-8507a9302b26,0,[]
442,failed,"['00Ind@0', '03MyA@1']","['IndDecentralizingAgent', 'MyAgent']",5,4,AgentMechanismInterface,False,False,True,3,1.4398183105513453,0.2,True,False,,,2,False,,"(13, 47, 32)",fb4c9c98-6dcd-4b1d-8e26-185b886781ef,0,[]
443,failed,"['04Ran@2', '02Dec@1']","['RandomAgent', 'DecentralizingAgent']",5,4,AgentMechanismInterface,False,False,True,7,0.5967089859768748,0.4,False,False,"(9, 24, 21)",,2,False,,"(9, 24, 21)",ed2b3314-a8df-4080-9354-562f6e55fbe3,0,[]
444,failed,"['04Ran@2', '02Dec@1']","['RandomAgent', 'DecentralizingAgent']",5,4,AgentMechanismInterface,False,False,True,7,1.5075570372864604,0.4,False,False,"(8, 7, 21)",,2,False,,"(8, 7, 21)",b8e5421a-6ffb-4e12-babd-f6bac855047d,0,"[('b8e5421a-6ffb-4e12-babd-f6bac855047d', (8, 7, 21))]"
445,failed,"['02Dec@1', '01Ran@0']","['DecentralizingAgent', 'RandomAgent']",5,4,AgentMechanismInterface,False,False,True,8,1.4177460558712482,0.45,False,False,"(5, 7, 1)",,2,False,,"(5, 7, 1)",bb2b116c-b458-49e4-8ea3-a182aaba569a,0,[]
446,failed,"['02Dec@1', '04Ran@2']","['DecentralizingAgent', 'RandomAgent']",5,4,AgentMechanismInterface,False,False,True,8,0.3144300179556012,0.45,False,False,"(1, 14, 42)",,2,False,,"(1, 14, 42)",2040525f-badc-46e7-9b5d-bfd05a956948,0,"[('2040525f-badc-46e7-9b5d-bfd05a956948', (1, 14, 42))]"
447,failed,"['02Dec@1', '00Ind@0']","['DecentralizingAgent', 'IndDecentralizingAgent']",5,4,AgentMechanismInterface,False,False,True,8,0.7545784180983901,0.45,True,False,,,2,False,,"(5, 43, 16)",5f9935a8-69b3-487d-b75b-d132dacc7282,0,"[('5f9935a8-69b3-487d-b75b-d132dacc7282', (5, 43, 16))]"
448,failed,"['03MyA@1', '04Ran@2']","['MyAgent', 'RandomAgent']",5,4,AgentMechanismInterface,False,False,True,9,1.3943758765235543,0.5,False,False,"(1, 5, 41)",,2,False,,"(1, 5, 41)",6d98b7e4-f3c1-4c47-9cb4-eae2c291aa12,0,[]
449,failed,"['02Dec@1', '01Ran@0']","['DecentralizingAgent', 'RandomAgent']",5,4,AgentMechanismInterface,False,False,True,10,0.5880506690591574,0.55,False,False,"(1, 7, 1)",,2,False,,"(1, 7, 1)",15a21c62-77dc-4920-a2bc-7c1becf2ce26,0,[]
450,failed,"['02Dec@1', '00Ind@0']","['DecentralizingAgent', 'IndDecentralizingAgent']",5,4,AgentMechanismInterface,False,False,True,10,0.4356889510527253,0.55,True,False,,,2,False,,"(1, 9, 16)",675de54a-817e-411d-b876-73eb93166186,0,[]
451,failed,"['02Dec@1', '04Ran@2']","['DecentralizingAgent', 'RandomAgent']",5,4,AgentMechanismInterface,False,False,True,11,0.7192788030952215,0.6,False,False,"(18, 13, 40)",,2,False,,"(18, 13, 40)",de120ffe-a939-4ef9-a886-29bfaebd6b1b,0,"[('de120ffe-a939-4ef9-a886-29bfaebd6b1b', (18, 13, 40))]"
452,failed,"['02Dec@1', '05Dec@2']","['DecentralizingAgent', 'DecentralizingAgent']",5,4,AgentMechanismInterface,False,False,True,11,0.6426498955115676,0.6,True,False,,,2,False,,"(18, 13, 22)",aab5dd62-7549-45e3-8ab5-620cc4bdc977,0,[]
453,failed,"['02Dec@1', '01Ran@0']","['DecentralizingAgent', 'RandomAgent']",5,4,AgentMechanismInterface,False,False,True,11,1.4697185792028904,0.6,False,False,"(5, 5, 1)",,2,False,,"(5, 5, 1)",cf1bbe92-bf43-4c6f-855b-3a8378929788,0,"[('cf1bbe92-bf43-4c6f-855b-3a8378929788', (5, 5, 1))]"
454,failed,"['02Dec@1', '00Ind@0']","['DecentralizingAgent', 'IndDecentralizingAgent']",5,4,AgentMechanismInterface,False,False,True,17,0.6685167551040649,0.9,False,False,"(10, 11, 9)",,2,False,,"(10, 11, 9)",a49814b7-c07f-4a84-957f-62abfcfe84b5,0,"[('a49814b7-c07f-4a84-957f-62abfcfe84b5', (10, 11, 9))]"
455,failed,"['02Dec@1', '05Dec@2']","['DecentralizingAgent', 'DecentralizingAgent']",5,4,AgentMechanismInterface,False,False,True,17,1.3634447809308767,0.9,False,False,"(5, 14, 32)",,2,False,,"(5, 14, 32)",542e3f13-c7b9-4c84-80ae-3074958b7d73,0,"[('542e3f13-c7b9-4c84-80ae-3074958b7d73', (5, 14, 32))]"
456,failed,"['05Dec@2', '03MyA@1']","['DecentralizingAgent', 'MyAgent']",6,5,AgentMechanismInterface,False,False,True,1,0.005089861340820789,0.1,True,False,,,2,False,,,,0,[]
457,failed,"['05Dec@2', '03MyA@1']","['DecentralizingAgent', 'MyAgent']",6,5,AgentMechanismInterface,False,False,True,1,0.017561471089720726,0.1,True,False,,,2,False,,,,0,[]
458,failed,"['05Dec@2', '03MyA@1']","['DecentralizingAgent', 'MyAgent']",6,5,AgentMechanismInterface,False,False,True,1,0.01180300023406744,0.1,True,False,,,2,False,,,,0,[]
459,failed,"['02Dec@1', '00Ind@0']","['DecentralizingAgent', 'IndDecentralizingAgent']",6,5,AgentMechanismInterface,False,False,True,2,0.15798312984406948,0.15,True,False,,,2,False,,"(2, 31, 16)",36efaf74-f726-4537-a457-471bfab35beb,0,[]
460,failed,"['02Dec@1', '01Ran@0']","['DecentralizingAgent', 'RandomAgent']",6,5,AgentMechanismInterface,False,False,True,2,0.1858053794130683,0.15,False,False,"(15, 7, 12)",,2,False,,"(15, 7, 12)",8bc60080-be15-4ff3-a16e-c2e35c0e1ce1,0,[]
461,failed,"['05Dec@2', '02Dec@1']","['DecentralizingAgent', 'DecentralizingAgent']",6,5,AgentMechanismInterface,False,False,True,2,0.41139562148600817,0.15,False,False,"(26, 13, 21)",,2,False,,"(26, 13, 21)",a85cb854-65f9-4fc4-99cc-accdaede15ad,0,"[('a85cb854-65f9-4fc4-99cc-accdaede15ad', (26, 13, 21))]"
462,failed,"['03MyA@1', '00Ind@0']","['MyAgent', 'IndDecentralizingAgent']",6,5,AgentMechanismInterface,False,False,True,2,0.1960885003209114,0.15,True,False,,,2,False,,,5aeb2b81-26ed-485c-b15b-87b651d1f81c,0,[]
463,failed,"['03MyA@1', '00Ind@0']","['MyAgent', 'IndDecentralizingAgent']",6,5,AgentMechanismInterface,False,False,True,2,0.3080452745780349,0.15,True,False,,,2,False,,"(9, 19, 16)",896e7a31-c1f0-41c3-add2-3e2a8d792564,0,[]
464,failed,"['03MyA@1', '05Dec@2']","['MyAgent', 'DecentralizingAgent']",6,5,AgentMechanismInterface,False,False,True,2,0.38218789268285036,0.15,True,False,,,2,False,,,52731071-7093-42a8-b905-29f00b584c24,0,[]
465,failed,"['03MyA@1', '01Ran@0']","['MyAgent', 'RandomAgent']",6,5,AgentMechanismInterface,False,False,True,2,0.22705053631216288,0.15,True,False,,,2,False,,,f22de361-cb38-4c2f-a362-c29009c24769,0,[]
466,failed,"['03MyA@1', '00Ind@0']","['MyAgent', 'IndDecentralizingAgent']",6,5,AgentMechanismInterface,False,False,True,2,0.32287298422306776,0.15,True,False,,,2,False,,,f12c6dff-50df-4692-9381-1b1442bca4e8,0,[]
467,failed,"['03MyA@1', '00Ind@0']","['MyAgent', 'IndDecentralizingAgent']",6,5,AgentMechanismInterface,False,False,True,2,0.4899912802502513,0.15,True,False,,,2,False,,,f42e1971-d250-44f2-b98c-67a4d4595cf0,0,[]
468,failed,"['02Dec@1', '00Ind@0']","['DecentralizingAgent', 'IndDecentralizingAgent']",6,5,AgentMechanismInterface,False,False,True,2,0.19573448691517115,0.15,True,False,,,2,False,,"(2, 47, 16)",e129254a-9e0a-47ef-a6b6-b82d66db5852,0,[]
469,failed,"['05Dec@2', '02Dec@1']","['DecentralizingAgent', 'DecentralizingAgent']",6,5,AgentMechanismInterface,False,False,True,2,0.12527695577591658,0.15,False,False,"(26, 13, 21)",,2,False,,"(26, 13, 21)",f6605c3c-ef13-4133-aa78-390cbf82841c,0,[]
470,failed,"['02Dec@1', '00Ind@0']","['DecentralizingAgent', 'IndDecentralizingAgent']",6,5,AgentMechanismInterface,False,False,True,2,0.18769142124801874,0.15,True,False,,,2,False,,"(3, 16, 16)",e5983301-32d8-4b61-bf11-702a97388c58,0,[]
471,failed,"['02Dec@1', '01Ran@0']","['DecentralizingAgent', 'RandomAgent']",6,5,AgentMechanismInterface,False,False,True,2,0.137684621848166,0.15,True,False,,,2,False,,,86d50a4c-3310-432c-adbd-97ee931a725d,0,[]
472,failed,"['02Dec@1', '01Ran@0']","['DecentralizingAgent', 'RandomAgent']",6,5,AgentMechanismInterface,False,False,True,2,0.37241735495626926,0.15,True,False,,,2,False,,,e4ccbfa0-ffb4-4114-912a-36fe01eff165,0,[]
473,failed,"['02Dec@1', '05Dec@2']","['DecentralizingAgent', 'DecentralizingAgent']",6,5,AgentMechanismInterface,False,False,True,2,0.12991222832351923,0.15,True,False,,,2,False,,,ec15b8da-586e-4065-968f-4c0218db0f46,0,[]
474,failed,"['02Dec@1', '01Ran@0']","['DecentralizingAgent', 'RandomAgent']",6,5,AgentMechanismInterface,False,False,True,2,0.37034242507070303,0.15,True,False,,,2,False,,"(1, 11, 16)",2fdec8b2-6fb9-4c53-af6e-c097c6313c9d,0,[]
475,failed,"['02Dec@1', '01Ran@0']","['DecentralizingAgent', 'RandomAgent']",6,5,AgentMechanismInterface,False,False,True,2,0.31184051744639874,0.15,False,False,"(1, 18, 12)",,2,False,,"(1, 18, 12)",435b1f0e-bf1f-4945-80b9-7adfa9dc11bf,0,[]
476,failed,"['02Dec@1', '00Ind@0']","['DecentralizingAgent', 'IndDecentralizingAgent']",6,5,AgentMechanismInterface,False,False,True,2,0.3108526784926653,0.15,True,False,,,2,False,,,b08fa5b4-1839-4d08-81b4-62e819301def,0,[]
477,failed,"['02Dec@1', '05Dec@2']","['DecentralizingAgent', 'DecentralizingAgent']",6,5,AgentMechanismInterface,False,False,True,2,0.3270747298374772,0.15,True,False,,,2,False,,"(9, 8, 21)",12b2d85e-07c7-4b79-90bc-4a811548113b,0,[]
478,failed,"['02Dec@1', '00Ind@0']","['DecentralizingAgent', 'IndDecentralizingAgent']",6,5,AgentMechanismInterface,False,False,True,2,0.37791452277451754,0.15,True,False,,,2,False,,"(1, 29, 16)",756b51c6-8992-4559-93eb-c900f67fb293,0,[]
479,failed,"['03MyA@1', '00Ind@0']","['MyAgent', 'IndDecentralizingAgent']",6,5,AgentMechanismInterface,False,False,True,2,0.17987853661179543,0.15,True,False,,,2,False,,,d1593ae2-a48e-4a55-a6d4-1a6491ed114a,0,[]
480,failed,"['00Ind@0', '03MyA@1']","['IndDecentralizingAgent', 'MyAgent']",6,5,AgentMechanismInterface,False,False,True,2,0.35388199239969254,0.15,True,False,,,2,False,,,b1cf9755-dff1-40f8-97f1-a7178b6f8d57,0,[]
481,failed,"['02Dec@1', '00Ind@0']","['DecentralizingAgent', 'IndDecentralizingAgent']",6,5,AgentMechanismInterface,False,False,True,2,0.41075511276721954,0.15,True,False,,,2,False,,,f7d4690e-8f61-44e1-b7dc-e14cc7ae10b0,0,[]
482,failed,"['03MyA@1', '00Ind@0']","['MyAgent', 'IndDecentralizingAgent']",6,5,AgentMechanismInterface,False,False,True,2,0.20797229185700417,0.15,True,False,,,2,False,,"(2, 35, 16)",1c041d56-0c89-4610-ba15-f310f57be87c,0,[]
483,failed,"['04Ran@2', '02Dec@1']","['RandomAgent', 'DecentralizingAgent']",6,5,AgentMechanismInterface,False,False,True,2,0.27091160602867603,0.15,True,False,,,2,False,,,12cb8eca-014d-4e9a-a527-05fd1dfea9f8,0,[]
484,failed,"['02Dec@1', '01Ran@0']","['DecentralizingAgent', 'RandomAgent']",6,5,AgentMechanismInterface,False,False,True,2,0.35819142311811447,0.15,False,False,"(4, 8, 7)",,2,False,,"(4, 8, 7)",f1aea95d-b0fb-4e96-a4f8-d81116031659,0,[]
485,failed,"['04Ran@2', '03MyA@1']","['RandomAgent', 'MyAgent']",6,5,AgentMechanismInterface,False,False,True,2,0.40643970761448145,0.15,True,False,,,2,False,,,012246d8-0d84-489e-bd90-0abba2a768de,0,[]
486,failed,"['05Dec@2', '02Dec@1']","['DecentralizingAgent', 'DecentralizingAgent']",6,5,AgentMechanismInterface,False,False,True,2,0.5565131548792124,0.15,False,False,"(26, 13, 21)",,2,False,,"(26, 13, 21)",0b13ffa7-2314-4de2-83a4-ec67472739e7,0,[]
487,failed,"['02Dec@1', '04Ran@2']","['DecentralizingAgent', 'RandomAgent']",6,5,AgentMechanismInterface,False,False,True,11,0.6920461738482118,0.6,False,False,"(2, 16, 41)",,2,False,,"(2, 16, 41)",75915882-bb8e-4494-b504-cfc8e83e8d45,0,"[('75915882-bb8e-4494-b504-cfc8e83e8d45', (2, 16, 41))]"
488,failed,"['02Dec@1', '01Ran@0']","['DecentralizingAgent', 'RandomAgent']",6,5,AgentMechanismInterface,False,False,True,12,0.603489444591105,0.65,False,False,"(1, 14, 2)",,2,False,,"(1, 14, 2)",6da8a16b-4ab0-4e90-a3a7-4ab4e620466d,0,[]
489,failed,"['02Dec@1', '00Ind@0']","['DecentralizingAgent', 'IndDecentralizingAgent']",6,5,AgentMechanismInterface,False,False,True,12,0.43933493085205555,0.65,True,False,,,2,False,,"(1, 11, 15)",ffcc6708-8a78-41ae-86d2-647de602089e,0,[]
490,failed,"['02Dec@1', '01Ran@0']","['DecentralizingAgent', 'RandomAgent']",6,5,AgentMechanismInterface,False,False,True,14,0.3878438975661993,0.75,False,False,"(5, 40, 1)",,2,False,,"(5, 40, 1)",c6c5e71b-bc53-4027-aaea-fea7ea12e4c5,0,[]
491,failed,"['02Dec@1', '00Ind@0']","['DecentralizingAgent', 'IndDecentralizingAgent']",6,5,AgentMechanismInterface,False,False,True,14,0.6529128160327673,0.75,True,False,,,2,False,,"(5, 44, 13)",f9d24ac5-bcba-455c-80d2-c3cb2a941b12,0,[]
492,failed,"['02Dec@1', '05Dec@2']","['DecentralizingAgent', 'DecentralizingAgent']",6,5,AgentMechanismInterface,False,False,True,17,0.7419938500970602,0.9,False,False,"(5, 15, 32)",,2,False,,"(5, 15, 32)",65afebd2-ccae-469b-87f5-2fbb8a3155ae,0,"[('65afebd2-ccae-469b-87f5-2fbb8a3155ae', (5, 15, 32))]"
493,failed,"['00Ind@0', '03MyA@1']","['IndDecentralizingAgent', 'MyAgent']",6,5,AgentMechanismInterface,False,False,True,17,0.6394532844424248,0.9,False,False,"(4, 47, 24)",,2,False,,"(4, 47, 24)",6baa3608-40c3-4710-b18a-2f8ca22a21d5,0,"[('6baa3608-40c3-4710-b18a-2f8ca22a21d5', (4, 47, 24))]"
494,failed,"['03MyA@1', '01Ran@0']","['MyAgent', 'RandomAgent']",7,6,AgentMechanismInterface,False,False,True,2,0.029020716436207294,0.15,True,False,,,2,False,,,d6e34c8e-5efc-4309-b805-73239c5cb5d3,0,[]
495,failed,"['00Ind@0', '03MyA@1']","['IndDecentralizingAgent', 'MyAgent']",7,6,AgentMechanismInterface,False,False,True,2,0.9882187135517597,0.15,True,False,,,2,False,,"(7, 47, 32)",a5ca7696-bc6a-4966-9185-6d1931a74dc0,0,[]
496,failed,"['03MyA@1', '01Ran@0']","['MyAgent', 'RandomAgent']",7,6,AgentMechanismInterface,False,False,True,2,1.0811531050130725,0.15,True,False,,,2,False,,,14c4451d-a3cf-439c-b734-fa7f286f0f75,0,[]
497,failed,"['03MyA@1', '00Ind@0']","['MyAgent', 'IndDecentralizingAgent']",7,6,AgentMechanismInterface,False,False,True,2,0.9590716753154993,0.15,False,False,"(66, 48, 16)",,2,False,,"(66, 48, 16)",c19fceb5-2795-4dcd-bb3a-8b51507b0b28,0,"[('c19fceb5-2795-4dcd-bb3a-8b51507b0b28', (66, 48, 16))]"
498,failed,"['02Dec@1', '00Ind@0']","['DecentralizingAgent', 'IndDecentralizingAgent']",7,6,AgentMechanismInterface,False,False,True,2,1.0642979703843594,0.15,True,False,,,2,False,,,0052f44d-688c-402e-8466-ae427c4ffd76,0,[]
499,failed,"['03MyA@1', '00Ind@0']","['MyAgent', 'IndDecentralizingAgent']",7,6,AgentMechanismInterface,False,False,True,2,0.3920229859650135,0.15,True,False,,,2,False,,,050441d2-4cd6-4dcb-ace0-26999a888301,0,[]
500,failed,"['03MyA@1', '00Ind@0']","['MyAgent', 'IndDecentralizingAgent']",7,6,AgentMechanismInterface,False,False,True,2,0.23325783479958773,0.15,True,False,,,2,False,,,1b14d5d7-38f3-4f18-befa-2dcdeeee58b6,0,[]
501,failed,"['05Dec@2', '02Dec@1']","['DecentralizingAgent', 'DecentralizingAgent']",7,6,AgentMechanismInterface,False,False,True,2,0.9964372850954533,0.15,False,False,"(36, 11, 21)",,2,False,,"(36, 11, 21)",f4c64461-6589-4d64-b531-0829ef1a715e,0,[]
502,failed,"['02Dec@1', '00Ind@0']","['DecentralizingAgent', 'IndDecentralizingAgent']",7,6,AgentMechanismInterface,False,False,True,2,0.2316924948245287,0.15,True,False,,,2,False,,,6064512f-0abd-4d8c-b17f-2183893e7530,0,[]
503,failed,"['04Ran@2', '02Dec@1']","['RandomAgent', 'DecentralizingAgent']",7,6,AgentMechanismInterface,False,False,True,2,0.440040472894907,0.15,True,False,,,2,False,,,b5e4219f-6a71-41e9-b196-a0d357b243aa,0,[]
504,failed,"['03MyA@1', '00Ind@0']","['MyAgent', 'IndDecentralizingAgent']",7,6,AgentMechanismInterface,False,False,True,2,1.0906372778117657,0.15,True,False,,,2,False,,"(2, 35, 16)",9e940820-398e-4c7f-952d-86f9ea4f0e25,0,[]
505,failed,"['02Dec@1', '00Ind@0']","['DecentralizingAgent', 'IndDecentralizingAgent']",7,6,AgentMechanismInterface,False,False,True,2,0.1147347865626216,0.15,True,False,,,2,False,,,370bd3ce-32ab-4be4-9353-f5bcbe44486f,0,[]
506,failed,"['03MyA@1', '00Ind@0']","['MyAgent', 'IndDecentralizingAgent']",7,6,AgentMechanismInterface,False,False,True,2,1.0130902072414756,0.15,True,False,,,2,False,,"(1, 11, 16)",d3128ea8-3d56-4cec-b053-b697b92e6cea,0,[]
507,failed,"['02Dec@1', '00Ind@0']","['DecentralizingAgent', 'IndDecentralizingAgent']",7,6,AgentMechanismInterface,False,False,True,2,1.0802057925611734,0.15,True,False,,,2,False,,,c3d14520-8375-45dc-9e16-89783b348182,0,[]
508,failed,"['02Dec@1', '00Ind@0']","['DecentralizingAgent', 'IndDecentralizingAgent']",7,6,AgentMechanismInterface,False,False,True,2,0.43250994104892015,0.15,True,False,,,2,False,,"(2, 47, 16)",1f6ab0ce-fe58-4e72-bec4-f56059571318,0,[]
509,failed,"['02Dec@1', '01Ran@0']","['DecentralizingAgent', 'RandomAgent']",7,6,AgentMechanismInterface,False,False,True,2,0.10814417246729136,0.15,True,False,,,2,False,,,ccfab7cd-3bb6-440b-81de-ab52393c096a,0,[]
510,failed,"['03MyA@1', '01Ran@0']","['MyAgent', 'RandomAgent']",7,6,AgentMechanismInterface,False,False,True,2,0.37555369548499584,0.15,False,False,"(1, 13, 11)",,2,False,,"(1, 13, 11)",885f2c2f-f482-4965-be9d-ed5f86768834,0,[]
511,failed,"['05Dec@2', '02Dec@1']","['DecentralizingAgent', 'DecentralizingAgent']",7,6,AgentMechanismInterface,False,False,True,2,0.1354152262210846,0.15,True,False,,,2,False,,,5d6633b4-3f8d-42f1-9644-9d3f1f9ced60,0,[]
512,failed,"['02Dec@1', '00Ind@0']","['DecentralizingAgent', 'IndDecentralizingAgent']",7,6,AgentMechanismInterface,False,False,True,2,0.04259305913001299,0.15,True,False,,,2,False,,,de7db7da-31fc-4b19-b3f0-e7d4523e3f43,0,[]
513,failed,"['04Ran@2', '02Dec@1']","['RandomAgent', 'DecentralizingAgent']",7,6,AgentMechanismInterface,False,False,True,2,0.3021632032468915,0.15,True,False,,,2,False,,,19f3b5a7-db43-4365-95a7-a7a84e02166c,0,[]
514,failed,"['02Dec@1', '01Ran@0']","['DecentralizingAgent', 'RandomAgent']",7,6,AgentMechanismInterface,False,False,True,2,1.025056853890419,0.15,True,False,,,2,False,,,5bbb7ff1-32f5-4b8d-bb60-60fdcb36c6e8,0,[]
515,failed,"['05Dec@2', '02Dec@1']","['DecentralizingAgent', 'DecentralizingAgent']",7,6,AgentMechanismInterface,False,False,True,2,0.441942622885108,0.15,True,False,,,2,False,,"(5, 8, 21)",2190d1f7-0186-4fa4-bcfb-13b141401875,0,[]
516,failed,"['02Dec@1', '00Ind@0']","['DecentralizingAgent', 'IndDecentralizingAgent']",7,6,AgentMechanismInterface,False,False,True,2,0.08515994530171156,0.15,True,False,,,2,False,,"(3, 8, 16)",b5b07d74-1cfd-42b3-93c8-d912796de911,0,[]
517,failed,"['05Dec@2', '02Dec@1']","['DecentralizingAgent', 'DecentralizingAgent']",7,6,AgentMechanismInterface,False,False,True,2,1.093663189560175,0.15,True,False,,,2,False,,,8fec1d21-f5a2-4c50-a8aa-d70c3421b5b3,0,[]
518,failed,"['05Dec@2', '02Dec@1']","['DecentralizingAgent', 'DecentralizingAgent']",7,6,AgentMechanismInterface,False,False,True,2,0.1646532490849495,0.15,True,False,,,2,False,,,ff67a25a-1d92-403d-8c00-7a0da6b9b926,0,[]
519,failed,"['02Dec@1', '01Ran@0']","['DecentralizingAgent', 'RandomAgent']",7,6,AgentMechanismInterface,False,False,True,2,0.08885249495506287,0.15,False,False,"(3, 10, 9)",,2,False,,"(3, 10, 9)",614434cf-6422-4f2a-b07d-025b2afebea7,0,[]
520,failed,"['02Dec@1', '04Ran@2']","['DecentralizingAgent', 'RandomAgent']",7,6,AgentMechanismInterface,False,False,True,11,0.412214201875031,0.6,False,False,"(18, 13, 41)",,2,False,,"(18, 13, 41)",fd3d0217-85d7-48e7-8c92-12c211f54cb0,0,[]
521,failed,"['02Dec@1', '01Ran@0']","['DecentralizingAgent', 'RandomAgent']",7,6,AgentMechanismInterface,False,False,True,11,1.109145955182612,0.6,False,False,"(1, 15, 1)",,2,False,,"(1, 15, 1)",744de528-0641-41df-b524-f8cb60f312c4,0,[]
522,failed,"['02Dec@1', '05Dec@2']","['DecentralizingAgent', 'DecentralizingAgent']",7,6,AgentMechanismInterface,False,False,True,12,0.514364643022418,0.65,True,False,,,2,False,,"(18, 13, 23)",fa33cef3-4a30-45a7-a835-3bdadcf5469b,0,[]
523,failed,"['02Dec@1', '00Ind@0']","['DecentralizingAgent', 'IndDecentralizingAgent']",7,6,AgentMechanismInterface,False,False,True,12,0.5753059173002839,0.65,True,False,,,2,False,,"(1, 15, 14)",5732cf21-c7f5-47b6-9635-33fe4f233bc9,0,"[('5732cf21-c7f5-47b6-9635-33fe4f233bc9', (1, 15, 14))]"
524,failed,"['02Dec@1', '01Ran@0']","['DecentralizingAgent', 'RandomAgent']",7,6,AgentMechanismInterface,False,False,True,16,0.37691036704927683,0.85,False,False,"(5, 48, 3)",,2,False,,"(5, 48, 3)",856eb2b9-c075-416c-a9c5-03b6bfdc7be4,0,[]
525,failed,"['02Dec@1', '01Ran@0']","['DecentralizingAgent', 'RandomAgent']",7,6,AgentMechanismInterface,False,False,True,16,0.24866860080510378,0.85,False,False,"(10, 8, 6)",,2,False,,"(10, 8, 6)",ac372624-612d-4e61-80bb-1ab814de39f1,0,[]
526,failed,"['02Dec@1', '00Ind@0']","['DecentralizingAgent', 'IndDecentralizingAgent']",7,6,AgentMechanismInterface,False,False,True,17,0.3231162903830409,0.9,True,False,,,2,False,,"(5, 39, 9)",c725e7da-05e9-4b22-a018-9d4c0ea1476c,0,[]
527,failed,"['02Dec@1', '00Ind@0']","['DecentralizingAgent', 'IndDecentralizingAgent']",7,6,AgentMechanismInterface,False,False,True,17,1.2503044363111258,0.9,True,False,,,2,False,,"(8, 7, 10)",05e04a56-86e7-403e-b4bf-e4184029c769,0,[]
528,failed,"['00Ind@0', '03MyA@1']","['IndDecentralizingAgent', 'MyAgent']",7,6,AgentMechanismInterface,False,False,True,17,0.5419895593076944,0.9,False,False,"(15, 15, 23)",,2,False,,"(15, 15, 23)",9eaa561d-5486-4b1b-9ca3-f2d57549f27a,0,[]
529,failed,"['03MyA@1', '01Ran@0']","['MyAgent', 'RandomAgent']",8,7,AgentMechanismInterface,False,False,True,2,0.19056506175547838,0.15,False,False,"(55, 14, 11)",,2,False,,"(55, 14, 11)",e39725be-a421-46f2-b6b6-e9912e01606c,0,"[('e39725be-a421-46f2-b6b6-e9912e01606c', (55, 14, 11))]"
530,failed,"['04Ran@2', '02Dec@1']","['RandomAgent', 'DecentralizingAgent']",8,7,AgentMechanismInterface,False,False,True,2,0.06851402204483747,0.15,True,False,,,2,False,,,44d30e42-8253-4ec9-8146-9a7a67674725,0,[]
531,failed,"['05Dec@2', '02Dec@1']","['DecentralizingAgent', 'DecentralizingAgent']",8,7,AgentMechanismInterface,False,False,True,2,0.097032081335783,0.15,True,False,,,2,False,,,d7f8cac1-5fef-4369-ba0e-0aa4b5b9665a,0,[]
532,failed,"['02Dec@1', '01Ran@0']","['DecentralizingAgent', 'RandomAgent']",8,7,AgentMechanismInterface,False,False,True,8,0.31493796594440937,0.45,False,False,"(1, 12, 1)",,2,False,,"(1, 12, 1)",a6efeb2b-9be0-419d-8dd7-f37983b063ae,0,"[('a6efeb2b-9be0-419d-8dd7-f37983b063ae', (1, 12, 1))]"
533,failed,"['02Dec@1', '00Ind@0']","['DecentralizingAgent', 'IndDecentralizingAgent']",8,7,AgentMechanismInterface,False,False,True,9,0.1326608406379819,0.5,True,False,,,2,False,,"(1, 11, 16)",83723e58-f31e-414c-a157-24e19979eea0,0,[]
534,failed,"['02Dec@1', '04Ran@2']","['DecentralizingAgent', 'RandomAgent']",8,7,AgentMechanismInterface,False,False,True,11,0.10882355831563473,0.6,False,False,"(18, 13, 41)",,2,False,,"(18, 13, 41)",34195168-b862-46b5-b7c3-e653ba042d37,0,[]
535,failed,"['02Dec@1', '01Ran@0']","['DecentralizingAgent', 'RandomAgent']",8,7,AgentMechanismInterface,False,False,True,12,0.4125923728570342,0.65,False,False,"(5, 26, 1)",,2,False,,"(5, 26, 1)",ef4ea507-80e1-4429-a695-bffb3a7dbaee,0,[]
536,failed,"['02Dec@1', '05Dec@2']","['DecentralizingAgent', 'DecentralizingAgent']",8,7,AgentMechanismInterface,False,False,True,12,0.24493873305618763,0.65,True,False,,,2,False,,"(18, 12, 24)",edc5e0ba-2633-4592-b288-d1dbbe7f516b,0,"[('edc5e0ba-2633-4592-b288-d1dbbe7f516b', (18, 12, 24))]"
537,failed,"['02Dec@1', '00Ind@0']","['DecentralizingAgent', 'IndDecentralizingAgent']",8,7,AgentMechanismInterface,False,False,True,13,0.41255826875567436,0.7,True,False,,,2,False,,"(5, 44, 13)",0ee7cf23-a567-4884-89c5-4237d815449b,0,"[('0ee7cf23-a567-4884-89c5-4237d815449b', (5, 44, 13))]"
538,failed,"['02Dec@1', '01Ran@0']","['DecentralizingAgent', 'RandomAgent']",8,7,AgentMechanismInterface,False,False,True,13,0.4250489454716444,0.7,False,False,"(5, 11, 3)",,2,False,,"(5, 11, 3)",ad4573ba-b4ee-4290-add9-987e0e26fa24,0,"[('ad4573ba-b4ee-4290-add9-987e0e26fa24', (5, 11, 3))]"
539,failed,"['04Ran@2', '02Dec@1']","['RandomAgent', 'DecentralizingAgent']",8,7,AgentMechanismInterface,False,False,True,15,0.47875719144940376,0.8,False,False,"(8, 11, 17)",,2,False,,"(8, 11, 17)",0dc185d7-0287-453d-b2ec-a013e9680e4b,0,"[('0dc185d7-0287-453d-b2ec-a013e9680e4b', (8, 11, 17))]"
540,failed,"['00Ind@0', '03MyA@1']","['IndDecentralizingAgent', 'MyAgent']",8,7,AgentMechanismInterface,False,False,True,17,0.685907875187695,0.9,False,False,"(10, 47, 23)",,2,False,,"(10, 47, 23)",a5318646-382c-49ad-8bce-6c93ed84bee4,0,"[('a5318646-382c-49ad-8bce-6c93ed84bee4', (10, 47, 23))]"
541,failed,"['02Dec@1', '00Ind@0']","['DecentralizingAgent', 'IndDecentralizingAgent']",8,7,AgentMechanismInterface,False,False,True,17,0.8056662548333406,0.9,False,False,"(9, 11, 9)",,2,False,,"(9, 11, 9)",1a7c3168-0ace-4d2e-a0fd-c80d0ae5a75c,0,"[('1a7c3168-0ace-4d2e-a0fd-c80d0ae5a75c', (9, 11, 9))]"
542,failed,"['00Ind@0', '03MyA@1']","['IndDecentralizingAgent', 'MyAgent']",9,8,AgentMechanismInterface,False,False,True,2,0.03883202560245991,0.15,True,False,,,2,False,,"(9, 47, 32)",7d992635-5e2e-439f-a01e-0d2edb127771,0,[]
543,failed,"['04Ran@2', '02Dec@1']","['RandomAgent', 'DecentralizingAgent']",9,8,AgentMechanismInterface,False,False,True,2,0.02676623035222292,0.15,False,False,"(5, 17, 21)",,2,False,,"(5, 17, 21)",40f06a94-db6f-48ff-8525-754217f695d0,0,"[('40f06a94-db6f-48ff-8525-754217f695d0', (5, 17, 21))]"
544,failed,"['05Dec@2', '02Dec@1']","['DecentralizingAgent', 'DecentralizingAgent']",9,8,AgentMechanismInterface,False,False,True,2,0.05342258792370558,0.15,True,False,,,2,False,,"(5, 13, 21)",c3b8f6a6-449a-49a8-a97a-a465992a943f,0,[]
545,failed,"['03MyA@1', '01Ran@0']","['MyAgent', 'RandomAgent']",9,8,AgentMechanismInterface,False,False,True,2,0.619552475400269,0.15,False,False,"(29, 32, 12)",,2,False,,"(29, 32, 12)",29c53ebf-fd1b-4ee4-abfd-8a668f754e5a,0,"[('29c53ebf-fd1b-4ee4-abfd-8a668f754e5a', (29, 32, 12))]"
546,failed,"['02Dec@1', '04Ran@2']","['DecentralizingAgent', 'RandomAgent']",9,8,AgentMechanismInterface,False,False,True,2,0.3421876272186637,0.15,False,False,"(308, 12, 40)",,2,False,,"(308, 12, 40)",61e68044-9389-4d3d-afcf-0cc94ed6127c,0,[]
547,failed,"['02Dec@1', '01Ran@0']","['DecentralizingAgent', 'RandomAgent']",9,8,AgentMechanismInterface,False,False,True,11,0.43554241210222244,0.6,False,False,"(5, 21, 1)",,2,False,,"(5, 21, 1)",45d8b9af-c792-41d8-9f70-bb869face084,0,[]
548,failed,"['02Dec@1', '01Ran@0']","['DecentralizingAgent', 'RandomAgent']",9,8,AgentMechanismInterface,False,False,True,12,0.42355610243976116,0.65,False,False,"(1, 15, 2)",,2,False,,"(1, 15, 2)",185db561-aad8-48ed-9f13-0bda0602ff82,0,"[('185db561-aad8-48ed-9f13-0bda0602ff82', (1, 15, 2))]"
549,failed,"['02Dec@1', '00Ind@0']","['DecentralizingAgent', 'IndDecentralizingAgent']",9,8,AgentMechanismInterface,False,False,True,12,0.8089518183842301,0.65,True,False,,,2,False,,"(5, 41, 15)",380ad66a-d8a0-4ff4-bda7-e54f0e11f293,0,[]
550,failed,"['04Ran@2', '02Dec@1']","['RandomAgent', 'DecentralizingAgent']",9,8,AgentMechanismInterface,False,False,True,13,0.5291745979338884,0.7,False,False,"(1, 10, 19)",,2,False,,"(1, 10, 19)",74a94f31-f20f-4aec-92a8-e6e50fd297b5,0,[]
551,failed,"['02Dec@1', '00Ind@0']","['DecentralizingAgent', 'IndDecentralizingAgent']",9,8,AgentMechanismInterface,False,False,True,13,0.33460724726319313,0.7,True,False,,,2,False,,"(1, 9, 14)",a8b7d215-2083-4730-9336-4878624a0ab2,0,"[('a8b7d215-2083-4730-9336-4878624a0ab2', (1, 9, 14))]"
552,failed,"['02Dec@1', '04Ran@2']","['DecentralizingAgent', 'RandomAgent']",9,8,AgentMechanismInterface,False,False,True,15,0.33812630362808704,0.8,False,False,"(1, 17, 40)",,2,False,,"(1, 17, 40)",33ab1d0b-6044-4deb-b187-421b1c7f0f9b,0,[]
553,failed,"['02Dec@1', '05Dec@2']","['DecentralizingAgent', 'DecentralizingAgent']",9,8,AgentMechanismInterface,False,False,True,17,0.3999746162444353,0.9,False,False,"(18, 12, 33)",,2,False,,"(18, 12, 33)",89c191f9-a88e-4b1d-92c9-2b5734d35425,0,[]
554,failed,"['00Ind@0', '03MyA@1']","['IndDecentralizingAgent', 'MyAgent']",9,8,AgentMechanismInterface,False,False,True,17,0.6690071737393737,0.9,False,False,"(2, 14, 24)",,2,False,,"(2, 14, 24)",4e06c978-de5a-494a-8905-2334f73b02d8,0,"[('4e06c978-de5a-494a-8905-2334f73b02d8', (2, 14, 24))]"
555,failed,"['02Dec@1', '05Dec@2']","['DecentralizingAgent', 'DecentralizingAgent']",10,9,AgentMechanismInterface,False,False,True,2,0.12044061440974474,0.15,True,False,,,2,False,,"(5, 13, 21)",60185b06-ec2f-49a9-8b9d-a648644d1877,0,[]
556,failed,"['03MyA@1', '00Ind@0']","['MyAgent', 'IndDecentralizingAgent']",10,9,AgentMechanismInterface,False,False,True,2,0.34774845466017723,0.15,False,False,"(31, 48, 16)",,2,False,,"(31, 48, 16)",c4a73f72-5fc7-45d2-a150-4ed0256b642f,0,[]
557,failed,"['03MyA@1', '00Ind@0']","['MyAgent', 'IndDecentralizingAgent']",10,9,AgentMechanismInterface,False,False,True,2,0.48781464621424675,0.15,False,False,"(68, 20, 16)",,2,False,,"(68, 20, 16)",ba2ab60f-b7b0-48af-8997-67170f8e8ae6,0,"[('ba2ab60f-b7b0-48af-8997-67170f8e8ae6', (68, 20, 16))]"
558,failed,"['02Dec@1', '04Ran@2']","['DecentralizingAgent', 'RandomAgent']",10,9,AgentMechanismInterface,False,False,True,2,0.13415729720145464,0.15,True,False,,,2,False,,,fcebecf6-7957-417e-97b9-5093000a48f3,0,[]
559,failed,"['04Ran@2', '02Dec@1']","['RandomAgent', 'DecentralizingAgent']",10,9,AgentMechanismInterface,False,False,True,2,0.13064472936093807,0.15,True,False,,,2,False,,"(3, 10, 12)",5fa89bee-6a6f-44d4-8885-0622df94b2ee,0,[]
560,failed,"['05Dec@2', '02Dec@1']","['DecentralizingAgent', 'DecentralizingAgent']",10,9,AgentMechanismInterface,False,False,True,2,0.6511014653369784,0.15,True,False,,,2,False,,,fea07345-86ae-40aa-88a1-d9b4a168cb12,0,[]
561,failed,"['00Ind@0', '03MyA@1']","['IndDecentralizingAgent', 'MyAgent']",10,9,AgentMechanismInterface,False,False,True,3,0.5206406367942691,0.2,True,False,,,2,False,,"(10, 47, 32)",5421833a-fdde-4370-8916-1d34974fe1b8,0,"[('5421833a-fdde-4370-8916-1d34974fe1b8', (10, 47, 32))]"
562,failed,"['02Dec@1', '01Ran@0']","['DecentralizingAgent', 'RandomAgent']",10,9,AgentMechanismInterface,False,False,True,8,0.15695669688284397,0.45,False,False,"(1, 13, 1)",,2,False,,"(1, 13, 1)",f080ccc9-22ef-4fe3-afae-77a1301b8b93,0,"[('f080ccc9-22ef-4fe3-afae-77a1301b8b93', (1, 13, 1))]"
563,failed,"['02Dec@1', '00Ind@0']","['DecentralizingAgent', 'IndDecentralizingAgent']",10,9,AgentMechanismInterface,False,False,True,8,0.1717301309108734,0.45,True,False,,,2,False,,"(1, 13, 16)",72d55634-9b4f-480c-adc1-710c0f2693d5,0,[]
564,failed,"['02Dec@1', '04Ran@2']","['DecentralizingAgent', 'RandomAgent']",10,9,AgentMechanismInterface,False,False,True,13,0.6959655210375786,0.7,False,False,"(6, 15, 42)",,2,False,,"(6, 15, 42)",0db16e15-682a-4735-a5d6-7b0053f1f153,0,"[('0db16e15-682a-4735-a5d6-7b0053f1f153', (6, 15, 42))]"
565,failed,"['02Dec@1', '01Ran@0']","['DecentralizingAgent', 'RandomAgent']",10,9,AgentMechanismInterface,False,False,True,14,0.20353067945688963,0.75,False,False,"(3, 47, 1)",,2,False,,"(3, 47, 1)",875aef48-dc9e-4700-b436-ff0e8972a979,0,"[('875aef48-dc9e-4700-b436-ff0e8972a979', (3, 47, 1))]"
566,failed,"['04Ran@2', '02Dec@1']","['RandomAgent', 'DecentralizingAgent']",10,9,AgentMechanismInterface,False,False,True,17,1.0362200820818543,0.9,False,False,"(10, 32, 12)",,2,False,,"(10, 32, 12)",38eec631-c7ee-4a90-91ad-373c4178e09b,0,[]
567,failed,"['02Dec@1', '00Ind@0']","['DecentralizingAgent', 'IndDecentralizingAgent']",10,9,AgentMechanismInterface,False,False,True,17,0.8697152007371187,0.9,False,False,"(5, 40, 8)",,2,False,,"(5, 40, 8)",4d0489a7-494a-49f9-87df-c7900bc6f569,0,"[('4d0489a7-494a-49f9-87df-c7900bc6f569', (5, 40, 8))]"
568,failed,"['00Ind@0', '03MyA@1']","['IndDecentralizingAgent', 'MyAgent']",10,9,AgentMechanismInterface,False,False,True,17,0.9816457377746701,0.9,False,False,"(13, 18, 23)",,2,False,,"(13, 18, 23)",7a101e37-3711-44ad-b102-cc7e015a3089,0,"[('7a101e37-3711-44ad-b102-cc7e015a3089', (13, 18, 23))]"
569,failed,"['02Dec@1', '05Dec@2']","['DecentralizingAgent', 'DecentralizingAgent']",10,9,AgentMechanismInterface,False,False,True,17,0.46377160493284464,0.9,False,False,"(10, 20, 32)",,2,False,,"(10, 20, 32)",4ade544d-2c20-41e4-8e98-4f4b50e576b8,0,"[('4ade544d-2c20-41e4-8e98-4f4b50e576b8', (10, 20, 32))]"
570,failed,"['02Dec@1', '04Ran@2']","['DecentralizingAgent', 'RandomAgent']",11,10,AgentMechanismInterface,False,False,True,2,0.4924001069739461,0.15,False,False,"(163, 11, 40)",,2,False,,"(163, 11, 40)",b409b9e3-b810-46fc-ba31-f6a6dc46f77a,0,[]
571,failed,"['02Dec@1', '05Dec@2']","['DecentralizingAgent', 'DecentralizingAgent']",11,10,AgentMechanismInterface,False,False,True,2,0.5406508445739746,0.15,True,False,,,2,False,,,4f32b1ce-bb4d-4c14-a6f4-0829e2be7e71,0,[]
572,failed,"['02Dec@1', '05Dec@2']","['DecentralizingAgent', 'DecentralizingAgent']",11,10,AgentMechanismInterface,False,False,True,2,0.15762108005583286,0.15,True,False,,,2,False,,,42637df9-079d-4f83-bc49-55dc3f26ddaf,0,[]
573,failed,"['04Ran@2', '02Dec@1']","['RandomAgent', 'DecentralizingAgent']",11,10,AgentMechanismInterface,False,False,True,2,0.28207934834063053,0.15,True,False,,,2,False,,,6366dc61-f469-44c2-8c5c-fa1dea0a5844,0,[]
574,failed,"['05Dec@2', '02Dec@1']","['DecentralizingAgent', 'DecentralizingAgent']",11,10,AgentMechanismInterface,False,False,True,2,0.2963215643540025,0.15,True,False,,,2,False,,,61454b53-351e-4a69-b0ce-594d1f27fa61,0,[]
575,failed,"['05Dec@2', '02Dec@1']","['DecentralizingAgent', 'DecentralizingAgent']",11,10,AgentMechanismInterface,False,False,True,2,0.31964079942554235,0.15,True,False,,,2,False,,"(12, 15, 21)",723b44d6-eb28-4b60-9577-75fe0beb7289,0,[]
576,failed,"['03MyA@1', '00Ind@0']","['MyAgent', 'IndDecentralizingAgent']",11,10,AgentMechanismInterface,False,False,True,2,0.31054043769836426,0.15,False,False,"(57, 21, 16)",,2,False,,"(57, 21, 16)",cbb91a76-81fd-43e8-a9f0-f9affe9c8613,0,[]
577,failed,"['02Dec@1', '01Ran@0']","['DecentralizingAgent', 'RandomAgent']",11,10,AgentMechanismInterface,False,False,True,9,0.3787965690717101,0.5,False,False,"(1, 11, 1)",,2,False,,"(1, 11, 1)",fea737d5-c4b8-45e2-9e2f-8a918a90c1d7,0,[]
578,failed,"['02Dec@1', '04Ran@2']","['DecentralizingAgent', 'RandomAgent']",11,10,AgentMechanismInterface,False,False,True,9,0.6845432361587882,0.5,False,False,"(3, 20, 42)",,2,False,,"(3, 20, 42)",05f4a41f-d1ed-4b52-8f78-76d4a72a038f,0,[]
579,failed,"['02Dec@1', '05Dec@2']","['DecentralizingAgent', 'DecentralizingAgent']",11,10,AgentMechanismInterface,False,False,True,10,0.39799267146736383,0.55,True,False,,,2,False,,"(3, 19, 22)",207383fd-b9d8-4c9d-889c-595767e4ed04,0,"[('207383fd-b9d8-4c9d-889c-595767e4ed04', (3, 19, 22))]"
580,failed,"['02Dec@1', '01Ran@0']","['DecentralizingAgent', 'RandomAgent']",11,10,AgentMechanismInterface,False,False,True,15,0.4324725680053234,0.8,False,False,"(1, 12, 2)",,2,False,,"(1, 12, 2)",bcf46337-7797-4b28-8c8b-e479d80f55de,0,"[('bcf46337-7797-4b28-8c8b-e479d80f55de', (1, 12, 2))]"
581,failed,"['02Dec@1', '00Ind@0']","['DecentralizingAgent', 'IndDecentralizingAgent']",11,10,AgentMechanismInterface,False,False,True,15,0.4271143451333046,0.8,True,False,,,2,False,,"(1, 11, 13)",9cc14411-2b08-4dd3-8a87-6958b9cab5f0,0,[]
582,failed,"['04Ran@2', '02Dec@1']","['RandomAgent', 'DecentralizingAgent']",11,10,AgentMechanismInterface,False,False,True,15,0.5276875589042902,0.8,False,False,"(7, 33, 16)",,2,False,,"(7, 33, 16)",9e44196c-85b4-43c2-8524-330d59258512,0,[]
583,failed,"['02Dec@1', '00Ind@0']","['DecentralizingAgent', 'IndDecentralizingAgent']",11,10,AgentMechanismInterface,False,False,True,16,0.769892162643373,0.85,True,False,,,2,False,,"(2, 12, 10)",37d50d5e-c493-4e27-a371-dd1986fc5b5b,0,"[('37d50d5e-c493-4e27-a371-dd1986fc5b5b', (2, 12, 10))]"
584,failed,"['00Ind@0', '03MyA@1']","['IndDecentralizingAgent', 'MyAgent']",11,10,AgentMechanismInterface,False,False,True,17,0.9377190163359046,0.9,False,False,"(11, 43, 25)",,2,False,,"(11, 43, 25)",5e058923-882e-4b90-9d67-9b063fd1d2b1,0,"[('5e058923-882e-4b90-9d67-9b063fd1d2b1', (11, 43, 25))]"
585,failed,"['00Ind@0', '03MyA@1']","['IndDecentralizingAgent', 'MyAgent']",11,10,AgentMechanismInterface,False,False,True,17,0.7647075597196817,0.9,False,False,"(15, 18, 25)",,2,False,,"(15, 18, 25)",38c2cc41-0832-42a6-a1cf-64bf5ecbfea3,0,[]
586,failed,"['02Dec@1', '04Ran@2']","['DecentralizingAgent', 'RandomAgent']",12,11,AgentMechanismInterface,False,False,True,2,0.08178754895925522,0.15,False,False,"(104, 12, 27)",,2,False,,"(104, 12, 27)",f17de62e-9dfa-4f45-b564-fe4cee2ad45a,0,[]
587,failed,"['02Dec@1', '05Dec@2']","['DecentralizingAgent', 'DecentralizingAgent']",12,11,AgentMechanismInterface,False,False,True,2,0.8591883992776275,0.15,True,False,,,2,False,,,e8ee18a5-f2c8-401e-ae25-0ec268ef11fd,0,[]
588,failed,"['04Ran@2', '02Dec@1']","['RandomAgent', 'DecentralizingAgent']",12,11,AgentMechanismInterface,False,False,True,2,0.8389574307948351,0.15,True,False,,,2,False,,"(6, 16, 2)",9332ae03-2931-44db-91b6-7240c5d2f610,0,[]
589,failed,"['00Ind@0', '03MyA@1']","['IndDecentralizingAgent', 'MyAgent']",12,11,AgentMechanismInterface,False,False,True,2,0.1706647351384163,0.15,True,False,,,2,False,,,7a756532-af86-4b35-bcd0-c3b41f109e3c,0,[]
590,failed,"['02Dec@1', '04Ran@2']","['DecentralizingAgent', 'RandomAgent']",12,11,AgentMechanismInterface,False,False,True,2,0.8285282580181956,0.15,False,False,"(77, 13, 35)",,2,False,,"(77, 13, 35)",47a3a6e9-caac-4a31-bad8-f5094c8ab5df,0,[]
591,failed,"['03MyA@1', '00Ind@0']","['MyAgent', 'IndDecentralizingAgent']",12,11,AgentMechanismInterface,False,False,True,2,0.6331636048853397,0.15,False,False,"(59, 48, 16)",,2,False,,"(59, 48, 16)",cef1069d-6b4f-4bea-998f-3f3ce140d5fe,0,[]
592,failed,"['05Dec@2', '02Dec@1']","['DecentralizingAgent', 'DecentralizingAgent']",12,11,AgentMechanismInterface,False,False,True,2,0.9009576486423612,0.15,True,False,,,2,False,,"(10, 16, 21)",cede7e62-109b-494e-85bf-fb9e3d12a390,0,[]
593,failed,"['02Dec@1', '04Ran@2']","['DecentralizingAgent', 'RandomAgent']",12,11,AgentMechanismInterface,False,False,True,2,0.08706400729715824,0.15,True,False,,,2,False,,,9e32150a-6e4d-45d5-928b-06de1735b146,0,[]
594,failed,"['03MyA@1', '00Ind@0']","['MyAgent', 'IndDecentralizingAgent']",12,11,AgentMechanismInterface,False,False,True,2,0.7550693172961473,0.15,False,False,"(55, 22, 16)",,2,False,,"(55, 22, 16)",53592056-b94e-4419-809a-438086e284f5,0,[]
595,failed,"['04Ran@2', '02Dec@1']","['RandomAgent', 'DecentralizingAgent']",12,11,AgentMechanismInterface,False,False,True,8,1.0725649604573846,0.45,False,False,"(6, 34, 20)",,2,False,,"(6, 34, 20)",868877e4-afd0-4f68-afcc-47d4ae501f73,0,"[('868877e4-afd0-4f68-afcc-47d4ae501f73', (6, 34, 20))]"
596,failed,"['02Dec@1', '04Ran@2']","['DecentralizingAgent', 'RandomAgent']",12,11,AgentMechanismInterface,False,False,True,10,1.0426807394251227,0.55,False,False,"(1, 16, 42)",,2,False,,"(1, 16, 42)",08877540-068c-4561-9bdb-592ace0a3e7f,0,[]
597,failed,"['02Dec@1', '01Ran@0']","['DecentralizingAgent', 'RandomAgent']",12,11,AgentMechanismInterface,False,False,True,11,0.40707976650446653,0.6,False,False,"(1, 14, 2)",,2,False,,"(1, 14, 2)",13c56eeb-bc04-4e26-a0bb-f4ff11e220aa,0,[]
598,failed,"['02Dec@1', '05Dec@2']","['DecentralizingAgent', 'DecentralizingAgent']",12,11,AgentMechanismInterface,False,False,True,17,1.1716667748987675,0.9,False,False,"(3, 19, 32)",,2,False,,"(3, 19, 32)",b68f2c69-a5e5-48da-b133-b31778f63fa4,0,"[('b68f2c69-a5e5-48da-b133-b31778f63fa4', (3, 19, 32))]"
599,failed,"['00Ind@0', '03MyA@1']","['IndDecentralizingAgent', 'MyAgent']",12,11,AgentMechanismInterface,False,False,True,17,0.5037024915218353,0.9,False,False,"(16, 19, 25)",,2,False,,"(16, 19, 25)",51c1c541-4c2a-4889-879f-dee83dc345d8,0,[]
600,failed,"['02Dec@1', '00Ind@0']","['DecentralizingAgent', 'IndDecentralizingAgent']",12,11,AgentMechanismInterface,False,False,True,17,0.5081192553043365,0.9,False,False,"(2, 12, 9)",,2,False,,"(2, 12, 9)",c941fe13-4879-4d5b-895e-7fa82617f78b,0,"[('c941fe13-4879-4d5b-895e-7fa82617f78b', (2, 12, 9))]"
601,failed,"['02Dec@1', '04Ran@2']","['DecentralizingAgent', 'RandomAgent']",13,12,AgentMechanismInterface,False,False,True,2,0.056916640140116215,0.15,True,False,,,2,False,,,ce5fed9c-f228-41f2-8cdc-441b5d090170,0,[]
602,failed,"['02Dec@1', '05Dec@2']","['DecentralizingAgent', 'DecentralizingAgent']",13,12,AgentMechanismInterface,False,False,True,2,0.15387373138219118,0.15,True,False,,,2,False,,,168dcde0-6c9b-4858-bc50-25d72abb738e,0,[]
603,failed,"['02Dec@1', '04Ran@2']","['DecentralizingAgent', 'RandomAgent']",13,12,AgentMechanismInterface,False,False,True,2,0.3875348614528775,0.15,False,False,"(25, 13, 28)",,2,False,,"(25, 13, 28)",e74a0b7c-946f-40d9-8b0f-b96ebafdd584,0,[]
604,failed,"['05Dec@2', '02Dec@1']","['DecentralizingAgent', 'DecentralizingAgent']",13,12,AgentMechanismInterface,False,False,True,2,0.15895215701311827,0.15,True,False,,,2,False,,"(7, 17, 21)",e8e89a77-3d83-481d-82f1-598456db2df8,0,[]
605,failed,"['02Dec@1', '04Ran@2']","['DecentralizingAgent', 'RandomAgent']",13,12,AgentMechanismInterface,False,False,True,2,0.20641936548054218,0.15,False,False,"(142, 13, 24)",,2,False,,"(142, 13, 24)",0636eb22-f4d0-4731-aecd-afaa9286574f,0,[]
606,failed,"['03MyA@1', '00Ind@0']","['MyAgent', 'IndDecentralizingAgent']",13,12,AgentMechanismInterface,False,False,True,2,0.5166344018653035,0.15,False,False,"(54, 23, 16)",,2,False,,"(54, 23, 16)",5cdfc316-85b6-4c14-a517-003fa90adbc4,0,[]
607,failed,"['04Ran@2', '02Dec@1']","['RandomAgent', 'DecentralizingAgent']",13,12,AgentMechanismInterface,False,False,True,10,0.16687703505158424,0.55,False,False,"(5, 38, 18)",,2,False,,"(5, 38, 18)",04058436-5c82-4204-a925-4452020b77cd,0,"[('04058436-5c82-4204-a925-4452020b77cd', (5, 38, 18))]"
608,failed,"['02Dec@1', '04Ran@2']","['DecentralizingAgent', 'RandomAgent']",13,12,AgentMechanismInterface,False,False,True,11,0.563738789409399,0.6,False,False,"(5, 20, 41)",,2,False,,"(5, 20, 41)",ff08af5d-c6e7-48d1-826b-dee059f1a68e,0,[]
609,failed,"['02Dec@1', '05Dec@2']","['DecentralizingAgent', 'DecentralizingAgent']",13,12,AgentMechanismInterface,False,False,True,11,0.4480815641582012,0.6,True,False,,,2,False,,"(5, 21, 22)",e40d20c2-a265-479d-9dcf-e9f14f662ad1,0,[]
610,failed,"['04Ran@2', '02Dec@1']","['RandomAgent', 'DecentralizingAgent']",13,12,AgentMechanismInterface,False,False,True,15,0.3630453944206238,0.8,False,False,"(5, 13, 15)",,2,False,,"(5, 13, 15)",f13d5fcb-3215-4fff-b6c3-c5c676107993,0,"[('f13d5fcb-3215-4fff-b6c3-c5c676107993', (5, 13, 15))]"
611,failed,"['00Ind@0', '03MyA@1']","['IndDecentralizingAgent', 'MyAgent']",13,12,AgentMechanismInterface,False,False,True,17,0.6157011985778809,0.9,False,False,"(13, 44, 25)",,2,False,,"(13, 44, 25)",0d4e207e-573c-47d9-ab24-07a9ad6f179c,0,"[('0d4e207e-573c-47d9-ab24-07a9ad6f179c', (13, 44, 25))]"
612,failed,"['02Dec@1', '05Dec@2']","['DecentralizingAgent', 'DecentralizingAgent']",14,13,AgentMechanismInterface,False,False,True,2,0.013131547719240189,0.15,True,False,,,2,False,,,a3cddbb8-bec7-4963-8a2e-0a8f38708d87,0,[]
613,failed,"['03MyA@1', '01Ran@0']","['MyAgent', 'RandomAgent']",14,13,AgentMechanismInterface,False,False,True,2,0.2743076281622052,0.15,False,False,"(13, 27, 14)",,2,False,,"(13, 27, 14)",9856dc8a-3847-4aa6-8a23-bc01d48797af,0,[]
614,failed,"['00Ind@0', '03MyA@1']","['IndDecentralizingAgent', 'MyAgent']",14,13,AgentMechanismInterface,False,False,True,2,0.4335358636453748,0.15,True,False,,,2,False,,,3ebbe404-d8aa-4d91-8fc3-ba632cec0475,0,[]
615,failed,"['02Dec@1', '04Ran@2']","['DecentralizingAgent', 'RandomAgent']",14,13,AgentMechanismInterface,False,False,True,2,0.15915969014167786,0.15,True,False,,,2,False,,,2168993b-6c6f-4790-adb4-2d62e1aa0659,0,[]
616,failed,"['02Dec@1', '04Ran@2']","['DecentralizingAgent', 'RandomAgent']",14,13,AgentMechanismInterface,False,False,True,2,0.7181700803339481,0.15,False,False,"(19, 16, 35)",,2,False,,"(19, 16, 35)",4829bd18-99b9-4567-aa24-87aa15b511dc,0,[]
617,failed,"['02Dec@1', '04Ran@2']","['DecentralizingAgent', 'RandomAgent']",14,13,AgentMechanismInterface,False,False,True,2,0.6227946234866977,0.15,False,False,"(232, 15, 35)",,2,False,,"(232, 15, 35)",cb77fe2f-f4bf-4dba-bedf-fccc6e2f33d1,0,"[('cb77fe2f-f4bf-4dba-bedf-fccc6e2f33d1', (232, 15, 35))]"
618,failed,"['05Dec@2', '02Dec@1']","['DecentralizingAgent', 'DecentralizingAgent']",14,13,AgentMechanismInterface,False,False,True,2,0.6357892462983727,0.15,True,False,,,2,False,,,5b836237-f3ff-4d89-abb3-768e39bc436a,0,[]
619,failed,"['04Ran@2', '02Dec@1']","['RandomAgent', 'DecentralizingAgent']",14,13,AgentMechanismInterface,False,False,True,7,0.28862218745052814,0.4,False,False,"(10, 19, 21)",,2,False,,"(10, 19, 21)",b470712d-1319-45cf-a0ff-b9835fb35517,0,[]
620,failed,"['04Ran@2', '02Dec@1']","['RandomAgent', 'DecentralizingAgent']",14,13,AgentMechanismInterface,False,False,True,16,0.44317365624010563,0.85,False,False,"(9, 15, 13)",,2,False,,"(9, 15, 13)",24268bf7-c9da-4f3b-80b5-2257bfe18d88,0,[]
621,failed,"['02Dec@1', '04Ran@2']","['DecentralizingAgent', 'RandomAgent']",14,13,AgentMechanismInterface,False,False,True,16,0.9176043877378106,0.85,False,False,"(1, 18, 36)",,2,False,,"(1, 18, 36)",26d5c25e-fa02-4eb6-ae79-467d9cc22ce7,0,[]
622,failed,"['02Dec@1', '05Dec@2']","['DecentralizingAgent', 'DecentralizingAgent']",14,13,AgentMechanismInterface,False,False,True,17,0.4816178800538182,0.9,False,False,"(5, 19, 31)",,2,False,,"(5, 19, 31)",66a47d66-3c1a-420e-a472-b2bde4d02597,0,"[('66a47d66-3c1a-420e-a472-b2bde4d02597', (5, 19, 31))]"
623,failed,"['02Dec@1', '04Ran@2']","['DecentralizingAgent', 'RandomAgent']",15,14,AgentMechanismInterface,False,False,True,2,0.28125481866300106,0.15,False,False,"(167, 15, 25)",,2,False,,"(167, 15, 25)",476d5f65-4487-42d9-8e1f-c991a610fe70,0,"[('476d5f65-4487-42d9-8e1f-c991a610fe70', (167, 15, 25))]"
624,failed,"['02Dec@1', '05Dec@2']","['DecentralizingAgent', 'DecentralizingAgent']",15,14,AgentMechanismInterface,False,False,True,2,0.2970308605581522,0.15,True,False,,,2,False,,,5174fe7d-ae18-4593-a79d-318f5bd3dbd6,0,[]
625,failed,"['03MyA@1', '01Ran@0']","['MyAgent', 'RandomAgent']",15,14,AgentMechanismInterface,False,False,True,2,0.17970990482717752,0.15,False,False,"(21, 37, 2)",,2,False,,"(21, 37, 2)",aeb06f26-2512-483c-9f3e-d9a59cb556b1,0,"[('aeb06f26-2512-483c-9f3e-d9a59cb556b1', (21, 37, 2))]"
626,failed,"['02Dec@1', '04Ran@2']","['DecentralizingAgent', 'RandomAgent']",15,14,AgentMechanismInterface,False,False,True,2,0.19823276437819004,0.15,False,False,"(23, 15, 25)",,2,False,,"(23, 15, 25)",afdcabff-85c0-42b9-896f-ad7a6fdd7d33,0,"[('afdcabff-85c0-42b9-896f-ad7a6fdd7d33', (23, 15, 25))]"
627,failed,"['02Dec@1', '05Dec@2']","['DecentralizingAgent', 'DecentralizingAgent']",15,14,AgentMechanismInterface,False,False,True,2,0.18785974942147732,0.15,True,False,,,2,False,,,bb9fb9d5-fd1f-43ce-9cfb-8f3cccbd0f2c,0,[]
628,failed,"['04Ran@2', '02Dec@1']","['RandomAgent', 'DecentralizingAgent']",15,14,AgentMechanismInterface,False,False,True,15,0.501663220115006,0.8,False,False,"(1, 31, 20)",,2,False,,"(1, 31, 20)",3d07a7d3-510e-432d-9601-adb1b7271267,0,[]
629,failed,"['00Ind@0', '03MyA@1']","['IndDecentralizingAgent', 'MyAgent']",15,14,AgentMechanismInterface,False,False,True,17,0.2319039748981595,0.9,False,False,"(13, 44, 25)",,2,False,,"(13, 44, 25)",078be5f7-a99d-4e1a-bb77-e3d24a946b6c,0,"[('078be5f7-a99d-4e1a-bb77-e3d24a946b6c', (13, 44, 25))]"
630,failed,"['00Ind@0', '03MyA@1']","['IndDecentralizingAgent', 'MyAgent']",16,15,AgentMechanismInterface,False,False,True,2,0.26643785927444696,0.15,True,False,,,2,False,,"(8, 47, 32)",cce920ce-2f92-4922-bbcd-f95d4b828eb4,0,[]
631,failed,"['02Dec@1', '04Ran@2']","['DecentralizingAgent', 'RandomAgent']",16,15,AgentMechanismInterface,False,False,True,2,0.30144508369266987,0.15,False,False,"(73, 16, 37)",,2,False,,"(73, 16, 37)",692926e6-1c99-453a-a312-e49cc5db3605,0,[]
632,failed,"['03MyA@1', '00Ind@0']","['MyAgent', 'IndDecentralizingAgent']",16,15,AgentMechanismInterface,False,False,True,2,3.489883916452527,0.15,True,False,,,2,False,,,c86b68e7-1e2c-4868-9ef5-c588ee0f3cd3,0,[]
633,failed,"['02Dec@1', '05Dec@2']","['DecentralizingAgent', 'DecentralizingAgent']",16,15,AgentMechanismInterface,False,False,True,2,3.435527660883963,0.15,True,False,,,2,False,,"(7, 17, 21)",faf802f0-9bf6-4d89-8c47-8d8048b1fb83,0,[]
634,failed,"['04Ran@2', '02Dec@1']","['RandomAgent', 'DecentralizingAgent']",16,15,AgentMechanismInterface,False,False,True,2,3.5117037082090974,0.15,True,False,,,2,False,,"(2, 26, 3)",24bddb0f-a032-4fa3-a3a6-770840b29692,0,[]
635,failed,"['02Dec@1', '05Dec@2']","['DecentralizingAgent', 'DecentralizingAgent']",16,15,AgentMechanismInterface,False,False,True,2,3.3120158864185214,0.15,False,False,"(10, 16, 21)",,2,False,,"(10, 16, 21)",3f484dc8-ee38-4116-835e-fc58814ac907,0,[]
636,failed,"['02Dec@1', '04Ran@2']","['DecentralizingAgent', 'RandomAgent']",16,15,AgentMechanismInterface,False,False,True,2,3.481611738912761,0.15,True,False,,,2,False,,,966d6f75-f928-4f6b-85d9-bfcb43f87d50,0,[]
637,failed,"['02Dec@1', '04Ran@2']","['DecentralizingAgent', 'RandomAgent']",16,15,AgentMechanismInterface,False,False,True,10,3.7450262308120728,0.55,False,False,"(14, 24, 42)",,2,False,,"(14, 24, 42)",871de209-344c-4917-abd9-06cc3d464ef8,0,[]
638,failed,"['04Ran@2', '02Dec@1']","['RandomAgent', 'DecentralizingAgent']",16,15,AgentMechanismInterface,False,False,True,11,3.6931128157302737,0.6,False,False,"(7, 17, 20)",,2,False,,"(7, 17, 20)",96abe902-d77c-4e89-9017-8b1ea696f401,0,[]
639,failed,"['02Dec@1', '05Dec@2']","['DecentralizingAgent', 'DecentralizingAgent']",16,15,AgentMechanismInterface,False,False,True,17,3.6691207606345415,0.9,False,False,"(23, 21, 33)",,2,False,,"(23, 21, 33)",ca3911f1-b89e-45c8-bb1e-600e56986150,0,[]
640,failed,"['05Dec@2', '02Dec@1']","['DecentralizingAgent', 'DecentralizingAgent']",16,15,AgentMechanismInterface,False,False,True,17,3.728857049718499,0.9,False,False,"(9, 16, 12)",,2,False,,"(9, 16, 12)",5315eb0e-27e3-4b5c-9e0c-57922f9b272e,0,"[('5315eb0e-27e3-4b5c-9e0c-57922f9b272e', (9, 16, 12))]"
641,failed,"['02Dec@1', '05Dec@2']","['DecentralizingAgent', 'DecentralizingAgent']",17,16,AgentMechanismInterface,False,False,True,1,0.027568800374865532,0.1,True,False,,,2,False,,,,0,[]
642,failed,"['02Dec@1', '05Dec@2']","['DecentralizingAgent', 'DecentralizingAgent']",17,16,AgentMechanismInterface,False,False,True,2,0.19240021985024214,0.15,True,False,,,2,False,,,35b49ca3-b42d-46bb-9256-9c4e418226a3,0,[]
643,failed,"['02Dec@1', '04Ran@2']","['DecentralizingAgent', 'RandomAgent']",17,16,AgentMechanismInterface,False,False,True,2,0.08508575800806284,0.15,False,False,"(4, 17, 23)",,2,False,,"(4, 17, 23)",1a82503f-3138-4f8d-871b-79686af44e6a,0,"[('1a82503f-3138-4f8d-871b-79686af44e6a', (4, 17, 23))]"
644,failed,"['04Ran@2', '02Dec@1']","['RandomAgent', 'DecentralizingAgent']",17,16,AgentMechanismInterface,False,False,True,2,0.13233068119734526,0.15,True,False,,,2,False,,,d945bfe6-7bbc-4dfe-881c-c77cf2676334,0,[]
645,failed,"['05Dec@2', '02Dec@1']","['DecentralizingAgent', 'DecentralizingAgent']",17,16,AgentMechanismInterface,False,False,True,2,0.08797108195722103,0.15,True,False,,,2,False,,,44dca1b1-155a-4d68-98b4-b09aff0ac065,0,[]
646,failed,"['03MyA@1', '01Ran@0']","['MyAgent', 'RandomAgent']",17,16,AgentMechanismInterface,False,False,True,2,0.313466215506196,0.15,True,False,,,2,False,,,b8113897-ae80-4557-89ea-48b0e65c3c65,0,[]
647,failed,"['04Ran@2', '02Dec@1']","['RandomAgent', 'DecentralizingAgent']",17,16,AgentMechanismInterface,False,False,True,2,0.17442203219980001,0.15,True,False,,,2,False,,,ea81c0ad-505c-4bcc-8b0d-dc676ab14afd,0,[]
648,failed,"['05Dec@2', '02Dec@1']","['DecentralizingAgent', 'DecentralizingAgent']",17,16,AgentMechanismInterface,False,False,True,2,0.3241597255691886,0.15,False,False,"(41, 27, 21)",,2,False,,"(41, 27, 21)",16da10ec-5f2d-4e58-8581-2f6d3eab7081,0,[]
649,failed,"['02Dec@1', '04Ran@2']","['DecentralizingAgent', 'RandomAgent']",17,16,AgentMechanismInterface,False,False,True,2,0.17712431121617556,0.15,False,False,"(4, 18, 24)",,2,False,,"(4, 18, 24)",96da7722-f997-48cc-ac21-272321d4fd22,0,[]
650,failed,"['00Ind@0', '03MyA@1']","['IndDecentralizingAgent', 'MyAgent']",17,16,AgentMechanismInterface,False,False,True,2,0.16204860154539347,0.15,True,False,,,2,False,,,402d2322-9a82-4cc5-b404-4287a793b787,0,[]
651,failed,"['02Dec@1', '04Ran@2']","['DecentralizingAgent', 'RandomAgent']",17,16,AgentMechanismInterface,False,False,True,16,0.27185617852956057,0.85,False,False,"(1, 22, 36)",,2,False,,"(1, 22, 36)",32f0a772-f75d-4955-b361-d6c5bc490b6b,0,[]
652,failed,"['00Ind@0', '03MyA@1']","['IndDecentralizingAgent', 'MyAgent']",17,16,AgentMechanismInterface,False,False,True,17,0.3479543449357152,0.9,False,False,"(3, 27, 24)",,2,False,,"(3, 27, 24)",dcce466a-a6f4-428b-a45b-c96e94cd1673,0,"[('dcce466a-a6f4-428b-a45b-c96e94cd1673', (3, 27, 24))]"
653,failed,"['02Dec@1', '05Dec@2']","['DecentralizingAgent', 'DecentralizingAgent']",17,16,AgentMechanismInterface,False,False,True,17,0.2695969119668007,0.9,False,False,"(5, 23, 31)",,2,False,,"(5, 23, 31)",26a77a4b-1047-4471-bc62-227630ed538b,0,"[('26a77a4b-1047-4471-bc62-227630ed538b', (5, 23, 31))]"
654,failed,"['03MyA@1', '00Ind@0']","['MyAgent', 'IndDecentralizingAgent']",18,17,AgentMechanismInterface,False,False,True,2,0.07255925610661507,0.15,True,False,,,2,False,,,e9e86364-24e9-41c1-991f-0403ca22b7d7,0,[]
655,failed,"['05Dec@2', '02Dec@1']","['DecentralizingAgent', 'DecentralizingAgent']",18,17,AgentMechanismInterface,False,False,True,2,0.004102759063243866,0.15,True,False,,,2,False,,,1d16a159-dc39-4d64-b784-54c7884e9cb6,0,[]
656,failed,"['02Dec@1', '04Ran@2']","['DecentralizingAgent', 'RandomAgent']",18,17,AgentMechanismInterface,False,False,True,2,0.15329931676387787,0.15,False,False,"(210, 18, 42)",,2,False,,"(210, 18, 42)",1ebe30f5-795f-4cb2-bcc6-69ed0aafc2c2,0,"[('1ebe30f5-795f-4cb2-bcc6-69ed0aafc2c2', (210, 18, 42))]"
657,failed,"['02Dec@1', '04Ran@2']","['DecentralizingAgent', 'RandomAgent']",18,17,AgentMechanismInterface,False,False,True,2,0.31001559365540743,0.15,False,False,"(38, 20, 30)",,2,False,,"(38, 20, 30)",dce993fc-8e0a-4758-9937-e42f0780e79d,0,[]
658,failed,"['02Dec@1', '05Dec@2']","['DecentralizingAgent', 'DecentralizingAgent']",18,17,AgentMechanismInterface,False,False,True,2,0.18846801668405533,0.15,True,False,,,2,False,,,3782f057-95e3-4d23-8f14-cb08f40d11e1,0,[]
659,failed,"['02Dec@1', '05Dec@2']","['DecentralizingAgent', 'DecentralizingAgent']",18,17,AgentMechanismInterface,False,False,True,2,0.04613562021404505,0.15,True,False,,,2,False,,"(2, 18, 21)",04caeb42-74c6-4a10-9258-5f11b2ecd5d6,0,[]
660,failed,"['03MyA@1', '01Ran@0']","['MyAgent', 'RandomAgent']",18,17,AgentMechanismInterface,False,False,True,2,0.3020657189190388,0.15,False,False,"(18, 24, 1)",,2,False,,"(18, 24, 1)",6a76c954-ae93-426b-be6f-d3c3db920f43,0,[]
661,failed,"['04Ran@2', '02Dec@1']","['RandomAgent', 'DecentralizingAgent']",18,17,AgentMechanismInterface,False,False,True,2,0.10638622473925352,0.15,True,False,,,2,False,,,21f7d1ad-783b-416e-8cd9-15f7546814fa,0,[]
662,failed,"['05Dec@2', '02Dec@1']","['DecentralizingAgent', 'DecentralizingAgent']",18,17,AgentMechanismInterface,False,False,True,2,0.3654838977381587,0.15,True,False,,,2,False,,,13830c3f-c065-466e-b360-a884bc96ecc7,0,[]
663,failed,"['02Dec@1', '04Ran@2']","['DecentralizingAgent', 'RandomAgent']",18,17,AgentMechanismInterface,False,False,True,11,0.35596575401723385,0.6,False,False,"(9, 27, 42)",,2,False,,"(9, 27, 42)",6c06aa90-4718-484d-9176-858cd6a58e3f,0,"[('6c06aa90-4718-484d-9176-858cd6a58e3f', (9, 27, 42))]"
664,failed,"['04Ran@2', '02Dec@1']","['RandomAgent', 'DecentralizingAgent']",18,17,AgentMechanismInterface,False,False,True,13,0.4595534782856703,0.7,False,False,"(5, 22, 20)",,2,False,,"(5, 22, 20)",35010fb1-3459-4b7e-bfed-64d76479090a,0,[]
665,failed,"['02Dec@1', '05Dec@2']","['DecentralizingAgent', 'DecentralizingAgent']",18,17,AgentMechanismInterface,False,False,True,17,0.3236285774037242,0.9,False,False,"(10, 28, 32)",,2,False,,"(10, 28, 32)",c4929619-ef35-48c1-9ee9-996fa00be720,0,"[('c4929619-ef35-48c1-9ee9-996fa00be720', (10, 28, 32))]"
666,failed,"['00Ind@0', '03MyA@1']","['IndDecentralizingAgent', 'MyAgent']",18,17,AgentMechanismInterface,False,False,True,17,0.425456665456295,0.9,False,False,"(15, 44, 23)",,2,False,,"(15, 44, 23)",29bdfe5d-c1dd-4ecf-88da-5fe555f5075b,0,"[('29bdfe5d-c1dd-4ecf-88da-5fe555f5075b', (15, 44, 23))]"
667,failed,"['03MyA@1', '01Ran@0']","['MyAgent', 'RandomAgent']",19,18,AgentMechanismInterface,False,False,True,2,0.14384932722896338,0.15,False,False,"(7, 28, 3)",,2,False,,"(7, 28, 3)",6973f751-36fd-497c-af29-8f97e97a78ba,0,"[('6973f751-36fd-497c-af29-8f97e97a78ba', (7, 28, 3))]"
668,failed,"['02Dec@1', '04Ran@2']","['DecentralizingAgent', 'RandomAgent']",19,18,AgentMechanismInterface,False,False,True,2,0.17223615758121014,0.15,True,False,,,2,False,,,fd22ac7d-78a7-4d90-b1ea-72127c3d457a,0,[]
669,failed,"['02Dec@1', '04Ran@2']","['DecentralizingAgent', 'RandomAgent']",19,18,AgentMechanismInterface,False,False,True,2,0.12014263682067394,0.15,False,False,"(32, 20, 30)",,2,False,,"(32, 20, 30)",e06a5892-68cd-411a-99ed-406ea6aec92b,0,[]
670,failed,"['02Dec@1', '04Ran@2']","['DecentralizingAgent', 'RandomAgent']",19,18,AgentMechanismInterface,False,False,True,2,0.1937114279717207,0.15,True,False,,,2,False,,"(2, 19, 22)",ae401f37-766d-420b-a34a-935758f11ff9,0,[]
671,failed,"['02Dec@1', '05Dec@2']","['DecentralizingAgent', 'DecentralizingAgent']",19,18,AgentMechanismInterface,False,False,True,2,0.20031060744076967,0.15,True,False,,,2,False,,"(7, 20, 21)",ea7bd5a1-312b-4b81-a773-99d69a06c61c,0,[]
672,failed,"['04Ran@2', '02Dec@1']","['RandomAgent', 'DecentralizingAgent']",19,18,AgentMechanismInterface,False,False,True,5,0.11247176583856344,0.3,False,False,"(6, 33, 21)",,2,False,,"(6, 33, 21)",ac48edef-d9a3-48f8-be44-725327d53e03,0,[]
673,failed,"['04Ran@2', '02Dec@1']","['RandomAgent', 'DecentralizingAgent']",19,18,AgentMechanismInterface,False,False,True,15,0.2444781605154276,0.8,False,False,"(6, 19, 15)",,2,False,,"(6, 19, 15)",531da804-0b9a-40b5-a10d-60380a73d3d9,0,"[('531da804-0b9a-40b5-a10d-60380a73d3d9', (6, 19, 15))]"
674,failed,"['05Dec@2', '02Dec@1']","['DecentralizingAgent', 'DecentralizingAgent']",19,18,AgentMechanismInterface,False,False,True,17,0.15384476352483034,0.9,False,False,"(8, 23, 10)",,2,False,,"(8, 23, 10)",2ed8fe5e-8a73-4d26-8777-3ca57d66ce39,0,"[('2ed8fe5e-8a73-4d26-8777-3ca57d66ce39', (8, 23, 10))]"
675,failed,"['00Ind@0', '03MyA@1']","['IndDecentralizingAgent', 'MyAgent']",19,18,AgentMechanismInterface,False,False,True,17,0.23848717380315065,0.9,False,False,"(9, 47, 23)",,2,False,,"(9, 47, 23)",da6dc2b5-ac63-4a70-bfb9-78d7b827ece4,0,"[('da6dc2b5-ac63-4a70-bfb9-78d7b827ece4', (9, 47, 23))]"
676,failed,"['02Dec@1', '04Ran@2']","['DecentralizingAgent', 'RandomAgent']",20,19,AgentMechanismInterface,False,False,True,2,0.30089923460036516,0.15,True,False,,,2,False,,,1c069696-aa7d-4bb5-bf82-be4533ec3bc6,0,[]
677,failed,"['03MyA@1', '01Ran@0']","['MyAgent', 'RandomAgent']",20,19,AgentMechanismInterface,False,False,True,2,0.4268651008605957,0.15,False,False,"(22, 24, 8)",,2,False,,"(22, 24, 8)",d87b0749-e1af-4738-a7d1-23ca60e56a9f,0,[]
678,failed,"['03MyA@1', '00Ind@0']","['MyAgent', 'IndDecentralizingAgent']",20,19,AgentMechanismInterface,False,False,True,2,0.31216960679739714,0.15,False,False,"(61, 48, 16)",,2,False,,"(61, 48, 16)",4d7e43ef-8414-4bed-86de-ceb72d0e7159,0,[]
679,failed,"['02Dec@1', '04Ran@2']","['DecentralizingAgent', 'RandomAgent']",20,19,AgentMechanismInterface,False,False,True,2,0.4409736590459943,0.15,False,False,"(31, 20, 24)",,2,False,,"(31, 20, 24)",af78c24c-cc62-43e1-9e5a-adbe1719126d,0,"[('af78c24c-cc62-43e1-9e5a-adbe1719126d', (31, 20, 24))]"
680,failed,"['00Ind@0', '03MyA@1']","['IndDecentralizingAgent', 'MyAgent']",20,19,AgentMechanismInterface,False,False,True,2,0.3284863382577896,0.15,True,False,,,2,False,,"(10, 47, 32)",51542e07-83fe-4a97-9197-d08662afb82e,0,[]
681,failed,"['05Dec@2', '02Dec@1']","['DecentralizingAgent', 'DecentralizingAgent']",20,19,AgentMechanismInterface,False,False,True,2,0.3193747978657484,0.15,True,False,,,2,False,,,d3f0ca46-9ccc-4e11-bdf0-95613926fd22,0,[]
682,failed,"['02Dec@1', '05Dec@2']","['DecentralizingAgent', 'DecentralizingAgent']",20,19,AgentMechanismInterface,False,False,True,2,0.3853747006505728,0.15,True,False,,,2,False,,"(8, 23, 21)",0b9a48ea-2a7a-414b-93ed-d2d702e40993,0,[]
683,failed,"['02Dec@1', '04Ran@2']","['DecentralizingAgent', 'RandomAgent']",20,19,AgentMechanismInterface,False,False,True,2,0.3862501559779048,0.15,False,False,"(1, 20, 42)",,2,False,,"(1, 20, 42)",97bd4d83-8192-48ed-9fc7-f3a9c074a7a2,0,"[('97bd4d83-8192-48ed-9fc7-f3a9c074a7a2', (1, 20, 42))]"
684,failed,"['04Ran@2', '02Dec@1']","['RandomAgent', 'DecentralizingAgent']",20,19,AgentMechanismInterface,False,False,True,2,0.09710263926535845,0.15,True,False,,,2,False,,,7dcee02e-6a37-4e49-a671-0aa21b8c27b5,0,[]
685,failed,"['02Dec@1', '04Ran@2']","['DecentralizingAgent', 'RandomAgent']",20,19,AgentMechanismInterface,False,False,True,12,0.488375062122941,0.65,False,False,"(8, 29, 41)",,2,False,,"(8, 29, 41)",c25c3113-5d45-4284-98d9-f59ec0189632,0,[]
686,failed,"['02Dec@1', '05Dec@2']","['DecentralizingAgent', 'DecentralizingAgent']",20,19,AgentMechanismInterface,False,False,True,17,0.47760810889303684,0.9,False,False,"(11, 30, 32)",,2,False,,"(11, 30, 32)",7793714e-04d9-465f-8b3e-e119a1f88ff3,0,"[('7793714e-04d9-465f-8b3e-e119a1f88ff3', (11, 30, 32))]"
687,failed,"['04Ran@2', '02Dec@1']","['RandomAgent', 'DecentralizingAgent']",20,19,AgentMechanismInterface,False,False,True,17,0.48837463092058897,0.9,False,False,"(7, 20, 13)",,2,False,,"(7, 20, 13)",59af9dda-6179-4eed-b2b8-5745175de7d2,0,[]
688,failed,"['00Ind@0', '03MyA@1']","['IndDecentralizingAgent', 'MyAgent']",20,19,AgentMechanismInterface,False,False,True,17,0.5166719378903508,0.9,False,False,"(1, 30, 24)",,2,False,,"(1, 30, 24)",e4360420-6e79-4031-96df-7aba9b77a8c9,0,"[('e4360420-6e79-4031-96df-7aba9b77a8c9', (1, 30, 24))]"
689,failed,"['04Ran@2', '02Dec@1']","['RandomAgent', 'DecentralizingAgent']",21,20,AgentMechanismInterface,False,False,True,2,0.2793716909363866,0.15,True,False,,,2,False,,"(6, 25, 12)",e730369f-a3fe-4add-a75b-7bb9b45c1453,0,[]
690,failed,"['05Dec@2', '02Dec@1']","['DecentralizingAgent', 'DecentralizingAgent']",21,20,AgentMechanismInterface,False,False,True,2,0.028410345315933228,0.15,True,False,,,2,False,,,5455c0de-b5e4-42cb-a7d2-8b9017c204a7,0,[]
691,failed,"['02Dec@1', '05Dec@2']","['DecentralizingAgent', 'DecentralizingAgent']",21,20,AgentMechanismInterface,False,False,True,2,0.42827161587774754,0.15,False,False,"(162, 21, 21)",,2,False,,"(162, 21, 21)",ac54911a-e475-424d-acd7-ce9627394cb6,0,[]
692,failed,"['03MyA@1', '00Ind@0']","['MyAgent', 'IndDecentralizingAgent']",21,20,AgentMechanismInterface,False,False,True,2,0.22266286332160234,0.15,False,False,"(20, 28, 16)",,2,False,,"(20, 28, 16)",c5141ce4-466d-4350-b095-cdede8c884f8,0,"[('c5141ce4-466d-4350-b095-cdede8c884f8', (20, 28, 16))]"
693,failed,"['02Dec@1', '05Dec@2']","['DecentralizingAgent', 'DecentralizingAgent']",21,20,AgentMechanismInterface,False,False,True,2,0.009188853204250336,0.15,True,False,,,2,False,,,80b970a4-afb1-4db1-b17b-795a8b12854a,0,[]
694,failed,"['05Dec@2', '02Dec@1']","['DecentralizingAgent', 'DecentralizingAgent']",21,20,AgentMechanismInterface,False,False,True,2,0.20318893063813448,0.15,True,False,,,2,False,,,2563d9bf-40cd-4ffc-86d1-6c432e3e80f9,0,[]
695,failed,"['03MyA@1', '00Ind@0']","['MyAgent', 'IndDecentralizingAgent']",21,20,AgentMechanismInterface,False,False,True,2,0.17663273215293884,0.15,False,False,"(69, 31, 16)",,2,False,,"(69, 31, 16)",c1eb8636-1a29-4245-9aa6-faa5b06b2588,0,[]
696,failed,"['02Dec@1', '04Ran@2']","['DecentralizingAgent', 'RandomAgent']",21,20,AgentMechanismInterface,False,False,True,2,0.31896650418639183,0.15,False,False,"(28, 21, 34)",,2,False,,"(28, 21, 34)",ee27e3a5-bd08-45e7-b0ef-fb702a3016ba,0,[]
697,failed,"['04Ran@2', '02Dec@1']","['RandomAgent', 'DecentralizingAgent']",21,20,AgentMechanismInterface,False,False,True,11,0.58037787117064,0.6,False,False,"(10, 39, 19)",,2,False,,"(10, 39, 19)",4da35928-dbb6-49c3-b8f2-f9b32c0a6e42,0,"[('4da35928-dbb6-49c3-b8f2-f9b32c0a6e42', (10, 39, 19))]"
698,failed,"['02Dec@1', '04Ran@2']","['DecentralizingAgent', 'RandomAgent']",21,20,AgentMechanismInterface,False,False,True,13,0.2943517677485943,0.7,False,False,"(11, 27, 41)",,2,False,,"(11, 27, 41)",42969e0b-9c89-4bb0-8a35-fd1ae18fe8b1,0,[]
699,failed,"['00Ind@0', '03MyA@1']","['IndDecentralizingAgent', 'MyAgent']",21,20,AgentMechanismInterface,False,False,True,17,0.21778671815991402,0.9,False,False,"(12, 43, 25)",,2,False,,"(12, 43, 25)",c2bb707a-5157-4bfd-8b9e-71a040944bab,0,"[('c2bb707a-5157-4bfd-8b9e-71a040944bab', (12, 43, 25))]"
700,failed,"['02Dec@1', '05Dec@2']","['DecentralizingAgent', 'DecentralizingAgent']",21,20,AgentMechanismInterface,False,False,True,17,0.24215463921427727,0.9,False,False,"(10, 26, 31)",,2,False,,"(10, 26, 31)",139f40b2-1732-4a49-a228-a50c944731b8,0,"[('139f40b2-1732-4a49-a228-a50c944731b8', (10, 26, 31))]"
701,failed,"['05Dec@2', '02Dec@1']","['DecentralizingAgent', 'DecentralizingAgent']",22,21,AgentMechanismInterface,False,False,True,2,0.3339528739452362,0.15,True,False,,,2,False,,,0e494ae9-61a5-40df-bc65-928139276f64,0,[]
702,failed,"['02Dec@1', '04Ran@2']","['DecentralizingAgent', 'RandomAgent']",22,21,AgentMechanismInterface,False,False,True,2,0.283483593724668,0.15,True,False,,,2,False,,,6a675511-cec3-47c5-82fa-3039686d5a74,0,[]
703,failed,"['03MyA@1', '00Ind@0']","['MyAgent', 'IndDecentralizingAgent']",22,21,AgentMechanismInterface,False,False,True,2,0.2635786570608616,0.15,False,False,"(58, 48, 16)",,2,False,,"(58, 48, 16)",0e4405ee-e8e4-4b19-a20e-2c48215ce062,0,"[('0e4405ee-e8e4-4b19-a20e-2c48215ce062', (58, 48, 16))]"
704,failed,"['02Dec@1', '04Ran@2']","['DecentralizingAgent', 'RandomAgent']",22,21,AgentMechanismInterface,False,False,True,2,0.3987778890877962,0.15,False,False,"(16, 23, 36)",,2,False,,"(16, 23, 36)",2ff5082f-46e9-4ff4-975e-2704eaa4b4a5,0,[]
705,failed,"['00Ind@0', '03MyA@1']","['IndDecentralizingAgent', 'MyAgent']",22,21,AgentMechanismInterface,False,False,True,2,0.3656713981181383,0.15,True,False,,,2,False,,,9429ba1e-f0ac-4e79-9a2c-c211c71ec086,0,[]
706,failed,"['04Ran@2', '02Dec@1']","['RandomAgent', 'DecentralizingAgent']",22,21,AgentMechanismInterface,False,False,True,12,0.35079840663820505,0.65,False,False,"(2, 22, 20)",,2,False,,"(2, 22, 20)",5f0535e2-dd90-4c7c-9ed6-23ea3cad3f45,0,[]
707,failed,"['00Ind@0', '03MyA@1']","['IndDecentralizingAgent', 'MyAgent']",22,21,AgentMechanismInterface,False,False,True,17,0.43090244103223085,0.9,False,False,"(14, 30, 23)",,2,False,,"(14, 30, 23)",0fe7f1be-6580-4d8c-afe5-f1248a0b9ef4,0,"[('0fe7f1be-6580-4d8c-afe5-f1248a0b9ef4', (14, 30, 23))]"
708,failed,"['02Dec@1', '05Dec@2']","['DecentralizingAgent', 'DecentralizingAgent']",23,22,AgentMechanismInterface,False,False,True,2,0.0790999373421073,0.15,False,False,"(51, 23, 21)",,2,False,,"(51, 23, 21)",f7c14000-3af1-495d-8e46-6063e123d239,0,[]
709,failed,"['05Dec@2', '02Dec@1']","['DecentralizingAgent', 'DecentralizingAgent']",23,22,AgentMechanismInterface,False,False,True,2,0.1038218168541789,0.15,True,False,,,2,False,,,92f16e3c-81e2-4294-bbb1-f999b5409fc2,0,[]
710,failed,"['03MyA@1', '01Ran@0']","['MyAgent', 'RandomAgent']",23,22,AgentMechanismInterface,False,False,True,2,0.17092292103916407,0.15,False,False,"(32, 23, 16)",,2,False,,"(32, 23, 16)",a0f3e015-8b29-4691-b8b9-fe4437787ef6,0,"[('a0f3e015-8b29-4691-b8b9-fe4437787ef6', (32, 23, 16))]"
711,failed,"['02Dec@1', '04Ran@2']","['DecentralizingAgent', 'RandomAgent']",23,22,AgentMechanismInterface,False,False,True,2,0.07206320576369762,0.15,False,False,"(111, 23, 34)",,2,False,,"(111, 23, 34)",13db4a7f-ee5e-46cd-8db0-e38a677d8255,0,[]
712,failed,"['02Dec@1', '04Ran@2']","['DecentralizingAgent', 'RandomAgent']",23,22,AgentMechanismInterface,False,False,True,2,0.03910520114004612,0.15,False,False,"(13, 23, 32)",,2,False,,"(13, 23, 32)",d0452738-59a6-4377-9fa6-76f3594ece2b,0,[]
713,failed,"['04Ran@2', '02Dec@1']","['RandomAgent', 'DecentralizingAgent']",23,22,AgentMechanismInterface,False,False,True,12,0.1448686607182026,0.65,False,False,"(2, 24, 19)",,2,False,,"(2, 24, 19)",4d8960ea-d6d2-4059-89e4-33c8d7063c80,0,"[('4d8960ea-d6d2-4059-89e4-33c8d7063c80', (2, 24, 19))]"
714,failed,"['00Ind@0', '03MyA@1']","['IndDecentralizingAgent', 'MyAgent']",23,22,AgentMechanismInterface,False,False,True,17,0.16541330702602863,0.9,False,False,"(11, 43, 25)",,2,False,,"(11, 43, 25)",5aca5aa6-8613-4d1a-ba53-9bceae56171d,0,"[('5aca5aa6-8613-4d1a-ba53-9bceae56171d', (11, 43, 25))]"
715,failed,"['03MyA@1', '00Ind@0']","['MyAgent', 'IndDecentralizingAgent']",24,23,AgentMechanismInterface,False,False,True,2,0.42979411873966455,0.15,False,False,"(59, 48, 16)",,2,False,,"(59, 48, 16)",5d475e9d-b9bd-44d3-a66f-fb409b61db3f,0,"[('5d475e9d-b9bd-44d3-a66f-fb409b61db3f', (59, 48, 16))]"
716,failed,"['03MyA@1', '01Ran@0']","['MyAgent', 'RandomAgent']",24,23,AgentMechanismInterface,False,False,True,2,0.03284782636910677,0.15,False,False,"(10, 28, 15)",,2,False,,"(10, 28, 15)",5d9d4e66-1c52-4b68-a89c-45b5afcb9fd2,0,[]
717,failed,"['02Dec@1', '04Ran@2']","['DecentralizingAgent', 'RandomAgent']",24,23,AgentMechanismInterface,False,False,True,2,0.21940732840448618,0.15,True,False,,,2,False,,,ea922095-3a05-4f6a-b450-cfca8ffc3aaf,0,[]
718,failed,"['00Ind@0', '03MyA@1']","['IndDecentralizingAgent', 'MyAgent']",24,23,AgentMechanismInterface,False,False,True,2,0.1593543430790305,0.15,True,False,,,2,False,,"(7, 47, 32)",c497d92a-0d96-442f-8120-e9fd568d9d01,0,[]
719,failed,"['00Ind@0', '03MyA@1']","['IndDecentralizingAgent', 'MyAgent']",24,23,AgentMechanismInterface,False,False,True,2,0.046142956241965294,0.15,True,False,,,2,False,,,0fe43320-fa55-40f6-9a16-3ec7959145a4,0,[]
720,failed,"['04Ran@2', '02Dec@1']","['RandomAgent', 'DecentralizingAgent']",24,23,AgentMechanismInterface,False,False,True,12,0.2574195880442858,0.65,False,False,"(7, 30, 21)",,2,False,,"(7, 30, 21)",62b101c7-4886-4e51-9be8-4abaf0f80d9d,0,[]
721,failed,"['02Dec@1', '04Ran@2']","['DecentralizingAgent', 'RandomAgent']",24,23,AgentMechanismInterface,False,False,True,16,0.2025398090481758,0.85,False,False,"(14, 33, 34)",,2,False,,"(14, 33, 34)",cae2eb2d-3743-45b5-9d33-b48c07bf2734,0,[]
722,failed,"['02Dec@1', '05Dec@2']","['DecentralizingAgent', 'DecentralizingAgent']",24,23,AgentMechanismInterface,False,False,True,17,0.15395333338528872,0.9,False,False,"(33, 33, 32)",,2,False,,"(33, 33, 32)",6b0ead86-84cc-4cee-a69b-68ca23fee561,0,[]
723,failed,"['04Ran@2', '02Dec@1']","['RandomAgent', 'DecentralizingAgent']",25,24,AgentMechanismInterface,False,False,True,2,0.010551833547651768,0.15,True,False,,,2,False,,,ca70f287-dbbf-483d-ba37-2e19121fb78b,0,[]
724,failed,"['02Dec@1', '04Ran@2']","['DecentralizingAgent', 'RandomAgent']",25,24,AgentMechanismInterface,False,False,True,2,0.07920274324715137,0.15,True,False,,,2,False,,,5e2b642f-102f-4e39-8076-3c93da5551dc,0,[]
725,failed,"['03MyA@1', '01Ran@0']","['MyAgent', 'RandomAgent']",25,24,AgentMechanismInterface,False,False,True,2,0.08018418401479721,0.15,False,False,"(4, 25, 15)",,2,False,,"(4, 25, 15)",e7aedba3-9f8a-4bc9-bb74-de8587c3241a,0,[]
726,failed,"['02Dec@1', '00Ind@0']","['DecentralizingAgent', 'IndDecentralizingAgent']",25,24,AgentMechanismInterface,False,False,True,2,0.10608541499823332,0.15,True,False,,,2,False,,"(6, 29, 16)",ffb58156-6477-4fcd-bbd0-b7143b7d9f4e,0,[]
727,failed,"['02Dec@1', '01Ran@0']","['DecentralizingAgent', 'RandomAgent']",25,24,AgentMechanismInterface,False,False,True,2,0.05704930517822504,0.15,False,False,"(6, 28, 8)",,2,False,,"(6, 28, 8)",a0057420-0ddb-4dde-a389-faea5308fc85,0,[]
728,failed,"['04Ran@2', '02Dec@1']","['RandomAgent', 'DecentralizingAgent']",25,24,AgentMechanismInterface,False,False,True,14,0.1564757926389575,0.75,False,False,"(10, 28, 16)",,2,False,,"(10, 28, 16)",ecd17de9-eb6a-4a2f-abe8-c7749efc19f6,0,"[('ecd17de9-eb6a-4a2f-abe8-c7749efc19f6', (10, 28, 16))]"
729,failed,"['02Dec@1', '04Ran@2']","['DecentralizingAgent', 'RandomAgent']",25,24,AgentMechanismInterface,False,False,True,16,0.19344351906329393,0.85,False,False,"(1, 30, 34)",,2,False,,"(1, 30, 34)",43b5d315-015e-4541-889b-dcc05089c4eb,0,"[('43b5d315-015e-4541-889b-dcc05089c4eb', (1, 30, 34))]"
730,failed,"['00Ind@0', '03MyA@1']","['IndDecentralizingAgent', 'MyAgent']",25,24,AgentMechanismInterface,False,False,True,17,0.1945137968286872,0.9,False,False,"(13, 32, 25)",,2,False,,"(13, 32, 25)",60bfa3ea-d855-4fc7-b62d-e4d98752042a,0,"[('60bfa3ea-d855-4fc7-b62d-e4d98752042a', (13, 32, 25))]"
731,failed,"['02Dec@1', '05Dec@2']","['DecentralizingAgent', 'DecentralizingAgent']",25,24,AgentMechanismInterface,False,False,True,17,0.257733223028481,0.9,False,False,"(5, 34, 32)",,2,False,,"(5, 34, 32)",72494432-d42d-4818-a5d1-75bd09f0b024,0,"[('72494432-d42d-4818-a5d1-75bd09f0b024', (5, 34, 32))]"
732,failed,"['00Ind@0', '03MyA@1']","['IndDecentralizingAgent', 'MyAgent']",25,24,AgentMechanismInterface,False,False,True,17,0.37277635373175144,0.9,False,False,"(10, 42, 25)",,2,False,,"(10, 42, 25)",f299a2c3-2cc6-44ac-a38c-f3fd8ea480f3,0,"[('f299a2c3-2cc6-44ac-a38c-f3fd8ea480f3', (10, 42, 25))]"
733,failed,"['02Dec@1', '00Ind@0']","['DecentralizingAgent', 'IndDecentralizingAgent']",26,25,AgentMechanismInterface,False,False,True,2,0.11209659092128277,0.15,True,False,,,2,False,,"(14, 30, 16)",d766667d-2992-4655-aaa2-22e6a0de8b26,0,[]
734,failed,"['05Dec@2', '02Dec@1']","['DecentralizingAgent', 'DecentralizingAgent']",26,25,AgentMechanismInterface,False,False,True,2,0.4946854943409562,0.15,False,False,"(46, 36, 21)",,2,False,,"(46, 36, 21)",bbab08f7-888a-4111-8d1b-8eb38f2b97a7,0,[]
735,failed,"['03MyA@1', '00Ind@0']","['MyAgent', 'IndDecentralizingAgent']",26,25,AgentMechanismInterface,False,False,True,2,0.370309853926301,0.15,True,False,,,2,False,,,acd6d8eb-36c8-4a81-b895-d36c3d9f22ed,0,[]
736,failed,"['05Dec@2', '02Dec@1']","['DecentralizingAgent', 'DecentralizingAgent']",26,25,AgentMechanismInterface,False,False,True,2,0.12386134918779135,0.15,True,False,,,2,False,,"(11, 26, 1)",73cfa953-a066-444b-9a12-92b309af547e,0,[]
737,failed,"['02Dec@1', '01Ran@0']","['DecentralizingAgent', 'RandomAgent']",26,25,AgentMechanismInterface,False,False,True,2,0.1460556471720338,0.15,False,False,"(13, 30, 5)",,2,False,,"(13, 30, 5)",77b9759d-8140-4fae-8a81-33c7d19a5585,0,[]
738,failed,"['04Ran@2', '02Dec@1']","['RandomAgent', 'DecentralizingAgent']",26,25,AgentMechanismInterface,False,False,True,2,0.3884327495470643,0.15,True,False,,,2,False,,"(10, 28, 9)",db089c00-e471-4dfc-8f10-aa2ac3236990,0,[]
739,failed,"['03MyA@1', '01Ran@0']","['MyAgent', 'RandomAgent']",26,25,AgentMechanismInterface,False,False,True,2,0.15768657345324755,0.15,False,False,"(1, 32, 1)",,2,False,,"(1, 32, 1)",98456f1c-231a-44fa-89a0-d00dcda46622,0,"[('98456f1c-231a-44fa-89a0-d00dcda46622', (1, 32, 1))]"
740,failed,"['04Ran@2', '02Dec@1']","['RandomAgent', 'DecentralizingAgent']",26,25,AgentMechanismInterface,False,False,True,2,0.45247579645365477,0.15,True,False,,,2,False,,,92203304-08ee-4f04-b9f8-afa191228516,0,[]
741,failed,"['00Ind@0', '03MyA@1']","['IndDecentralizingAgent', 'MyAgent']",26,25,AgentMechanismInterface,False,False,True,2,0.43243567273020744,0.15,True,False,,,2,False,,"(8, 47, 32)",efcadb09-24f1-49e4-a6b3-f2545fb9c80a,0,[]
742,failed,"['03MyA@1', '00Ind@0']","['MyAgent', 'IndDecentralizingAgent']",26,25,AgentMechanismInterface,False,False,True,2,0.4125095224007964,0.15,False,False,"(60, 48, 16)",,2,False,,"(60, 48, 16)",88a0bff8-5485-4247-bc22-655b02bb7c47,0,[]
743,failed,"['02Dec@1', '04Ran@2']","['DecentralizingAgent', 'RandomAgent']",26,25,AgentMechanismInterface,False,False,True,2,0.6240609809756279,0.15,False,False,"(37, 28, 23)",,2,False,,"(37, 28, 23)",db88606c-9616-4d6e-b0d9-ee2cd91f1f53,0,[]
744,failed,"['02Dec@1', '04Ran@2']","['DecentralizingAgent', 'RandomAgent']",26,25,AgentMechanismInterface,False,False,True,13,0.6618867805227637,0.7,False,False,"(1, 32, 39)",,2,False,,"(1, 32, 39)",63574188-40e2-4542-b4be-25b1b578dcb8,0,"[('63574188-40e2-4542-b4be-25b1b578dcb8', (1, 32, 39))]"
745,failed,"['02Dec@1', '05Dec@2']","['DecentralizingAgent', 'DecentralizingAgent']",26,25,AgentMechanismInterface,False,False,True,17,0.6866188952699304,0.9,False,False,"(4, 33, 31)",,2,False,,"(4, 33, 31)",0a3c5c26-64d2-4207-a987-a40c185d153c,0,"[('0a3c5c26-64d2-4207-a987-a40c185d153c', (4, 33, 31))]"
746,failed,"['00Ind@0', '03MyA@1']","['IndDecentralizingAgent', 'MyAgent']",26,25,AgentMechanismInterface,False,False,True,17,0.24178242590278387,0.9,False,False,"(19, 35, 23)",,2,False,,"(19, 35, 23)",c9ce7def-9add-4e05-8171-9cba2ca144b3,0,[]
747,failed,"['03MyA@1', '00Ind@0']","['MyAgent', 'IndDecentralizingAgent']",27,26,AgentMechanismInterface,False,False,True,2,0.07385587599128485,0.15,True,False,,,2,False,,,2554961f-193c-49d0-9516-7a47435609f4,0,[]
748,failed,"['03MyA@1', '01Ran@0']","['MyAgent', 'RandomAgent']",27,26,AgentMechanismInterface,False,False,True,2,0.08384700957685709,0.15,False,False,"(29, 33, 7)",,2,False,,"(29, 33, 7)",117419f0-7a95-4c7e-920f-d170506d80fe,0,[]
749,failed,"['03MyA@1', '01Ran@0']","['MyAgent', 'RandomAgent']",27,26,AgentMechanismInterface,False,False,True,2,0.18579922150820494,0.15,False,False,"(43, 37, 9)",,2,False,,"(43, 37, 9)",6c3054e2-6609-43ce-835a-48a7807ca3a4,0,[]
750,failed,"['02Dec@1', '04Ran@2']","['DecentralizingAgent', 'RandomAgent']",27,26,AgentMechanismInterface,False,False,True,2,0.15197192411869764,0.15,False,False,"(6, 29, 41)",,2,False,,"(6, 29, 41)",b1ab8247-37da-4952-afcf-75562d0aa2a1,0,[]
751,failed,"['04Ran@2', '02Dec@1']","['RandomAgent', 'DecentralizingAgent']",27,26,AgentMechanismInterface,False,False,True,10,0.07859900873154402,0.55,False,False,"(2, 34, 21)",,2,False,,"(2, 34, 21)",164cfac0-9cef-47be-ac3c-5ddf6279ced9,0,[]
752,failed,"['00Ind@0', '03MyA@1']","['IndDecentralizingAgent', 'MyAgent']",27,26,AgentMechanismInterface,False,False,True,17,0.22933169919997454,0.9,False,False,"(4, 47, 24)",,2,False,,"(4, 47, 24)",8f1c2287-45a2-486d-adfc-d3089ff87c83,0,"[('8f1c2287-45a2-486d-adfc-d3089ff87c83', (4, 47, 24))]"
753,failed,"['05Dec@2', '02Dec@1']","['DecentralizingAgent', 'DecentralizingAgent']",27,26,AgentMechanismInterface,False,False,True,17,0.3431537952274084,0.9,False,False,"(8, 29, 12)",,2,False,,"(8, 29, 12)",a384f47c-485d-4bde-ae15-bf57820ffd51,0,"[('a384f47c-485d-4bde-ae15-bf57820ffd51', (8, 29, 12))]"
754,failed,"['02Dec@1', '04Ran@2']","['DecentralizingAgent', 'RandomAgent']",28,27,AgentMechanismInterface,False,False,True,2,0.28633113484829664,0.15,True,False,,,2,False,,,772bb53b-07cd-45c0-ac41-93f8e39153dd,0,[]
755,failed,"['02Dec@1', '05Dec@2']","['DecentralizingAgent', 'DecentralizingAgent']",28,27,AgentMechanismInterface,False,False,True,2,0.38654220663011074,0.15,True,False,,,2,False,,,d3a5fc20-4f14-4dba-9dbf-5a6252a05904,0,[]
756,failed,"['03MyA@1', '00Ind@0']","['MyAgent', 'IndDecentralizingAgent']",28,27,AgentMechanismInterface,False,False,True,2,0.3728800229728222,0.15,True,False,,,2,False,,,be97ff7e-ee2f-4b77-866a-5874014cff4b,0,[]
757,failed,"['03MyA@1', '01Ran@0']","['MyAgent', 'RandomAgent']",28,27,AgentMechanismInterface,False,False,True,2,0.37159357592463493,0.15,True,False,,,2,False,,"(2, 31, 16)",2ab6ab01-dc3d-4409-9340-92a8df398811,0,[]
758,failed,"['03MyA@1', '01Ran@0']","['MyAgent', 'RandomAgent']",28,27,AgentMechanismInterface,False,False,True,2,0.2868482545018196,0.15,False,False,"(23, 30, 1)",,2,False,,"(23, 30, 1)",f892b013-e1de-4851-8186-4445cf1f9a0b,0,"[('f892b013-e1de-4851-8186-4445cf1f9a0b', (23, 30, 1))]"
759,failed,"['03MyA@1', '00Ind@0']","['MyAgent', 'IndDecentralizingAgent']",28,27,AgentMechanismInterface,False,False,True,2,0.260226315818727,0.15,False,False,"(66, 48, 16)",,2,False,,"(66, 48, 16)",5084ad27-809e-4c4b-b8b9-e517844e35c6,0,[]
760,failed,"['00Ind@0', '03MyA@1']","['IndDecentralizingAgent', 'MyAgent']",28,27,AgentMechanismInterface,False,False,True,3,0.058872511610388756,0.2,True,False,,,2,False,,"(9, 47, 32)",0b848d25-3d9e-4223-bb4c-55241130e8aa,0,[]
761,failed,"['04Ran@2', '02Dec@1']","['RandomAgent', 'DecentralizingAgent']",28,27,AgentMechanismInterface,False,False,True,8,0.2992947259917855,0.45,False,False,"(6, 28, 21)",,2,False,,"(6, 28, 21)",1eaabd3e-d0b1-44a9-b915-2942f20b9592,0,[]
762,failed,"['02Dec@1', '01Ran@0']","['DecentralizingAgent', 'RandomAgent']",28,27,AgentMechanismInterface,False,False,True,16,0.34028535801917315,0.85,False,False,"(6, 32, 7)",,2,False,,"(6, 32, 7)",c0cdae1a-13b2-4374-8e11-40642a1537ca,0,"[('c0cdae1a-13b2-4374-8e11-40642a1537ca', (6, 32, 7))]"
763,failed,"['02Dec@1', '04Ran@2']","['DecentralizingAgent', 'RandomAgent']",28,27,AgentMechanismInterface,False,False,True,16,0.3627592734992504,0.85,False,False,"(1, 33, 34)",,2,False,,"(1, 33, 34)",65892cf3-2667-45f5-9646-4c544784dff1,0,"[('65892cf3-2667-45f5-9646-4c544784dff1', (1, 33, 34))]"
764,failed,"['02Dec@1', '05Dec@2']","['DecentralizingAgent', 'DecentralizingAgent']",28,27,AgentMechanismInterface,False,False,True,16,0.4006912838667631,0.85,True,False,,,2,False,,"(1, 38, 27)",dea6703c-8f7e-4f0a-811b-99b999ecd149,0,[]
765,failed,"['04Ran@2', '02Dec@1']","['RandomAgent', 'DecentralizingAgent']",28,27,AgentMechanismInterface,False,False,True,16,0.3857018845155835,0.85,False,False,"(5, 28, 13)",,2,False,,"(5, 28, 13)",77884c4c-6124-412e-b37c-68057e6a9e60,0,"[('77884c4c-6124-412e-b37c-68057e6a9e60', (5, 28, 13))]"
766,failed,"['05Dec@2', '02Dec@1']","['DecentralizingAgent', 'DecentralizingAgent']",28,27,AgentMechanismInterface,False,False,True,17,0.5098745003342628,0.9,False,False,"(2, 32, 11)",,2,False,,"(2, 32, 11)",474e99cb-b968-485c-88b6-c58b1e698a5c,0,"[('474e99cb-b968-485c-88b6-c58b1e698a5c', (2, 32, 11))]"
767,failed,"['00Ind@0', '03MyA@1']","['IndDecentralizingAgent', 'MyAgent']",28,27,AgentMechanismInterface,False,False,True,17,0.5089073311537504,0.9,False,False,"(21, 38, 23)",,2,False,,"(21, 38, 23)",28f0a7f7-174c-498b-b956-9c7dc3dd46f6,0,[]
768,failed,"['02Dec@1', '00Ind@0']","['DecentralizingAgent', 'IndDecentralizingAgent']",28,27,AgentMechanismInterface,False,False,True,17,0.46874674316495657,0.9,False,False,"(7, 31, 9)",,2,False,,"(7, 31, 9)",a7c0a790-a2da-403b-a662-1d6948c2f90a,0,"[('a7c0a790-a2da-403b-a662-1d6948c2f90a', (7, 31, 9))]"
769,failed,"['03MyA@1', '01Ran@0']","['MyAgent', 'RandomAgent']",29,28,AgentMechanismInterface,False,False,True,2,0.20977455843240023,0.15,False,False,"(4, 33, 5)",,2,False,,"(4, 33, 5)",fd83deb2-1e82-4278-95af-150d2036b992,0,[]
770,failed,"['05Dec@2', '02Dec@1']","['DecentralizingAgent', 'DecentralizingAgent']",29,28,AgentMechanismInterface,False,False,True,2,0.11693383567035198,0.15,True,False,,,2,False,,"(3, 33, 21)",4e1241d4-5285-4a73-98b5-18adc671360b,0,[]
771,failed,"['02Dec@1', '04Ran@2']","['DecentralizingAgent', 'RandomAgent']",29,28,AgentMechanismInterface,False,False,True,2,0.021814201027154922,0.15,False,False,"(17, 29, 23)",,2,False,,"(17, 29, 23)",79a53a2a-a769-4a83-b620-7e4878dd2917,0,[]
772,failed,"['03MyA@1', '00Ind@0']","['MyAgent', 'IndDecentralizingAgent']",29,28,AgentMechanismInterface,False,False,True,2,0.10765696223825216,0.15,False,False,"(49, 39, 16)",,2,False,,"(49, 39, 16)",6b6fcc43-8e6d-4452-aa2e-51ac13746073,0,[]
773,failed,"['03MyA@1', '00Ind@0']","['MyAgent', 'IndDecentralizingAgent']",29,28,AgentMechanismInterface,False,False,True,2,0.1318523222580552,0.15,True,False,,,2,False,,,1d554903-8e6c-4b8e-a095-7fcf184b6d58,0,[]
774,failed,"['02Dec@1', '05Dec@2']","['DecentralizingAgent', 'DecentralizingAgent']",29,28,AgentMechanismInterface,False,False,True,2,0.21408522222191095,0.15,False,False,"(91, 29, 21)",,2,False,,"(91, 29, 21)",bd68b506-5ac2-4b28-96a3-1e245ee16b4b,0,"[('bd68b506-5ac2-4b28-96a3-1e245ee16b4b', (91, 29, 21))]"
775,failed,"['02Dec@1', '05Dec@2']","['DecentralizingAgent', 'DecentralizingAgent']",29,28,AgentMechanismInterface,False,False,True,2,0.04357079602777958,0.15,True,False,,,2,False,,,dd33fe5d-5ddc-4c66-909a-ce8944654e18,0,[]
776,failed,"['04Ran@2', '02Dec@1']","['RandomAgent', 'DecentralizingAgent']",29,28,AgentMechanismInterface,False,False,True,9,0.15760166104882956,0.5,False,False,"(7, 32, 20)",,2,False,,"(7, 32, 20)",b21867f9-dfba-4823-a3e8-566e20d701bd,0,[]
777,failed,"['02Dec@1', '04Ran@2']","['DecentralizingAgent', 'RandomAgent']",29,28,AgentMechanismInterface,False,False,True,12,0.26016512140631676,0.65,False,False,"(1, 33, 40)",,2,False,,"(1, 33, 40)",12da320b-7c14-48ec-9a6f-3c050f8bb9c2,0,"[('12da320b-7c14-48ec-9a6f-3c050f8bb9c2', (1, 33, 40))]"
778,failed,"['02Dec@1', '05Dec@2']","['DecentralizingAgent', 'DecentralizingAgent']",29,28,AgentMechanismInterface,False,False,True,13,0.1954997517168522,0.7,True,False,,,2,False,,"(1, 38, 23)",ca0604f5-d9db-4ad4-b7d7-b145eb9bcf7b,0,[]
779,failed,"['04Ran@2', '02Dec@1']","['RandomAgent', 'DecentralizingAgent']",29,28,AgentMechanismInterface,False,False,True,14,0.1377433817833662,0.75,False,False,"(9, 33, 16)",,2,False,,"(9, 33, 16)",073d9e83-73a0-4aaa-b901-d10fbe58716a,0,"[('073d9e83-73a0-4aaa-b901-d10fbe58716a', (9, 33, 16))]"
780,failed,"['00Ind@0', '03MyA@1']","['IndDecentralizingAgent', 'MyAgent']",29,28,AgentMechanismInterface,False,False,True,17,0.4232700616121292,0.9,False,False,"(13, 44, 25)",,2,False,,"(13, 44, 25)",5c3780ab-5300-4d62-9c24-2d11a3b12ead,0,"[('5c3780ab-5300-4d62-9c24-2d11a3b12ead', (13, 44, 25))]"
781,failed,"['02Dec@1', '04Ran@2']","['DecentralizingAgent', 'RandomAgent']",30,29,AgentMechanismInterface,False,False,True,2,0.07493696268647909,0.15,False,False,"(63, 30, 32)",,2,False,,"(63, 30, 32)",43675b54-d46c-4a6d-ab85-b9e24633ab31,0,"[('43675b54-d46c-4a6d-ab85-b9e24633ab31', (63, 30, 32))]"
782,failed,"['00Ind@0', '03MyA@1']","['IndDecentralizingAgent', 'MyAgent']",30,29,AgentMechanismInterface,False,False,True,2,0.08487839438021183,0.15,True,False,,,2,False,,,9a1a7603-375c-49bc-920d-fe618acd493d,0,[]
783,failed,"['03MyA@1', '00Ind@0']","['MyAgent', 'IndDecentralizingAgent']",30,29,AgentMechanismInterface,False,False,True,2,0.2883037878200412,0.15,True,False,,,2,False,,"(4, 37, 16)",9f8bf8c1-fd7c-4d91-b75e-599c2d69b781,0,[]
784,failed,"['02Dec@1', '04Ran@2']","['DecentralizingAgent', 'RandomAgent']",30,29,AgentMechanismInterface,False,False,True,2,0.1083928756415844,0.15,False,False,"(23, 31, 40)",,2,False,,"(23, 31, 40)",741d40d9-c4db-440b-9efd-bfe0bad99d38,0,[]
785,failed,"['05Dec@2', '02Dec@1']","['DecentralizingAgent', 'DecentralizingAgent']",30,29,AgentMechanismInterface,False,False,True,2,0.14138658437877893,0.15,False,False,"(8, 39, 21)",,2,False,,"(8, 39, 21)",1578e568-bf43-4090-95d2-58978df59fa2,0,[]
786,failed,"['05Dec@2', '02Dec@1']","['DecentralizingAgent', 'DecentralizingAgent']",30,29,AgentMechanismInterface,False,False,True,2,0.1419986253604293,0.15,True,False,,,2,False,,,677a0bdd-02fd-48a4-820b-9b696576f52e,0,[]
787,failed,"['03MyA@1', '00Ind@0']","['MyAgent', 'IndDecentralizingAgent']",30,29,AgentMechanismInterface,False,False,True,2,0.12857832945883274,0.15,True,False,,,2,False,,,e3126168-87e6-43e8-b15c-285ec910bfe3,0,[]
788,failed,"['04Ran@2', '02Dec@1']","['RandomAgent', 'DecentralizingAgent']",30,29,AgentMechanismInterface,False,False,True,2,0.06103973090648651,0.15,True,False,,,2,False,,,eba1311b-a325-4929-8890-7da4f3df9e7a,0,[]
789,failed,"['03MyA@1', '00Ind@0']","['MyAgent', 'IndDecentralizingAgent']",30,29,AgentMechanismInterface,False,False,True,2,0.3195499340072274,0.15,False,False,"(57, 48, 16)",,2,False,,"(57, 48, 16)",b98abd26-55c2-44d6-945a-1f30247bf3d1,0,[]
790,failed,"['04Ran@2', '02Dec@1']","['RandomAgent', 'DecentralizingAgent']",30,29,AgentMechanismInterface,False,False,True,14,0.4006953975185752,0.75,False,False,"(8, 31, 18)",,2,False,,"(8, 31, 18)",e7f6eafc-7a87-40a4-baa8-4214b1667f0c,0,[]
791,failed,"['02Dec@1', '04Ran@2']","['DecentralizingAgent', 'RandomAgent']",30,29,AgentMechanismInterface,False,False,True,16,0.13977599423378706,0.85,False,False,"(25, 35, 35)",,2,False,,"(25, 35, 35)",47101a30-b2d9-405f-810b-8ba5753c7ada,0,[]
792,failed,"['02Dec@1', '05Dec@2']","['DecentralizingAgent', 'DecentralizingAgent']",30,29,AgentMechanismInterface,False,False,True,17,0.5061058029532433,0.9,True,False,,,2,False,,"(23, 40, 30)",3208cf12-746e-4ebb-be5e-bf88a0ae26da,0,[]
793,failed,"['05Dec@2', '02Dec@1']","['DecentralizingAgent', 'DecentralizingAgent']",31,30,AgentMechanismInterface,False,False,True,2,0.01650140341371298,0.15,False,False,"(7, 35, 21)",,2,False,,"(7, 35, 21)",cede0c6e-5f18-4c62-a494-7ca45317895a,0,"[('cede0c6e-5f18-4c62-a494-7ca45317895a', (7, 35, 21))]"
794,failed,"['02Dec@1', '04Ran@2']","['DecentralizingAgent', 'RandomAgent']",31,30,AgentMechanismInterface,False,False,True,2,0.07200013287365437,0.15,False,False,"(21, 32, 42)",,2,False,,"(21, 32, 42)",eef24c95-84bd-444e-8170-fe0b1fd9b7b8,0,[]
795,failed,"['03MyA@1', '00Ind@0']","['MyAgent', 'IndDecentralizingAgent']",31,30,AgentMechanismInterface,False,False,True,2,0.037801011465489864,0.15,True,False,,,2,False,,"(4, 37, 16)",c430afcf-8bda-48c9-9750-50c3a4f18e11,0,[]
796,failed,"['02Dec@1', '04Ran@2']","['DecentralizingAgent', 'RandomAgent']",31,30,AgentMechanismInterface,False,False,True,2,0.19395223259925842,0.15,True,False,,,2,False,,,43c6eb6b-a395-4622-96a5-11bcc3a6f5b4,0,[]
797,failed,"['05Dec@2', '02Dec@1']","['DecentralizingAgent', 'DecentralizingAgent']",31,30,AgentMechanismInterface,False,False,True,2,0.08068319596350193,0.15,True,False,,,2,False,,"(7, 35, 21)",e41e11c3-5912-4dd9-af99-06aaa5c3a22e,0,[]
798,failed,"['03MyA@1', '00Ind@0']","['MyAgent', 'IndDecentralizingAgent']",31,30,AgentMechanismInterface,False,False,True,2,0.05941292364150286,0.15,True,False,,,2,False,,"(4, 36, 16)",fa8ff1d1-8d00-455b-86d9-48182de4d229,0,[]
799,failed,"['02Dec@1', '04Ran@2']","['DecentralizingAgent', 'RandomAgent']",31,30,AgentMechanismInterface,False,False,True,2,0.06098299287259579,0.15,False,False,"(18, 31, 38)",,2,False,,"(18, 31, 38)",fdb2c6a9-05ae-4050-9bfd-ac583e1b6151,0,"[('fdb2c6a9-05ae-4050-9bfd-ac583e1b6151', (18, 31, 38))]"
800,failed,"['02Dec@1', '04Ran@2']","['DecentralizingAgent', 'RandomAgent']",31,30,AgentMechanismInterface,False,False,True,11,0.18899115175008774,0.6,False,False,"(25, 39, 40)",,2,False,,"(25, 39, 40)",9e230226-a3a3-4b99-9db0-fc5b8f0ff4b2,0,"[('9e230226-a3a3-4b99-9db0-fc5b8f0ff4b2', (25, 39, 40))]"
801,failed,"['02Dec@1', '05Dec@2']","['DecentralizingAgent', 'DecentralizingAgent']",31,30,AgentMechanismInterface,False,False,True,11,0.12111301999539137,0.6,True,False,,,2,False,,"(25, 36, 23)",2b681d7c-08d3-4b54-846d-de7e62cf3522,0,"[('2b681d7c-08d3-4b54-846d-de7e62cf3522', (25, 36, 23))]"
802,failed,"['02Dec@1', '04Ran@2']","['DecentralizingAgent', 'RandomAgent']",31,30,AgentMechanismInterface,False,False,True,13,0.3152146553620696,0.7,False,False,"(12, 41, 39)",,2,False,,"(12, 41, 39)",eef8c662-4aec-45c0-bb74-99b1e53690d9,0,"[('eef8c662-4aec-45c0-bb74-99b1e53690d9', (12, 41, 39))]"
803,failed,"['04Ran@2', '02Dec@1']","['RandomAgent', 'DecentralizingAgent']",31,30,AgentMechanismInterface,False,False,True,14,0.1863552564755082,0.75,False,False,"(11, 32, 17)",,2,False,,"(11, 32, 17)",0066cd27-e14f-4ac4-ac5b-490268207aa6,0,"[('0066cd27-e14f-4ac4-ac5b-490268207aa6', (11, 32, 17))]"
804,failed,"['04Ran@2', '02Dec@1']","['RandomAgent', 'DecentralizingAgent']",31,30,AgentMechanismInterface,False,False,True,16,0.30934770591557026,0.85,False,False,"(3, 35, 18)",,2,False,,"(3, 35, 18)",27fe75be-36c8-4cc4-83d9-f021a913afd9,0,"[('27fe75be-36c8-4cc4-83d9-f021a913afd9', (3, 35, 18))]"
805,failed,"['02Dec@1', '05Dec@2']","['DecentralizingAgent', 'DecentralizingAgent']",31,30,AgentMechanismInterface,False,False,True,17,0.322878903709352,0.9,False,False,"(11, 41, 32)",,2,False,,"(11, 41, 32)",6bd34246-dad2-4704-88af-d30af122fec5,0,"[('6bd34246-dad2-4704-88af-d30af122fec5', (11, 41, 32))]"
806,failed,"['00Ind@0', '03MyA@1']","['IndDecentralizingAgent', 'MyAgent']",31,30,AgentMechanismInterface,False,False,True,17,0.35524129401892424,0.9,False,False,"(11, 46, 23)",,2,False,,"(11, 46, 23)",0bb8c9f5-6265-4c3b-b02f-c98b54a82517,0,"[('0bb8c9f5-6265-4c3b-b02f-c98b54a82517', (11, 46, 23))]"
807,failed,"['02Dec@1', '05Dec@2']","['DecentralizingAgent', 'DecentralizingAgent']",32,31,AgentMechanismInterface,False,False,True,2,0.19151537586003542,0.15,True,False,,,2,False,,,c4bde966-1528-4419-8816-295355ad9aa5,0,[]
808,failed,"['00Ind@0', '03MyA@1']","['IndDecentralizingAgent', 'MyAgent']",32,31,AgentMechanismInterface,False,False,True,2,0.25296279042959213,0.15,True,False,,,2,False,,"(9, 47, 32)",393c1a90-1b94-49ec-afa2-945c27fc8700,0,[]
809,failed,"['05Dec@2', '02Dec@1']","['DecentralizingAgent', 'DecentralizingAgent']",32,31,AgentMechanismInterface,False,False,True,2,0.2447868138551712,0.15,True,False,,,2,False,,,ea9e044f-0326-4f9e-8732-f7afa448b29e,0,[]
810,failed,"['02Dec@1', '05Dec@2']","['DecentralizingAgent', 'DecentralizingAgent']",32,31,AgentMechanismInterface,False,False,True,2,0.2607674431055784,0.15,True,False,,,2,False,,,7743dc2d-e28b-4266-bba5-2662debc6445,0,[]
811,failed,"['03MyA@1', '00Ind@0']","['MyAgent', 'IndDecentralizingAgent']",32,31,AgentMechanismInterface,False,False,True,2,0.17547384463250637,0.15,False,False,"(59, 48, 16)",,2,False,,"(59, 48, 16)",1589048b-11c9-4ebd-bb98-1f3e4b1df437,0,[]
812,failed,"['02Dec@1', '04Ran@2']","['DecentralizingAgent', 'RandomAgent']",32,31,AgentMechanismInterface,False,False,True,2,0.2817760733887553,0.15,False,False,"(30, 33, 21)",,2,False,,"(30, 33, 21)",8feb5add-61b9-4cd9-bd88-8e5fe9b8e592,0,[]
813,failed,"['04Ran@2', '02Dec@1']","['RandomAgent', 'DecentralizingAgent']",32,31,AgentMechanismInterface,False,False,True,2,0.2898874646052718,0.15,True,False,,,2,False,,,ec17f170-f052-4d72-bb16-660272fbb541,0,[]
814,failed,"['03MyA@1', '00Ind@0']","['MyAgent', 'IndDecentralizingAgent']",32,31,AgentMechanismInterface,False,False,True,2,0.19851762522011995,0.15,True,False,,,2,False,,"(4, 37, 16)",b7ee853e-7d0e-4d30-af85-e9e27faf3dfe,0,[]
815,failed,"['02Dec@1', '04Ran@2']","['DecentralizingAgent', 'RandomAgent']",32,31,AgentMechanismInterface,False,False,True,11,0.359192693606019,0.6,False,False,"(8, 39, 41)",,2,False,,"(8, 39, 41)",35e7f266-6f40-4d2c-aad0-8c53891e0f7d,0,[]
816,failed,"['02Dec@1', '05Dec@2']","['DecentralizingAgent', 'DecentralizingAgent']",32,31,AgentMechanismInterface,False,False,True,11,0.24530664831399918,0.6,True,False,,,2,False,,"(8, 37, 23)",ce6e75ec-a487-4195-a78b-bf07ffea2618,0,"[('ce6e75ec-a487-4195-a78b-bf07ffea2618', (8, 37, 23))]"
817,failed,"['04Ran@2', '02Dec@1']","['RandomAgent', 'DecentralizingAgent']",32,31,AgentMechanismInterface,False,False,True,13,0.3768640775233507,0.7,False,False,"(9, 32, 19)",,2,False,,"(9, 32, 19)",94893694-5453-454d-b2c9-f70605a01c74,0,[]
818,failed,"['02Dec@1', '04Ran@2']","['DecentralizingAgent', 'RandomAgent']",32,31,AgentMechanismInterface,False,False,True,13,0.29709446616470814,0.7,False,False,"(10, 37, 41)",,2,False,,"(10, 37, 41)",0875276e-1508-4fcc-8192-e06f215e1993,0,"[('0875276e-1508-4fcc-8192-e06f215e1993', (10, 37, 41))]"
819,failed,"['00Ind@0', '03MyA@1']","['IndDecentralizingAgent', 'MyAgent']",32,31,AgentMechanismInterface,False,False,True,17,0.3259433563798666,0.9,False,False,"(2, 42, 24)",,2,False,,"(2, 42, 24)",4632ed08-672b-4d9c-9900-e11df6f0344c,0,"[('4632ed08-672b-4d9c-9900-e11df6f0344c', (2, 42, 24))]"
820,failed,"['02Dec@1', '05Dec@2']","['DecentralizingAgent', 'DecentralizingAgent']",32,31,AgentMechanismInterface,False,False,True,17,0.39384705759584904,0.9,False,False,"(23, 35, 33)",,2,False,,"(23, 35, 33)",1ab65742-d6f9-418c-9c41-abc616de5d64,0,[]
821,failed,"['02Dec@1', '04Ran@2']","['DecentralizingAgent', 'RandomAgent']",33,32,AgentMechanismInterface,False,False,True,2,0.023807600140571594,0.15,False,False,"(1, 35, 42)",,2,False,,"(1, 35, 42)",734035ed-26bb-4749-adeb-77aac5122478,0,[]
822,failed,"['05Dec@2', '02Dec@1']","['DecentralizingAgent', 'DecentralizingAgent']",33,32,AgentMechanismInterface,False,False,True,2,0.21324206236749887,0.15,True,False,,,2,False,,"(8, 37, 21)",b33e8493-72f9-481d-a23a-1c13edcd0370,0,[]
823,failed,"['02Dec@1', '05Dec@2']","['DecentralizingAgent', 'DecentralizingAgent']",33,32,AgentMechanismInterface,False,False,True,2,0.027343674562871456,0.15,False,False,"(12, 36, 21)",,2,False,,"(12, 36, 21)",25bd0d5a-33f7-430a-b6e5-809c525274b5,0,[]
824,failed,"['03MyA@1', '00Ind@0']","['MyAgent', 'IndDecentralizingAgent']",33,32,AgentMechanismInterface,False,False,True,2,0.15316674672067165,0.15,False,False,"(68, 43, 16)",,2,False,,"(68, 43, 16)",49dc8e3e-6133-40bd-98ea-aa590cd281ce,0,"[('49dc8e3e-6133-40bd-98ea-aa590cd281ce', (68, 43, 16))]"
825,failed,"['02Dec@1', '04Ran@2']","['DecentralizingAgent', 'RandomAgent']",33,32,AgentMechanismInterface,False,False,True,2,0.03020180482417345,0.15,False,False,"(4, 33, 39)",,2,False,,"(4, 33, 39)",7d150fcd-8663-42e2-a61b-005a2204c657,0,[]
826,failed,"['02Dec@1', '05Dec@2']","['DecentralizingAgent', 'DecentralizingAgent']",33,32,AgentMechanismInterface,False,False,True,2,0.18705994449555874,0.15,True,False,,,2,False,,,4f4d7c60-64e1-433d-9f98-619d5343ad95,0,[]
827,failed,"['02Dec@1', '04Ran@2']","['DecentralizingAgent', 'RandomAgent']",33,32,AgentMechanismInterface,False,False,True,10,0.2264514435082674,0.55,False,False,"(6, 40, 42)",,2,False,,"(6, 40, 42)",d83c6e05-3e0b-4539-9996-47ca96c49ec1,0,"[('d83c6e05-3e0b-4539-9996-47ca96c49ec1', (6, 40, 42))]"
828,failed,"['02Dec@1', '01Ran@0']","['DecentralizingAgent', 'RandomAgent']",33,32,AgentMechanismInterface,False,False,True,11,0.2590408818796277,0.6,False,False,"(1, 37, 1)",,2,False,,"(1, 37, 1)",720c4aae-215b-412f-9f35-71abc0d2a6a2,0,[]
829,failed,"['04Ran@2', '02Dec@1']","['RandomAgent', 'DecentralizingAgent']",33,32,AgentMechanismInterface,False,False,True,12,0.10854675155133009,0.65,False,False,"(3, 33, 20)",,2,False,,"(3, 33, 20)",9723cdee-e1e0-4a65-82f9-3ca1b214d227,0,[]
830,failed,"['02Dec@1', '04Ran@2']","['DecentralizingAgent', 'RandomAgent']",33,32,AgentMechanismInterface,False,False,True,15,0.2683706674724817,0.8,False,False,"(11, 42, 35)",,2,False,,"(11, 42, 35)",8f2057b8-c907-47a4-88ce-a87ed32f5b02,0,"[('8f2057b8-c907-47a4-88ce-a87ed32f5b02', (11, 42, 35))]"
831,failed,"['04Ran@2', '02Dec@1']","['RandomAgent', 'DecentralizingAgent']",33,32,AgentMechanismInterface,False,False,True,15,0.3292066687718034,0.8,False,False,"(6, 33, 15)",,2,False,,"(6, 33, 15)",904b90b5-1128-473d-bc3c-90db316c2003,0,"[('904b90b5-1128-473d-bc3c-90db316c2003', (6, 33, 15))]"
832,failed,"['02Dec@1', '05Dec@2']","['DecentralizingAgent', 'DecentralizingAgent']",33,32,AgentMechanismInterface,False,False,True,16,0.38748444989323616,0.85,True,False,,,2,False,,"(11, 39, 28)",1d73ab31-9518-466d-acda-5a7bb2ff1151,0,[]
833,failed,"['02Dec@1', '00Ind@0']","['DecentralizingAgent', 'IndDecentralizingAgent']",33,32,AgentMechanismInterface,False,False,True,17,0.16476854775100946,0.9,False,False,"(6, 35, 9)",,2,False,,"(6, 35, 9)",d87ed55a-0a5c-4b2e-8acd-2aea815c961a,0,"[('d87ed55a-0a5c-4b2e-8acd-2aea815c961a', (6, 35, 9))]"
834,failed,"['00Ind@0', '03MyA@1']","['IndDecentralizingAgent', 'MyAgent']",33,32,AgentMechanismInterface,False,False,True,17,0.35952911246567965,0.9,False,False,"(1, 43, 24)",,2,False,,"(1, 43, 24)",8d2c6170-98da-4d24-bc58-d71577f01600,0,"[('8d2c6170-98da-4d24-bc58-d71577f01600', (1, 43, 24))]"
835,failed,"['00Ind@0', '03MyA@1']","['IndDecentralizingAgent', 'MyAgent']",33,32,AgentMechanismInterface,False,False,True,17,0.4526803893968463,0.9,False,False,"(10, 47, 23)",,2,False,,"(10, 47, 23)",f0f4b1c3-7c22-488e-aaa0-2ba165c6c90e,0,"[('f0f4b1c3-7c22-488e-aaa0-2ba165c6c90e', (10, 47, 23))]"
836,failed,"['02Dec@1', '05Dec@2']","['DecentralizingAgent', 'DecentralizingAgent']",33,32,AgentMechanismInterface,False,False,True,17,0.29702022671699524,0.9,False,False,"(8, 42, 32)",,2,False,,"(8, 42, 32)",d75c5fbf-4253-4ec5-a278-34024ca7b41e,0,"[('d75c5fbf-4253-4ec5-a278-34024ca7b41e', (8, 42, 32))]"
837,failed,"['03MyA@1', '01Ran@0']","['MyAgent', 'RandomAgent']",34,33,AgentMechanismInterface,False,False,True,2,0.07651211880147457,0.15,False,False,"(1, 42, 12)",,2,False,,"(1, 42, 12)",c0f460fc-c2de-4898-8dc5-e8a503a3fb69,0,"[('c0f460fc-c2de-4898-8dc5-e8a503a3fb69', (1, 42, 12))]"
838,failed,"['02Dec@1', '04Ran@2']","['DecentralizingAgent', 'RandomAgent']",34,33,AgentMechanismInterface,False,False,True,2,0.27274593245238066,0.15,False,False,"(5, 34, 26)",,2,False,,"(5, 34, 26)",9abc9744-a8dd-4b0c-9e77-65c5421e8eb2,0,"[('9abc9744-a8dd-4b0c-9e77-65c5421e8eb2', (5, 34, 26))]"
839,failed,"['00Ind@0', '03MyA@1']","['IndDecentralizingAgent', 'MyAgent']",34,33,AgentMechanismInterface,False,False,True,2,0.27563759312033653,0.15,True,False,,,2,False,,"(9, 47, 32)",e51370a4-35e3-4e7d-8a30-b6f909899ab0,0,[]
840,failed,"['02Dec@1', '04Ran@2']","['DecentralizingAgent', 'RandomAgent']",34,33,AgentMechanismInterface,False,False,True,2,0.29994780756533146,0.15,True,False,,,2,False,,,93db19a8-3957-4be4-bd7e-983ce5e0e7b3,0,[]
841,failed,"['03MyA@1', '00Ind@0']","['MyAgent', 'IndDecentralizingAgent']",34,33,AgentMechanismInterface,False,False,True,2,0.26193678565323353,0.15,False,False,"(69, 44, 16)",,2,False,,"(69, 44, 16)",2b5c3ead-e037-4ad6-b569-1b2ff1350a01,0,[]
842,failed,"['02Dec@1', '04Ran@2']","['DecentralizingAgent', 'RandomAgent']",34,33,AgentMechanismInterface,False,False,True,2,0.3068530773743987,0.15,False,False,"(24, 36, 25)",,2,False,,"(24, 36, 25)",5fec9449-cc84-4935-bba3-69833db7fb5e,0,"[('5fec9449-cc84-4935-bba3-69833db7fb5e', (24, 36, 25))]"
843,failed,"['04Ran@2', '02Dec@1']","['RandomAgent', 'DecentralizingAgent']",34,33,AgentMechanismInterface,False,False,True,6,0.35557718481868505,0.35,False,False,"(1, 37, 21)",,2,False,,"(1, 37, 21)",c00ab3da-9be9-4d4a-af3c-c5d506d318a2,0,"[('c00ab3da-9be9-4d4a-af3c-c5d506d318a2', (1, 37, 21))]"
844,failed,"['04Ran@2', '02Dec@1']","['RandomAgent', 'DecentralizingAgent']",34,33,AgentMechanismInterface,False,False,True,9,0.11439058277755976,0.5,False,False,"(4, 37, 20)",,2,False,,"(4, 37, 20)",bb71346c-96a0-4e94-935f-c2d17fdb7065,0,[]
845,failed,"['02Dec@1', '04Ran@2']","['DecentralizingAgent', 'RandomAgent']",34,33,AgentMechanismInterface,False,False,True,11,0.3132177013903856,0.6,False,False,"(11, 43, 40)",,2,False,,"(11, 43, 40)",b2fe302b-e4b7-4267-b0c7-4b1081d8a801,0,"[('b2fe302b-e4b7-4267-b0c7-4b1081d8a801', (11, 43, 40))]"
846,failed,"['02Dec@1', '05Dec@2']","['DecentralizingAgent', 'DecentralizingAgent']",34,33,AgentMechanismInterface,False,False,True,12,0.38774614222347736,0.65,True,False,,,2,False,,"(11, 38, 23)",bca229d4-1baa-46a4-9aa0-ef955cfeb4b3,0,[]
847,failed,"['05Dec@2', '02Dec@1']","['DecentralizingAgent', 'DecentralizingAgent']",34,33,AgentMechanismInterface,False,False,True,17,0.42126981634646654,0.9,False,False,"(1, 34, 11)",,2,False,,"(1, 34, 11)",882fbc03-b5d2-4eb6-8519-df0dfe07b71e,0,"[('882fbc03-b5d2-4eb6-8519-df0dfe07b71e', (1, 34, 11))]"
848,failed,"['00Ind@0', '03MyA@1']","['IndDecentralizingAgent', 'MyAgent']",34,33,AgentMechanismInterface,False,False,True,17,0.4454722013324499,0.9,False,False,"(1, 39, 24)",,2,False,,"(1, 39, 24)",47bf7467-21c0-40dd-89f9-d433f8e26663,0,"[('47bf7467-21c0-40dd-89f9-d433f8e26663', (1, 39, 24))]"
849,failed,"['02Dec@1', '05Dec@2']","['DecentralizingAgent', 'DecentralizingAgent']",35,34,AgentMechanismInterface,False,False,True,1,0.005483520217239857,0.1,True,False,,,2,False,,,,0,[]
850,failed,"['02Dec@1', '05Dec@2']","['DecentralizingAgent', 'DecentralizingAgent']",35,34,AgentMechanismInterface,False,False,True,2,0.2652194583788514,0.15,True,False,,,2,False,,,d891173f-dc38-44dc-989c-c8bb8563cded,0,[]
851,failed,"['03MyA@1', '01Ran@0']","['MyAgent', 'RandomAgent']",35,34,AgentMechanismInterface,False,False,True,2,0.11365582887083292,0.15,False,False,"(17, 37, 10)",,2,False,,"(17, 37, 10)",f1004379-f119-4653-9e13-9ead401317bb,0,[]
852,failed,"['04Ran@2', '02Dec@1']","['RandomAgent', 'DecentralizingAgent']",35,34,AgentMechanismInterface,False,False,True,2,0.055380117148160934,0.15,True,False,,,2,False,,,6173120a-d871-4ea5-8ec9-71cdf2de81a5,0,[]
853,failed,"['05Dec@2', '02Dec@1']","['DecentralizingAgent', 'DecentralizingAgent']",35,34,AgentMechanismInterface,False,False,True,2,0.12137481477111578,0.15,True,False,,,2,False,,,c53da4dc-85f6-47a0-8225-4fbd732696e2,0,[]
854,failed,"['00Ind@0', '03MyA@1']","['IndDecentralizingAgent', 'MyAgent']",35,34,AgentMechanismInterface,False,False,True,2,0.2582424096763134,0.15,True,False,,,2,False,,,0e34b5a9-b5b6-46eb-a12e-d3bfad9db9ce,0,[]
855,failed,"['02Dec@1', '05Dec@2']","['DecentralizingAgent', 'DecentralizingAgent']",35,34,AgentMechanismInterface,False,False,True,2,0.1391474548727274,0.15,True,False,,,2,False,,,55ba67af-44cd-4aca-8204-4b499a09e22b,0,[]
856,failed,"['03MyA@1', '01Ran@0']","['MyAgent', 'RandomAgent']",35,34,AgentMechanismInterface,False,False,True,3,0.24885114282369614,0.2,False,False,"(12, 35, 3)",,2,False,,"(12, 35, 3)",2eb73308-34b5-4a81-a935-3bbd72101736,0,"[('2eb73308-34b5-4a81-a935-3bbd72101736', (12, 35, 3))]"
857,failed,"['04Ran@2', '02Dec@1']","['RandomAgent', 'DecentralizingAgent']",35,34,AgentMechanismInterface,False,False,True,7,0.3209051927551627,0.4,False,False,"(10, 38, 21)",,2,False,,"(10, 38, 21)",e9d7c84f-84e8-47f8-9a22-88bae481c408,0,[]
858,failed,"['02Dec@1', '04Ran@2']","['DecentralizingAgent', 'RandomAgent']",35,34,AgentMechanismInterface,False,False,True,11,0.3726303447037935,0.6,False,False,"(11, 39, 41)",,2,False,,"(11, 39, 41)",2f742ac7-67cc-476e-91ef-d8ef4420956c,0,[]
859,failed,"['02Dec@1', '04Ran@2']","['DecentralizingAgent', 'RandomAgent']",35,34,AgentMechanismInterface,False,False,True,11,0.3961204197257757,0.6,False,False,"(3, 41, 42)",,2,False,,"(3, 41, 42)",078e1022-8a91-4c67-a6ca-f6222f6f6ec8,0,[]
860,failed,"['02Dec@1', '05Dec@2']","['DecentralizingAgent', 'DecentralizingAgent']",35,34,AgentMechanismInterface,False,False,True,11,0.33405149914324284,0.6,True,False,,,2,False,,"(11, 38, 23)",a3962d27-b336-498b-aaea-cedad91f1f46,0,"[('a3962d27-b336-498b-aaea-cedad91f1f46', (11, 38, 23))]"
861,failed,"['02Dec@1', '05Dec@2']","['DecentralizingAgent', 'DecentralizingAgent']",35,34,AgentMechanismInterface,False,False,True,17,0.3584959805011749,0.9,False,False,"(8, 45, 32)",,2,False,,"(8, 45, 32)",7455f017-a504-4273-8240-3aeb65cb344c,0,"[('7455f017-a504-4273-8240-3aeb65cb344c', (8, 45, 32))]"
862,failed,"['02Dec@1', '05Dec@2']","['DecentralizingAgent', 'DecentralizingAgent']",36,35,AgentMechanismInterface,False,False,True,2,0.08197175804525614,0.15,True,False,,,2,False,,,707d22d4-8afe-4eda-900a-30a723dc34cd,0,[]
863,failed,"['02Dec@1', '05Dec@2']","['DecentralizingAgent', 'DecentralizingAgent']",36,35,AgentMechanismInterface,False,False,True,2,0.30076252203434706,0.15,True,False,,,2,False,,,8b283963-284b-4abb-ae4a-26f182c249c4,0,[]
864,failed,"['04Ran@2', '02Dec@1']","['RandomAgent', 'DecentralizingAgent']",36,35,AgentMechanismInterface,False,False,True,2,0.02241687849164009,0.15,True,False,,,2,False,,,c5945a2a-cce1-4168-b840-fa68b8ee4528,0,[]
865,failed,"['02Dec@1', '05Dec@2']","['DecentralizingAgent', 'DecentralizingAgent']",36,35,AgentMechanismInterface,False,False,True,2,0.30500988103449345,0.15,False,False,"(24, 36, 21)",,2,False,,"(24, 36, 21)",e677ee60-75e2-432d-ac6b-bba3561f86be,0,[]
866,failed,"['03MyA@1', '00Ind@0']","['MyAgent', 'IndDecentralizingAgent']",36,35,AgentMechanismInterface,False,False,True,2,0.4027365520596504,0.15,False,False,"(52, 45, 16)",,2,False,,"(52, 45, 16)",d9c52e45-7711-4f8b-9d05-1ccdb98dbbcc,0,[]
867,failed,"['02Dec@1', '04Ran@2']","['DecentralizingAgent', 'RandomAgent']",36,35,AgentMechanismInterface,False,False,True,2,0.03376540821045637,0.15,False,False,"(11, 36, 42)",,2,False,,"(11, 36, 42)",b6a23814-3c14-48b0-b90e-a8e491403d26,0,"[('b6a23814-3c14-48b0-b90e-a8e491403d26', (11, 36, 42))]"
868,failed,"['05Dec@2', '02Dec@1']","['DecentralizingAgent', 'DecentralizingAgent']",36,35,AgentMechanismInterface,False,False,True,2,0.20487200375646353,0.15,False,False,"(24, 46, 21)",,2,False,,"(24, 46, 21)",b5a7c857-5e00-437c-8d5c-86dd1573a0b6,0,[]
869,failed,"['03MyA@1', '00Ind@0']","['MyAgent', 'IndDecentralizingAgent']",36,35,AgentMechanismInterface,False,False,True,2,0.3213620223104954,0.15,False,False,"(47, 48, 16)",,2,False,,"(47, 48, 16)",90664983-8b88-477c-9735-42b9de1f65b8,0,"[('90664983-8b88-477c-9735-42b9de1f65b8', (47, 48, 16))]"
870,failed,"['00Ind@0', '03MyA@1']","['IndDecentralizingAgent', 'MyAgent']",36,35,AgentMechanismInterface,False,False,True,3,0.14594369940459728,0.2,True,False,,,2,False,,"(12, 47, 32)",4d2fe551-edf4-4d4b-bc4f-d35623b2527a,0,"[('4d2fe551-edf4-4d4b-bc4f-d35623b2527a', (12, 47, 32))]"
871,failed,"['02Dec@1', '04Ran@2']","['DecentralizingAgent', 'RandomAgent']",36,35,AgentMechanismInterface,False,False,True,11,0.149870322085917,0.6,False,False,"(11, 39, 41)",,2,False,,"(11, 39, 41)",03ad5f1a-39dc-4089-a6a7-2a12681f67a6,0,[]
872,failed,"['02Dec@1', '05Dec@2']","['DecentralizingAgent', 'DecentralizingAgent']",36,35,AgentMechanismInterface,False,False,True,11,0.5043468549847603,0.6,True,False,,,2,False,,"(11, 42, 22)",a3066386-dade-4b33-b8b1-13202002035e,0,[]
873,failed,"['00Ind@0', '03MyA@1']","['IndDecentralizingAgent', 'MyAgent']",36,35,AgentMechanismInterface,False,False,True,17,0.1987336501479149,0.9,False,False,"(17, 42, 25)",,2,False,,"(17, 42, 25)",6f1e922a-d8ee-4523-a60f-f83c083c3382,0,[]
874,failed,"['02Dec@1', '04Ran@2']","['DecentralizingAgent', 'RandomAgent']",37,36,AgentMechanismInterface,False,False,True,2,0.21893385611474514,0.15,False,False,"(11, 40, 38)",,2,False,,"(11, 40, 38)",b8d297dc-45e3-44ec-ae52-418555f48e69,0,[]
875,failed,"['03MyA@1', '00Ind@0']","['MyAgent', 'IndDecentralizingAgent']",37,36,AgentMechanismInterface,False,False,True,2,0.2027983944863081,0.15,False,False,"(53, 47, 16)",,2,False,,"(53, 47, 16)",0e55f6b4-50a1-4171-ad38-4ef1ce2e06fc,0,[]
876,failed,"['02Dec@1', '04Ran@2']","['DecentralizingAgent', 'RandomAgent']",37,36,AgentMechanismInterface,False,False,True,2,0.07537619769573212,0.15,False,False,"(25, 37, 36)",,2,False,,"(25, 37, 36)",4d03887d-4bb6-4bd6-93f1-2313ec102e88,0,"[('4d03887d-4bb6-4bd6-93f1-2313ec102e88', (25, 37, 36))]"
877,failed,"['02Dec@1', '05Dec@2']","['DecentralizingAgent', 'DecentralizingAgent']",37,36,AgentMechanismInterface,False,False,True,2,0.24876971263438463,0.15,True,False,,,2,False,,,aad74377-43b5-43fb-ba12-353b305a9e04,0,[]
878,failed,"['02Dec@1', '05Dec@2']","['DecentralizingAgent', 'DecentralizingAgent']",37,36,AgentMechanismInterface,False,False,True,2,0.23122423700988293,0.15,True,False,,,2,False,,"(8, 37, 21)",cfee9343-25db-4475-94f7-17a139b43d8f,0,[]
879,failed,"['02Dec@1', '04Ran@2']","['DecentralizingAgent', 'RandomAgent']",37,36,AgentMechanismInterface,False,False,True,12,0.099533268250525,0.65,False,False,"(2, 42, 40)",,2,False,,"(2, 42, 40)",335eaedb-a4a0-4c59-9559-6f0bbd7c0324,0,"[('335eaedb-a4a0-4c59-9559-6f0bbd7c0324', (2, 42, 40))]"
880,failed,"['02Dec@1', '04Ran@2']","['DecentralizingAgent', 'RandomAgent']",37,36,AgentMechanismInterface,False,False,True,14,0.17904873378574848,0.75,False,False,"(1, 42, 37)",,2,False,,"(1, 42, 37)",89bbedd1-25d7-4567-b13e-8ab195125711,0,"[('89bbedd1-25d7-4567-b13e-8ab195125711', (1, 42, 37))]"
881,failed,"['02Dec@1', '05Dec@2']","['DecentralizingAgent', 'DecentralizingAgent']",37,36,AgentMechanismInterface,False,False,True,17,0.1348201185464859,0.9,False,False,"(5, 43, 31)",,2,False,,"(5, 43, 31)",91786c90-d3ad-4fb9-bec5-6e4d955e5cea,0,"[('91786c90-d3ad-4fb9-bec5-6e4d955e5cea', (5, 43, 31))]"
882,failed,"['05Dec@2', '02Dec@1']","['DecentralizingAgent', 'DecentralizingAgent']",37,36,AgentMechanismInterface,False,False,True,17,0.1908239210024476,0.9,False,False,"(5, 38, 12)",,2,False,,"(5, 38, 12)",bd4e0f69-1214-422b-a926-0147ab58b652,0,"[('bd4e0f69-1214-422b-a926-0147ab58b652', (5, 38, 12))]"
883,failed,"['00Ind@0', '03MyA@1']","['IndDecentralizingAgent', 'MyAgent']",37,36,AgentMechanismInterface,False,False,True,17,0.2663736632093787,0.9,False,False,"(9, 42, 25)",,2,False,,"(9, 42, 25)",be503947-c578-4878-9cb9-f1a532d3a1bf,0,"[('be503947-c578-4878-9cb9-f1a532d3a1bf', (9, 42, 25))]"
884,failed,"['02Dec@1', '04Ran@2']","['DecentralizingAgent', 'RandomAgent']",38,37,AgentMechanismInterface,False,False,True,2,0.023835428059101105,0.15,False,False,"(7, 38, 27)",,2,False,,"(7, 38, 27)",e33f6ff8-1b08-4bd3-be06-087c334b892e,0,[]
885,failed,"['05Dec@2', '02Dec@1']","['DecentralizingAgent', 'DecentralizingAgent']",38,37,AgentMechanismInterface,False,False,True,2,0.11115990485996008,0.15,False,False,"(22, 48, 21)",,2,False,,"(22, 48, 21)",8abffbea-2224-419b-9fe8-f865a0b9a37d,0,"[('8abffbea-2224-419b-9fe8-f865a0b9a37d', (22, 48, 21))]"
886,failed,"['02Dec@1', '04Ran@2']","['DecentralizingAgent', 'RandomAgent']",38,37,AgentMechanismInterface,False,False,True,2,0.13290871866047382,0.15,False,False,"(14, 38, 40)",,2,False,,"(14, 38, 40)",0da36194-a61e-458e-8274-a931bf9631d2,0,[]
887,failed,"['03MyA@1', '00Ind@0']","['MyAgent', 'IndDecentralizingAgent']",38,37,AgentMechanismInterface,False,False,True,2,0.2689185803756118,0.15,False,False,"(61, 48, 16)",,2,False,,"(61, 48, 16)",81b4b995-b133-479c-849e-c18382dd4102,0,[]
888,failed,"['02Dec@1', '05Dec@2']","['DecentralizingAgent', 'DecentralizingAgent']",38,37,AgentMechanismInterface,False,False,True,2,0.1465534484013915,0.15,True,False,,,2,False,,,d9ef4a81-cc52-4fa1-bfa3-2aed3a4e298b,0,[]
889,failed,"['02Dec@1', '05Dec@2']","['DecentralizingAgent', 'DecentralizingAgent']",38,37,AgentMechanismInterface,False,False,True,2,0.05745760351419449,0.15,True,False,,,2,False,,,7b16ef7b-49ab-4416-a613-0c56a6da60d2,0,[]
890,failed,"['00Ind@0', '03MyA@1']","['IndDecentralizingAgent', 'MyAgent']",38,37,AgentMechanismInterface,False,False,True,3,0.14658795204013586,0.2,True,False,,,2,False,,"(9, 47, 32)",c4972b89-a0ed-43e4-8cf0-b61ea29bdd2b,0,"[('c4972b89-a0ed-43e4-8cf0-b61ea29bdd2b', (9, 47, 32))]"
891,failed,"['02Dec@1', '04Ran@2']","['DecentralizingAgent', 'RandomAgent']",38,37,AgentMechanismInterface,False,False,True,14,0.1747740088030696,0.75,False,False,"(1, 38, 39)",,2,False,,"(1, 38, 39)",0e5e03c3-77ed-4012-bde4-4431dcb11414,0,[]
892,failed,"['00Ind@0', '03MyA@1']","['IndDecentralizingAgent', 'MyAgent']",38,37,AgentMechanismInterface,False,False,True,17,0.22059741616249084,0.9,False,False,"(1, 48, 24)",,2,False,,"(1, 48, 24)",acd6f19d-e52c-4b97-9d1b-6a1e30b88be7,0,"[('acd6f19d-e52c-4b97-9d1b-6a1e30b88be7', (1, 48, 24))]"
893,failed,"['05Dec@2', '02Dec@1']","['DecentralizingAgent', 'DecentralizingAgent']",39,38,AgentMechanismInterface,False,False,True,1,0.011892689391970634,0.1,True,False,,,2,False,,,,0,[]
894,failed,"['02Dec@1', '05Dec@2']","['DecentralizingAgent', 'DecentralizingAgent']",39,38,AgentMechanismInterface,False,False,True,2,0.15066151693463326,0.15,True,False,,,2,False,,,dccba9cb-18db-40e7-b5b2-ca5f1e201037,0,[]
895,failed,"['04Ran@2', '02Dec@1']","['RandomAgent', 'DecentralizingAgent']",39,38,AgentMechanismInterface,False,False,True,2,0.10654262453317642,0.15,True,False,,,2,False,,,9a5906be-96f3-4978-b9a6-bd1dcd99d388,0,[]
896,failed,"['05Dec@2', '02Dec@1']","['DecentralizingAgent', 'DecentralizingAgent']",39,38,AgentMechanismInterface,False,False,True,2,0.09442502073943615,0.15,True,False,,,2,False,,,9f66edd3-6922-48a0-835a-d84a401e8b99,0,[]
897,failed,"['03MyA@1', '00Ind@0']","['MyAgent', 'IndDecentralizingAgent']",39,38,AgentMechanismInterface,False,False,True,2,0.30305036157369614,0.15,False,False,"(69, 49, 16)",,2,False,,"(69, 49, 16)",3727bc1b-0ed4-4d76-bb9b-25c56bbcfaf7,0,[]
898,failed,"['02Dec@1', '04Ran@2']","['DecentralizingAgent', 'RandomAgent']",39,38,AgentMechanismInterface,False,False,True,2,0.10537311062216759,0.15,True,False,,,2,False,,,3b28b8ce-9ba2-4c14-953c-8c1be966344b,0,[]
899,failed,"['02Dec@1', '05Dec@2']","['DecentralizingAgent', 'DecentralizingAgent']",39,38,AgentMechanismInterface,False,False,True,2,0.1773677645251155,0.15,True,False,,,2,False,,,c5e92c36-a217-4415-8f11-b526e17e3fa3,0,[]
900,failed,"['02Dec@1', '04Ran@2']","['DecentralizingAgent', 'RandomAgent']",39,38,AgentMechanismInterface,False,False,True,15,0.2116087982431054,0.8,False,False,"(19, 44, 37)",,2,False,,"(19, 44, 37)",5cee5384-11a0-47c9-ab9a-446b85a5c978,0,[]
901,failed,"['00Ind@0', '03MyA@1']","['IndDecentralizingAgent', 'MyAgent']",39,38,AgentMechanismInterface,False,False,True,17,0.14567327871918678,0.9,False,False,"(10, 42, 25)",,2,False,,"(10, 42, 25)",aa74dbe4-45e0-4272-9c81-b551ea6aec3b,0,"[('aa74dbe4-45e0-4272-9c81-b551ea6aec3b', (10, 42, 25))]"
902,failed,"['02Dec@1', '05Dec@2']","['DecentralizingAgent', 'DecentralizingAgent']",39,38,AgentMechanismInterface,False,False,True,17,0.19379621464759111,0.9,False,False,"(20, 49, 30)",,2,False,,"(20, 49, 30)",c1483742-4ade-4872-8a02-b1ca1b04f831,0,[]
903,failed,"['03MyA@1', '00Ind@0']","['MyAgent', 'IndDecentralizingAgent']",40,39,AgentMechanismInterface,False,False,True,2,0.2247088560834527,0.15,False,False,"(60, 48, 16)",,2,False,,"(60, 48, 16)",a2a0478b-e939-4bba-8848-a9132c353581,0,[]
904,failed,"['02Dec@1', '04Ran@2']","['DecentralizingAgent', 'RandomAgent']",40,39,AgentMechanismInterface,False,False,True,2,0.12888100370764732,0.15,False,False,"(13, 41, 21)",,2,False,,"(13, 41, 21)",6a3f94f8-fb2c-4420-9da6-71501aba1794,0,[]
905,failed,"['00Ind@0', '03MyA@1']","['IndDecentralizingAgent', 'MyAgent']",40,39,AgentMechanismInterface,False,False,True,2,0.02231162041425705,0.15,True,False,,,2,False,,"(9, 47, 32)",a93894a1-f538-47c1-9083-02951ad92e49,0,[]
906,failed,"['02Dec@1', '04Ran@2']","['DecentralizingAgent', 'RandomAgent']",40,39,AgentMechanismInterface,False,False,True,2,0.044556896202266216,0.15,True,False,,,2,False,,,95b5fb10-e16c-49ab-96f9-88e525704280,0,[]
907,failed,"['02Dec@1', '05Dec@2']","['DecentralizingAgent', 'DecentralizingAgent']",40,39,AgentMechanismInterface,False,False,True,2,0.14230951387435198,0.15,True,False,,,2,False,,,58129509-40aa-4a5f-860e-b450f5b72d1f,0,[]
908,failed,"['04Ran@2', '02Dec@1']","['RandomAgent', 'DecentralizingAgent']",40,39,AgentMechanismInterface,False,False,True,13,0.14798536710441113,0.7,False,False,"(4, 43, 19)",,2,False,,"(4, 43, 19)",8cfb9739-677b-41d2-9eb7-91d7ba247ff2,0,"[('8cfb9739-677b-41d2-9eb7-91d7ba247ff2', (4, 43, 19))]"
909,failed,"['02Dec@1', '04Ran@2']","['DecentralizingAgent', 'RandomAgent']",40,39,AgentMechanismInterface,False,False,True,16,0.1445447625592351,0.85,False,False,"(18, 47, 35)",,2,False,,"(18, 47, 35)",0851677d-f772-4364-b232-a95214f6b7af,0,[]
910,failed,"['00Ind@0', '03MyA@1']","['IndDecentralizingAgent', 'MyAgent']",40,39,AgentMechanismInterface,False,False,True,17,0.2292453870177269,0.9,False,False,"(12, 46, 25)",,2,False,,"(12, 46, 25)",253b11fb-ee51-430d-afc8-ee975b7c8b34,0,"[('253b11fb-ee51-430d-afc8-ee975b7c8b34', (12, 46, 25))]"
911,failed,"['02Dec@1', '05Dec@2']","['DecentralizingAgent', 'DecentralizingAgent']",41,40,AgentMechanismInterface,False,False,True,2,0.0031759459525346756,0.15,True,False,,,2,False,,,c37fb273-bccd-4f59-81a6-07cec3d26a28,0,[]
912,failed,"['02Dec@1', '04Ran@2']","['DecentralizingAgent', 'RandomAgent']",41,40,AgentMechanismInterface,False,False,True,2,0.034955183044075966,0.15,False,False,"(9, 44, 36)",,2,False,,"(9, 44, 36)",cda0b856-c5a1-4e44-9472-17ea549d18e1,0,[]
913,failed,"['03MyA@1', '00Ind@0']","['MyAgent', 'IndDecentralizingAgent']",41,40,AgentMechanismInterface,False,False,True,2,0.17588214203715324,0.15,False,False,"(58, 51, 16)",,2,False,,"(58, 51, 16)",7f99b97e-2ed6-4475-886e-537a4df5071d,0,[]
914,failed,"['02Dec@1', '04Ran@2']","['DecentralizingAgent', 'RandomAgent']",41,40,AgentMechanismInterface,False,False,True,2,0.05291247181594372,0.15,False,False,"(26, 42, 42)",,2,False,,"(26, 42, 42)",cd6077bf-1628-4bb9-bbc0-a334007bda17,0,[]
915,failed,"['04Ran@2', '02Dec@1']","['RandomAgent', 'DecentralizingAgent']",41,40,AgentMechanismInterface,False,False,True,10,0.07932672463357449,0.55,False,False,"(8, 43, 20)",,2,False,,"(8, 43, 20)",3ab867a5-6492-4f55-bc8b-c640253ba759,0,[]
916,failed,"['02Dec@1', '04Ran@2']","['DecentralizingAgent', 'RandomAgent']",41,40,AgentMechanismInterface,False,False,True,13,0.07137594278901815,0.7,False,False,"(1, 46, 39)",,2,False,,"(1, 46, 39)",0bb4eb44-60e2-4cb3-94f7-ee072fe93158,0,"[('0bb4eb44-60e2-4cb3-94f7-ee072fe93158', (1, 46, 39))]"
917,failed,"['05Dec@2', '02Dec@1']","['DecentralizingAgent', 'DecentralizingAgent']",41,40,AgentMechanismInterface,False,False,True,17,0.2678943444043398,0.9,False,False,"(1, 41, 11)",,2,False,,"(1, 41, 11)",b1d6e263-9793-4586-9c81-5ba74f6f163f,0,"[('b1d6e263-9793-4586-9c81-5ba74f6f163f', (1, 41, 11))]"
918,failed,"['00Ind@0', '03MyA@1']","['IndDecentralizingAgent', 'MyAgent']",41,40,AgentMechanismInterface,False,False,True,17,0.2999040186405182,0.9,False,False,"(4, 47, 24)",,2,False,,"(4, 47, 24)",b4ab3b16-7871-44e4-b54d-e38289bf9095,0,"[('b4ab3b16-7871-44e4-b54d-e38289bf9095', (4, 47, 24))]"
919,failed,"['02Dec@1', '04Ran@2']","['DecentralizingAgent', 'RandomAgent']",42,41,AgentMechanismInterface,False,False,True,2,0.036505598574876785,0.15,False,False,"(4, 44, 30)",,2,False,,"(4, 44, 30)",f12b720e-b05e-43e1-8302-8a8b085ccc8e,0,[]
920,failed,"['02Dec@1', '05Dec@2']","['DecentralizingAgent', 'DecentralizingAgent']",42,41,AgentMechanismInterface,False,False,True,2,0.04825802519917488,0.15,True,False,,,2,False,,"(9, 44, 21)",fabb24da-4fdf-44bd-a35a-7f58a60f2469,0,[]
921,failed,"['05Dec@2', '02Dec@1']","['DecentralizingAgent', 'DecentralizingAgent']",42,41,AgentMechanismInterface,False,False,True,2,0.017637952230870724,0.15,True,False,,,2,False,,,2cbe6130-9b52-4b23-9fe9-41394e51eac5,0,[]
922,failed,"['03MyA@1', '01Ran@0']","['MyAgent', 'RandomAgent']",42,41,AgentMechanismInterface,False,False,True,2,0.11620133556425571,0.15,False,False,"(24, 43, 7)",,2,False,,"(24, 43, 7)",42d64815-9e3f-47d3-9520-77c359fead5d,0,"[('42d64815-9e3f-47d3-9520-77c359fead5d', (24, 43, 7))]"
923,failed,"['02Dec@1', '04Ran@2']","['DecentralizingAgent', 'RandomAgent']",42,41,AgentMechanismInterface,False,False,True,2,0.11842123046517372,0.15,True,False,,,2,False,,,6bd9493b-3ea8-40c9-b1fc-9b86db0f5f3c,0,[]
924,failed,"['04Ran@2', '02Dec@1']","['RandomAgent', 'DecentralizingAgent']",42,41,AgentMechanismInterface,False,False,True,7,0.11043803300708532,0.4,False,False,"(10, 43, 21)",,2,False,,"(10, 43, 21)",2675dcb0-f0c9-4d99-947a-00a390767afd,0,[]
925,failed,"['02Dec@1', '01Ran@0']","['DecentralizingAgent', 'RandomAgent']",42,41,AgentMechanismInterface,False,False,True,12,0.21976459212601185,0.65,False,False,"(15, 43, 2)",,2,False,,"(15, 43, 2)",45cd803e-3fe7-46e7-9c5e-cabd8e58f558,0,"[('45cd803e-3fe7-46e7-9c5e-cabd8e58f558', (15, 43, 2))]"
926,failed,"['00Ind@0', '02Dec@1']","['IndDecentralizingAgent', 'DecentralizingAgent']",42,41,AgentMechanismInterface,False,False,True,17,0.29892163816839457,0.9,False,False,"(18, 48, 25)",,2,False,,"(18, 48, 25)",94152f66-1d24-4843-9c66-1a03d09642a1,0,[]
927,failed,"['00Ind@0', '03MyA@1']","['IndDecentralizingAgent', 'MyAgent']",42,41,AgentMechanismInterface,False,False,True,17,0.39314610697329044,0.9,False,False,"(18, 51, 23)",,2,False,,"(18, 51, 23)",0d5b3aa4-b15c-44ef-a134-ca68dfaf3a28,0,[]
928,failed,"['00Ind@0', '03MyA@1']","['IndDecentralizingAgent', 'MyAgent']",42,41,AgentMechanismInterface,False,False,True,17,0.28740798588842154,0.9,False,False,"(4, 47, 24)",,2,False,,"(4, 47, 24)",efde254c-81b9-483a-8caa-8c96a21ffdf4,0,"[('efde254c-81b9-483a-8caa-8c96a21ffdf4', (4, 47, 24))]"
929,failed,"['02Dec@1', '00Ind@0']","['DecentralizingAgent', 'IndDecentralizingAgent']",42,41,AgentMechanismInterface,False,False,True,17,0.2056949995458126,0.9,False,False,"(23, 44, 8)",,2,False,,"(23, 44, 8)",dd0ac92a-a966-4580-867a-664656b1c260,0,[]
930,failed,"['03MyA@1', '01Ran@0']","['MyAgent', 'RandomAgent']",43,42,AgentMechanismInterface,False,False,True,2,0.09704469423741102,0.15,False,False,"(17, 43, 4)",,2,False,,"(17, 43, 4)",ff6dd99f-85b2-4fb8-8380-aae6e7edc37a,0,[]
931,failed,"['03MyA@1', '01Ran@0']","['MyAgent', 'RandomAgent']",43,42,AgentMechanismInterface,False,False,True,2,0.18813863024115562,0.15,False,False,"(11, 50, 9)",,2,False,,"(11, 50, 9)",0543bccb-0fba-4f77-bac7-4b964aa438ee,0,"[('0543bccb-0fba-4f77-bac7-4b964aa438ee', (11, 50, 9))]"
932,failed,"['02Dec@1', '05Dec@2']","['DecentralizingAgent', 'DecentralizingAgent']",43,42,AgentMechanismInterface,False,False,True,2,0.11722583509981632,0.15,False,False,"(31, 43, 21)",,2,False,,"(31, 43, 21)",17536b7a-b2a8-4f86-abd2-28e3d8de1958,0,[]
933,failed,"['02Dec@1', '00Ind@0']","['DecentralizingAgent', 'IndDecentralizingAgent']",43,42,AgentMechanismInterface,False,False,True,2,0.08890052698552608,0.15,True,False,,,2,False,,"(6, 53, 16)",96249086-7b0d-4a00-b809-65ea35f5e544,0,[]
934,failed,"['02Dec@1', '05Dec@2']","['DecentralizingAgent', 'DecentralizingAgent']",43,42,AgentMechanismInterface,False,False,True,2,0.15767663344740868,0.15,True,False,,,2,False,,,35b35924-bc98-40b5-9f08-9baa26967bb4,0,[]
935,failed,"['02Dec@1', '05Dec@2']","['DecentralizingAgent', 'DecentralizingAgent']",43,42,AgentMechanismInterface,False,False,True,2,0.1636701812967658,0.15,True,False,,,2,False,,"(9, 44, 21)",5b9df7c7-2f89-441f-b768-bcd95549cf87,0,[]
936,failed,"['04Ran@2', '02Dec@1']","['RandomAgent', 'DecentralizingAgent']",43,42,AgentMechanismInterface,False,False,True,12,0.11826701555401087,0.65,False,False,"(5, 43, 20)",,2,False,,"(5, 43, 20)",983cd5b5-e155-4a8d-8b2c-01fdc7417307,0,[]
937,failed,"['02Dec@1', '04Ran@2']","['DecentralizingAgent', 'RandomAgent']",44,43,AgentMechanismInterface,False,False,True,2,0.11924714874476194,0.15,False,False,"(2, 44, 41)",,2,False,,"(2, 44, 41)",1c37f8b9-e7a4-4d35-b460-bc54c513e4c2,0,"[('1c37f8b9-e7a4-4d35-b460-bc54c513e4c2', (2, 44, 41))]"
938,failed,"['03MyA@1', '01Ran@0']","['MyAgent', 'RandomAgent']",44,43,AgentMechanismInterface,False,False,True,2,0.12230090890079737,0.15,False,False,"(35, 51, 11)",,2,False,,"(35, 51, 11)",40fd84de-3a2f-4466-ab95-3e13b51dd27b,0,[]
939,failed,"['02Dec@1', '04Ran@2']","['DecentralizingAgent', 'RandomAgent']",44,43,AgentMechanismInterface,False,False,True,2,0.03362369164824486,0.15,False,False,"(7, 44, 29)",,2,False,,"(7, 44, 29)",f9380a58-1ac5-42ca-9220-d7d2d94d7f2c,0,[]
940,failed,"['02Dec@1', '04Ran@2']","['DecentralizingAgent', 'RandomAgent']",44,43,AgentMechanismInterface,False,False,True,2,0.13966358825564384,0.15,False,False,"(2, 45, 42)",,2,False,,"(2, 45, 42)",616f8cb6-6f26-4a37-86a8-0d19b1212bb5,0,[]
941,failed,"['02Dec@1', '00Ind@0']","['DecentralizingAgent', 'IndDecentralizingAgent']",44,43,AgentMechanismInterface,False,False,True,2,0.15814843587577343,0.15,True,False,,,2,False,,"(6, 53, 16)",02e2ea34-053e-4781-83e8-f1968d917e55,0,[]
942,failed,"['03MyA@1', '00Ind@0']","['MyAgent', 'IndDecentralizingAgent']",44,43,AgentMechanismInterface,False,False,True,2,0.04637835267931223,0.15,False,False,"(21, 48, 16)",,2,False,,"(21, 48, 16)",075ff55d-d9e4-4fd9-b4ac-3f77a9eeee49,0,[]
943,failed,"['04Ran@2', '02Dec@1']","['RandomAgent', 'DecentralizingAgent']",44,43,AgentMechanismInterface,False,False,True,8,0.10595167241990566,0.45,False,False,"(4, 47, 21)",,2,False,,"(4, 47, 21)",1e189b85-8442-4b20-8611-eb4e9de9cde7,0,"[('1e189b85-8442-4b20-8611-eb4e9de9cde7', (4, 47, 21))]"
944,failed,"['02Dec@1', '01Ran@0']","['DecentralizingAgent', 'RandomAgent']",44,43,AgentMechanismInterface,False,False,True,14,0.11562519334256649,0.75,False,False,"(1, 47, 4)",,2,False,,"(1, 47, 4)",bf704f04-5111-41a0-999e-69f23e033753,0,"[('bf704f04-5111-41a0-999e-69f23e033753', (1, 47, 4))]"
945,failed,"['02Dec@1', '00Ind@0']","['DecentralizingAgent', 'IndDecentralizingAgent']",44,43,AgentMechanismInterface,False,False,True,17,0.2186589827761054,0.9,False,False,"(5, 46, 8)",,2,False,,"(5, 46, 8)",35cc97f4-de13-41b6-80b5-ed7a57fe4b6c,0,"[('35cc97f4-de13-41b6-80b5-ed7a57fe4b6c', (5, 46, 8))]"
946,failed,"['00Ind@0', '03MyA@1']","['IndDecentralizingAgent', 'MyAgent']",44,43,AgentMechanismInterface,False,False,True,17,0.15653743222355843,0.9,False,False,"(12, 53, 23)",,2,False,,"(12, 53, 23)",c66e50c1-783f-4ecc-b875-7dd086cb16ab,0,"[('c66e50c1-783f-4ecc-b875-7dd086cb16ab', (12, 53, 23))]"
947,failed,"['00Ind@0', '02Dec@1']","['IndDecentralizingAgent', 'DecentralizingAgent']",44,43,AgentMechanismInterface,False,False,True,17,0.21249196119606495,0.9,False,False,"(12, 50, 25)",,2,False,,"(12, 50, 25)",509ebd51-ee7c-4fdb-927a-3da5bdf410fe,0,"[('509ebd51-ee7c-4fdb-927a-3da5bdf410fe', (12, 50, 25))]"
948,failed,"['03MyA@1', '00Ind@0']","['MyAgent', 'IndDecentralizingAgent']",45,44,AgentMechanismInterface,False,False,True,2,0.05054073594510555,0.15,True,False,,,2,False,,"(6, 53, 16)",a657cc06-4fe9-4593-ad7c-99f5e3331d8c,0,[]
949,failed,"['02Dec@1', '01Ran@0']","['DecentralizingAgent', 'RandomAgent']",45,44,AgentMechanismInterface,False,False,True,2,0.2304752841591835,0.15,False,False,"(9, 47, 7)",,2,False,,"(9, 47, 7)",7d12a7f7-6a52-4cde-b2e1-9b096857a376,0,[]
950,failed,"['03MyA@1', '00Ind@0']","['MyAgent', 'IndDecentralizingAgent']",45,44,AgentMechanismInterface,False,False,True,2,0.21446196176111698,0.15,False,False,"(58, 55, 16)",,2,False,,"(58, 55, 16)",8d8ce979-0f15-4309-a533-726a0d5ba39d,0,[]
951,failed,"['02Dec@1', '05Dec@2']","['DecentralizingAgent', 'DecentralizingAgent']",45,44,AgentMechanismInterface,False,False,True,2,0.06832386180758476,0.15,True,False,,,2,False,,"(5, 45, 21)",af36cd36-668b-40be-be9e-702197254bab,0,[]
952,failed,"['02Dec@1', '01Ran@0']","['DecentralizingAgent', 'RandomAgent']",45,44,AgentMechanismInterface,False,False,True,2,0.036574505269527435,0.15,True,False,,,2,False,,,11e28480-e92f-4e5a-a0c3-7b8c69eb0431,0,[]
953,failed,"['02Dec@1', '01Ran@0']","['DecentralizingAgent', 'RandomAgent']",45,44,AgentMechanismInterface,False,False,True,8,0.1475095134228468,0.45,False,False,"(5, 49, 1)",,2,False,,"(5, 49, 1)",25cd6336-c250-4d02-acb5-7bbae402c9c6,0,"[('25cd6336-c250-4d02-acb5-7bbae402c9c6', (5, 49, 1))]"
954,failed,"['02Dec@1', '00Ind@0']","['DecentralizingAgent', 'IndDecentralizingAgent']",45,44,AgentMechanismInterface,False,False,True,8,0.15104359854012728,0.45,True,False,,,2,False,,"(5, 45, 16)",7b992943-666e-4636-a557-d4c9556431e5,0,"[('7b992943-666e-4636-a557-d4c9556431e5', (5, 45, 16))]"
955,failed,"['02Dec@1', '04Ran@2']","['DecentralizingAgent', 'RandomAgent']",45,44,AgentMechanismInterface,False,False,True,11,0.2941830325871706,0.6,False,False,"(1, 50, 42)",,2,False,,"(1, 50, 42)",7baa64b9-6a63-4151-881f-ebb7a25aab05,0,[]
956,failed,"['02Dec@1', '05Dec@2']","['DecentralizingAgent', 'DecentralizingAgent']",45,44,AgentMechanismInterface,False,False,True,17,0.15724308229982853,0.9,False,False,"(5, 54, 32)",,2,False,,"(5, 54, 32)",1fefffa6-9153-4ced-bce1-0e6737ffce91,0,"[('1fefffa6-9153-4ced-bce1-0e6737ffce91', (5, 54, 32))]"
957,failed,"['00Ind@0', '02Dec@1']","['IndDecentralizingAgent', 'DecentralizingAgent']",45,44,AgentMechanismInterface,False,False,True,17,0.20233710203319788,0.9,False,False,"(15, 52, 25)",,2,False,,"(15, 52, 25)",d0ccc00e-9801-4214-aed2-d137fcf2f019,0,[]
958,failed,"['00Ind@0', '03MyA@1']","['IndDecentralizingAgent', 'MyAgent']",45,44,AgentMechanismInterface,False,False,True,17,0.1984161101281643,0.9,False,False,"(15, 52, 25)",,2,False,,"(15, 52, 25)",69efa5b0-9221-41bc-81e3-cc71cc79bc9f,0,[]
959,failed,"['02Dec@1', '00Ind@0']","['DecentralizingAgent', 'IndDecentralizingAgent']",46,45,AgentMechanismInterface,False,False,True,2,0.076064164750278,0.15,True,False,,,2,False,,"(6, 53, 16)",bba50c66-e652-4699-b732-6f6e72dde601,0,[]
960,failed,"['03MyA@1', '01Ran@0']","['MyAgent', 'RandomAgent']",46,45,AgentMechanismInterface,False,False,True,2,0.2092803856357932,0.15,False,False,"(27, 55, 12)",,2,False,,"(27, 55, 12)",3819235f-d3dc-458c-a8a3-e8e73f642490,0,[]
961,failed,"['03MyA@1', '01Ran@0']","['MyAgent', 'RandomAgent']",46,45,AgentMechanismInterface,False,False,True,2,0.13116192631423473,0.15,False,False,"(5, 52, 14)",,2,False,,"(5, 52, 14)",5f266d7a-78da-414e-b736-f0b3d18b034c,0,[]
962,failed,"['02Dec@1', '01Ran@0']","['DecentralizingAgent', 'RandomAgent']",46,45,AgentMechanismInterface,False,False,True,3,0.10655686166137457,0.2,False,False,"(6, 52, 13)",,2,False,,"(6, 52, 13)",6cf50073-630f-4a3b-bf09-8346e95172d4,0,"[('6cf50073-630f-4a3b-bf09-8346e95172d4', (6, 52, 13))]"
963,failed,"['02Dec@1', '00Ind@0']","['DecentralizingAgent', 'IndDecentralizingAgent']",46,45,AgentMechanismInterface,False,False,True,6,0.2125152423977852,0.35,False,False,"(20, 55, 16)",,2,False,,"(20, 55, 16)",2140cfb3-c79d-4bf0-8eee-423f691fa731,0,"[('2140cfb3-c79d-4bf0-8eee-423f691fa731', (20, 55, 16))]"
964,failed,"['02Dec@1', '04Ran@2']","['DecentralizingAgent', 'RandomAgent']",46,45,AgentMechanismInterface,False,False,True,9,0.1451912522315979,0.5,False,False,"(5, 51, 42)",,2,False,,"(5, 51, 42)",daace24e-3d7a-4b40-a9ee-ad8a8c4a54ac,0,[]
965,failed,"['02Dec@1', '05Dec@2']","['DecentralizingAgent', 'DecentralizingAgent']",46,45,AgentMechanismInterface,False,False,True,10,0.11513987276703119,0.55,True,False,,,2,False,,"(5, 54, 22)",d42b4a6a-fdd4-4783-9122-ab8f4bb3bfb4,0,"[('d42b4a6a-fdd4-4783-9122-ab8f4bb3bfb4', (5, 54, 22))]"
966,failed,"['02Dec@1', '01Ran@0']","['DecentralizingAgent', 'RandomAgent']",46,45,AgentMechanismInterface,False,False,True,11,0.3089777799323201,0.6,False,False,"(1, 50, 1)",,2,False,,"(1, 50, 1)",f343eaac-e6fa-4b41-af79-9e7f962bab21,0,[]
967,failed,"['02Dec@1', '01Ran@0']","['DecentralizingAgent', 'RandomAgent']",46,45,AgentMechanismInterface,False,False,True,15,0.27133756410330534,0.8,False,False,"(3, 46, 3)",,2,False,,"(3, 46, 3)",bb898ac8-beb4-4a89-89b6-67199a94bd36,0,[]
968,failed,"['02Dec@1', '00Ind@0']","['DecentralizingAgent', 'IndDecentralizingAgent']",46,45,AgentMechanismInterface,False,False,True,17,0.33789233956485987,0.9,False,False,"(5, 48, 8)",,2,False,,"(5, 48, 8)",ddeb0b38-e1df-4413-93ed-181a2d16da6e,0,"[('ddeb0b38-e1df-4413-93ed-181a2d16da6e', (5, 48, 8))]"
969,failed,"['00Ind@0', '02Dec@1']","['IndDecentralizingAgent', 'DecentralizingAgent']",46,45,AgentMechanismInterface,False,False,True,17,0.2516681673005223,0.9,False,False,"(14, 54, 23)",,2,False,,"(14, 54, 23)",b188bb93-7a43-4ac4-982c-270666e5a390,0,"[('b188bb93-7a43-4ac4-982c-270666e5a390', (14, 54, 23))]"
970,failed,"['00Ind@0', '03MyA@1']","['IndDecentralizingAgent', 'MyAgent']",46,45,AgentMechanismInterface,False,False,True,17,0.23754402808845043,0.9,False,False,"(14, 54, 23)",,2,False,,"(14, 54, 23)",25a03e4c-5314-4435-9dc2-434b4824de7d,0,"[('25a03e4c-5314-4435-9dc2-434b4824de7d', (14, 54, 23))]"
971,failed,"['02Dec@1', '00Ind@0']","['DecentralizingAgent', 'IndDecentralizingAgent']",46,45,AgentMechanismInterface,False,False,True,17,0.21078878734260798,0.9,False,False,"(5, 48, 9)",,2,False,,"(5, 48, 9)",4c0b0444-b244-4510-8a5e-f7ec80c1f359,0,"[('4c0b0444-b244-4510-8a5e-f7ec80c1f359', (5, 48, 9))]"
972,failed,"['03MyA@1', '01Ran@0']","['MyAgent', 'RandomAgent']",47,46,AgentMechanismInterface,False,False,True,2,0.14226050209254026,0.15,False,False,"(34, 50, 6)",,2,False,,"(34, 50, 6)",a4f04b58-6381-4652-9c27-a3a6119883af,0,"[('a4f04b58-6381-4652-9c27-a3a6119883af', (34, 50, 6))]"
973,failed,"['02Dec@1', '01Ran@0']","['DecentralizingAgent', 'RandomAgent']",47,46,AgentMechanismInterface,False,False,True,2,0.06251248996704817,0.15,False,False,"(5, 51, 7)",,2,False,,"(5, 51, 7)",e05c565e-1c29-4bf1-afa0-af6e0b81047a,0,[]
974,failed,"['02Dec@1', '00Ind@0']","['DecentralizingAgent', 'IndDecentralizingAgent']",47,46,AgentMechanismInterface,False,False,True,2,0.09382305666804314,0.15,True,False,,,2,False,,,0105f908-1371-40d3-b066-984930412131,0,[]
975,failed,"['03MyA@1', '00Ind@0']","['MyAgent', 'IndDecentralizingAgent']",47,46,AgentMechanismInterface,False,False,True,2,0.20015332847833633,0.15,False,False,"(28, 56, 16)",,2,False,,"(28, 56, 16)",aa52b65f-b63e-4e54-9d17-b0e17d21ed19,0,[]
976,failed,"['03MyA@1', '00Ind@0']","['MyAgent', 'IndDecentralizingAgent']",47,46,AgentMechanismInterface,False,False,True,2,0.08194714970886707,0.15,True,False,,,2,False,,"(1, 53, 16)",e0605fd7-0c20-4daf-8d64-26a3e419f7ef,0,[]
977,failed,"['02Dec@1', '00Ind@0']","['DecentralizingAgent', 'IndDecentralizingAgent']",47,46,AgentMechanismInterface,False,False,True,2,0.0891080116853118,0.15,False,False,"(21, 57, 16)",,2,False,,"(21, 57, 16)",6cf0cd6a-5e47-4144-8154-329dabe2cc02,0,"[('6cf0cd6a-5e47-4144-8154-329dabe2cc02', (21, 57, 16))]"
978,failed,"['02Dec@1', '04Ran@2']","['DecentralizingAgent', 'RandomAgent']",47,46,AgentMechanismInterface,False,False,True,10,0.16805018857121468,0.55,False,False,"(5, 54, 41)",,2,False,,"(5, 54, 41)",559b4468-d62c-46a5-b729-2249afb6710b,0,"[('559b4468-d62c-46a5-b729-2249afb6710b', (5, 54, 41))]"
979,failed,"['02Dec@1', '05Dec@2']","['DecentralizingAgent', 'DecentralizingAgent']",47,46,AgentMechanismInterface,False,False,True,11,0.2858488652855158,0.6,True,False,,,2,False,,"(5, 55, 22)",3fb3a60b-7b54-425b-ba61-6e4b6ce0c161,0,[]
980,failed,"['02Dec@1', '04Ran@2']","['DecentralizingAgent', 'RandomAgent']",47,46,AgentMechanismInterface,False,False,True,14,0.3396177887916565,0.75,False,False,"(4, 52, 38)",,2,False,,"(4, 52, 38)",698bd5ce-04f9-4214-866e-2a2069901c05,0,[]
981,failed,"['02Dec@1', '01Ran@0']","['DecentralizingAgent', 'RandomAgent']",47,46,AgentMechanismInterface,False,False,True,14,0.19310321658849716,0.75,False,False,"(5, 48, 4)",,2,False,,"(5, 48, 4)",7f7c160b-61db-4e72-9160-9e6674527f3a,0,"[('7f7c160b-61db-4e72-9160-9e6674527f3a', (5, 48, 4))]"
982,failed,"['02Dec@1', '00Ind@0']","['DecentralizingAgent', 'IndDecentralizingAgent']",47,46,AgentMechanismInterface,False,False,True,14,0.18410139996558428,0.75,True,False,,,2,False,,"(5, 47, 13)",7bd7bac5-8ab8-4484-85fd-a73e4bdb76ff,0,"[('7bd7bac5-8ab8-4484-85fd-a73e4bdb76ff', (5, 47, 13))]"
983,failed,"['00Ind@0', '03MyA@1']","['IndDecentralizingAgent', 'MyAgent']",47,46,AgentMechanismInterface,False,False,True,17,0.3922080146148801,0.9,False,False,"(15, 54, 25)",,2,False,,"(15, 54, 25)",09430a46-1c93-4012-b622-0c6d0206367f,0,[]
984,failed,"['02Dec@1', '05Dec@2']","['DecentralizingAgent', 'DecentralizingAgent']",47,46,AgentMechanismInterface,False,False,True,17,0.23754786979407072,0.9,False,False,"(5, 52, 31)",,2,False,,"(5, 52, 31)",9a1f2126-e913-44e0-aed0-900fb2e45cd2,0,"[('9a1f2126-e913-44e0-aed0-900fb2e45cd2', (5, 52, 31))]"
985,failed,"['03MyA@1', '00Ind@0']","['MyAgent', 'IndDecentralizingAgent']",48,47,AgentMechanismInterface,False,False,True,2,0.15461944695562124,0.15,True,False,,,2,False,,"(1, 53, 16)",2c5fe30b-f804-473a-a0cc-9455c8b92872,0,[]
986,failed,"['02Dec@1', '01Ran@0']","['DecentralizingAgent', 'RandomAgent']",48,47,AgentMechanismInterface,False,False,True,2,0.15483503229916096,0.15,True,False,,,2,False,,,b430de3a-8230-4d5f-bfab-81864835b9d6,0,[]
987,failed,"['03MyA@1', '01Ran@0']","['MyAgent', 'RandomAgent']",48,47,AgentMechanismInterface,False,False,True,2,0.19495166838169098,0.15,False,False,"(19, 49, 8)",,2,False,,"(19, 49, 8)",537dc937-9ab3-4179-ac16-8f0d6bbac147,0,[]
988,failed,"['02Dec@1', '00Ind@0']","['DecentralizingAgent', 'IndDecentralizingAgent']",48,47,AgentMechanismInterface,False,False,True,2,0.1540844226256013,0.15,True,False,,,2,False,,,c9377748-1f0a-4f17-9865-d5569c8492a4,0,[]
989,failed,"['03MyA@1', '01Ran@0']","['MyAgent', 'RandomAgent']",48,47,AgentMechanismInterface,False,False,True,2,0.10001889709383249,0.15,False,False,"(5, 52, 10)",,2,False,,"(5, 52, 10)",f6ef4d79-9c13-4bad-8a55-b6c2e808d4d4,0,"[('f6ef4d79-9c13-4bad-8a55-b6c2e808d4d4', (5, 52, 10))]"
990,failed,"['02Dec@1', '01Ran@0']","['DecentralizingAgent', 'RandomAgent']",48,47,AgentMechanismInterface,False,False,True,9,0.16960761789232492,0.5,False,False,"(2, 51, 1)",,2,False,,"(2, 51, 1)",c09d97d6-eb3f-4d7c-bbdd-346f5553c1d3,0,[]
991,failed,"['02Dec@1', '01Ran@0']","['DecentralizingAgent', 'RandomAgent']",48,47,AgentMechanismInterface,False,False,True,11,0.17172670923173428,0.6,False,False,"(5, 48, 2)",,2,False,,"(5, 48, 2)",524600ca-1613-4ce4-b326-0ead9eeb5e47,0,[]
992,failed,"['02Dec@1', '04Ran@2']","['DecentralizingAgent', 'RandomAgent']",48,47,AgentMechanismInterface,False,False,True,11,0.27109342254698277,0.6,False,False,"(1, 54, 42)",,2,False,,"(1, 54, 42)",7a38b463-d7a5-460e-9375-15674e92bad7,0,[]
993,failed,"['02Dec@1', '00Ind@0']","['DecentralizingAgent', 'IndDecentralizingAgent']",48,47,AgentMechanismInterface,False,False,True,11,0.24958122242242098,0.6,True,False,,,2,False,,"(5, 53, 15)",e7b1e289-7545-4bef-a166-9c4860c4aec8,0,"[('e7b1e289-7545-4bef-a166-9c4860c4aec8', (5, 53, 15))]"
994,failed,"['02Dec@1', '04Ran@2']","['DecentralizingAgent', 'RandomAgent']",48,47,AgentMechanismInterface,False,False,True,13,0.28688090667128563,0.7,False,False,"(2, 53, 40)",,2,False,,"(2, 53, 40)",812d7507-cdad-4c56-afd5-d0de303e0137,0,[]
995,failed,"['02Dec@1', '01Ran@0']","['DecentralizingAgent', 'RandomAgent']",48,47,AgentMechanismInterface,False,False,True,14,0.2795404512435198,0.75,False,False,"(4, 52, 2)",,2,False,,"(4, 52, 2)",d50bfb1a-d2da-4b6b-b13f-44fc7819dce1,0,"[('d50bfb1a-d2da-4b6b-b13f-44fc7819dce1', (4, 52, 2))]"
996,failed,"['02Dec@1', '00Ind@0']","['DecentralizingAgent', 'IndDecentralizingAgent']",48,47,AgentMechanismInterface,False,False,True,17,0.23321551363915205,0.9,False,False,"(5, 52, 9)",,2,False,,"(5, 52, 9)",d9341d67-e046-498f-bb03-121297d3d929,0,"[('d9341d67-e046-498f-bb03-121297d3d929', (5, 52, 9))]"
997,failed,"['02Dec@1', '05Dec@2']","['DecentralizingAgent', 'DecentralizingAgent']",48,47,AgentMechanismInterface,False,False,True,17,0.3502948386594653,0.9,False,False,"(5, 54, 31)",,2,False,,"(5, 54, 31)",0ac47a4d-0f20-4777-b29f-ffd8f8aceda8,0,"[('0ac47a4d-0f20-4777-b29f-ffd8f8aceda8', (5, 54, 31))]"
998,failed,"['02Dec@1', '05Dec@2']","['DecentralizingAgent', 'DecentralizingAgent']",48,47,AgentMechanismInterface,False,False,True,17,0.34076207038015127,0.9,False,False,"(5, 56, 32)",,2,False,,"(5, 56, 32)",5d79f86d-f616-4ab5-a130-5789b87923ad,0,"[('5d79f86d-f616-4ab5-a130-5789b87923ad', (5, 56, 32))]"
999,failed,"['02Dec@1', '00Ind@0']","['DecentralizingAgent', 'IndDecentralizingAgent']",48,47,AgentMechanismInterface,False,False,True,17,0.2508242893964052,0.9,False,False,"(5, 50, 8)",,2,False,,"(5, 50, 8)",1423b8fb-b1a2-4ac2-acb6-f9287b99f24b,0,"[('1423b8fb-b1a2-4ac2-acb6-f9287b99f24b', (5, 50, 8))]"
1000,failed,"['00Ind@0', '03MyA@1']","['IndDecentralizingAgent', 'MyAgent']",48,47,AgentMechanismInterface,False,False,True,17,0.34262698981910944,0.9,False,False,"(16, 56, 23)",,2,False,,"(16, 56, 23)",a3f9684a-fb03-4a02-a5e2-ca2dbbda6488,0,[]
1001,failed,"['03MyA@1', '01Ran@0']","['MyAgent', 'RandomAgent']",49,48,AgentMechanismInterface,False,False,True,2,0.14250541850924492,0.15,False,False,"(14, 50, 6)",,2,False,,"(14, 50, 6)",e41efa13-7e9f-43bb-99bb-8dc2536358e4,0,"[('e41efa13-7e9f-43bb-99bb-8dc2536358e4', (14, 50, 6))]"
1002,failed,"['03MyA@1', '00Ind@0']","['MyAgent', 'IndDecentralizingAgent']",49,48,AgentMechanismInterface,False,False,True,2,0.0363100515678525,0.15,True,False,,,2,False,,"(3, 57, 16)",4cede550-4b8c-48d3-9d67-93538bb40e49,0,[]
1003,failed,"['02Dec@1', '01Ran@0']","['DecentralizingAgent', 'RandomAgent']",49,48,AgentMechanismInterface,False,False,True,2,0.04671890940517187,0.15,True,False,,,2,False,,,1defbe07-afb1-4340-b47c-794b7fabd5c6,0,[]
1004,failed,"['03MyA@1', '01Ran@0']","['MyAgent', 'RandomAgent']",49,48,AgentMechanismInterface,False,False,True,2,0.09556623082607985,0.15,False,False,"(37, 57, 9)",,2,False,,"(37, 57, 9)",014c8518-7a14-4f29-8e24-1807b810ac17,0,"[('014c8518-7a14-4f29-8e24-1807b810ac17', (37, 57, 9))]"
1005,failed,"['05Dec@2', '02Dec@1']","['DecentralizingAgent', 'DecentralizingAgent']",49,48,AgentMechanismInterface,False,False,True,2,0.12346204277127981,0.15,True,False,,,2,False,,,89e4a6f2-d727-4c3a-b980-7183846b6338,0,[]
1006,failed,"['02Dec@1', '04Ran@2']","['DecentralizingAgent', 'RandomAgent']",49,48,AgentMechanismInterface,False,False,True,12,0.08602298703044653,0.65,False,False,"(5, 59, 40)",,2,False,,"(5, 59, 40)",66dc9a34-e99b-4be0-9666-4d43aef41b46,0,[]
1007,failed,"['02Dec@1', '05Dec@2']","['DecentralizingAgent', 'DecentralizingAgent']",49,48,AgentMechanismInterface,False,False,True,13,0.2523944191634655,0.7,True,False,,,2,False,,"(1, 59, 24)",e50927e9-f648-415f-873e-3f6d9f92d2db,0,"[('e50927e9-f648-415f-873e-3f6d9f92d2db', (1, 59, 24))]"
1008,failed,"['04Ran@2', '02Dec@1']","['RandomAgent', 'DecentralizingAgent']",49,48,AgentMechanismInterface,False,False,True,15,0.2475662874057889,0.8,False,False,"(5, 49, 18)",,2,False,,"(5, 49, 18)",682d45c8-0689-44c5-bb2b-0febfae85041,0,"[('682d45c8-0689-44c5-bb2b-0febfae85041', (5, 49, 18))]"
1009,failed,"['02Dec@1', '00Ind@0']","['DecentralizingAgent', 'IndDecentralizingAgent']",49,48,AgentMechanismInterface,False,False,True,17,0.18002081103622913,0.9,False,False,"(5, 53, 9)",,2,False,,"(5, 53, 9)",eccee954-1164-4ca0-ba12-6986c892d643,0,"[('eccee954-1164-4ca0-ba12-6986c892d643', (5, 53, 9))]"
1010,failed,"['02Dec@1', '01Ran@0']","['DecentralizingAgent', 'RandomAgent']",49,48,AgentMechanismInterface,False,False,True,17,0.17702058888971806,0.9,True,False,,,2,False,,"(1, 54, 10)",5f35cdae-a770-4cc4-940e-7a8157c6422e,0,[]
1011,failed,"['03MyA@1', '01Ran@0']","['MyAgent', 'RandomAgent']",50,49,AgentMechanismInterface,False,False,True,2,0.11724789440631866,0.15,False,False,"(10, 58, 3)",,2,False,,"(10, 58, 3)",04930ee9-f8af-4e45-b27a-d8710d0d8be1,0,[]
1012,failed,"['03MyA@1', '00Ind@0']","['MyAgent', 'IndDecentralizingAgent']",50,49,AgentMechanismInterface,False,False,True,2,0.18034045491367579,0.15,False,False,"(40, 59, 16)",,2,False,,"(40, 59, 16)",7dea8be5-7435-4676-a4ac-baca0eb1178e,0,[]
1013,failed,"['03MyA@1', '00Ind@0']","['MyAgent', 'IndDecentralizingAgent']",50,49,AgentMechanismInterface,False,False,True,2,0.03686865326017141,0.15,True,False,,,2,False,,,14ac7ad4-5010-481d-9845-393cb6bf2220,0,[]
1014,failed,"['02Dec@1', '05Dec@2']","['DecentralizingAgent', 'DecentralizingAgent']",50,49,AgentMechanismInterface,False,False,True,2,0.19921039789915085,0.15,True,False,,,2,False,,,2abefc4a-a5a5-41c7-a42d-e8a73f42800b,0,[]
1015,failed,"['02Dec@1', '00Ind@0']","['DecentralizingAgent', 'IndDecentralizingAgent']",50,49,AgentMechanismInterface,False,False,True,2,0.0408178623765707,0.15,True,False,,,2,False,,"(8, 55, 16)",9a3cc3b9-dd77-4c5e-81a1-4fcf85fb499f,0,[]
1016,failed,"['05Dec@2', '02Dec@1']","['DecentralizingAgent', 'DecentralizingAgent']",50,49,AgentMechanismInterface,False,False,True,7,0.14875564258545637,0.4,False,False,"(5, 51, 21)",,2,False,,"(5, 51, 21)",c584555e-c65b-4633-9acb-55e40fad2392,0,[]
1017,failed,"['02Dec@1', '04Ran@2']","['DecentralizingAgent', 'RandomAgent']",50,49,AgentMechanismInterface,False,False,True,9,0.09510658122599125,0.5,False,False,"(15, 60, 42)",,2,False,,"(15, 60, 42)",0440258a-c87d-4703-8ba3-29aa40ddc8a0,0,"[('0440258a-c87d-4703-8ba3-29aa40ddc8a0', (15, 60, 42))]"
1018,failed,"['02Dec@1', '01Ran@0']","['DecentralizingAgent', 'RandomAgent']",50,49,AgentMechanismInterface,False,False,True,11,0.1637529395520687,0.6,False,False,"(5, 54, 2)",,2,False,,"(5, 54, 2)",3e28cd2a-a45a-4485-b301-486688fbd188,0,"[('3e28cd2a-a45a-4485-b301-486688fbd188', (5, 54, 2))]"
1019,failed,"['02Dec@1', '00Ind@0']","['DecentralizingAgent', 'IndDecentralizingAgent']",50,49,AgentMechanismInterface,False,False,True,11,0.0849594296887517,0.6,True,False,,,2,False,,"(5, 53, 15)",565c85c1-2df3-4744-985b-8e87c6a4cf42,0,"[('565c85c1-2df3-4744-985b-8e87c6a4cf42', (5, 53, 15))]"
1020,failed,"['04Ran@2', '02Dec@1']","['RandomAgent', 'DecentralizingAgent']",50,49,AgentMechanismInterface,False,False,True,12,0.1172159593552351,0.65,False,False,"(3, 50, 21)",,2,False,,"(3, 50, 21)",7df2e3c1-c420-4a91-9b95-5191e8407a67,0,[]
1021,failed,"['02Dec@1', '04Ran@2']","['DecentralizingAgent', 'RandomAgent']",50,49,AgentMechanismInterface,False,False,True,14,0.10852377768605947,0.75,False,False,"(5, 57, 37)",,2,False,,"(5, 57, 37)",909e0fac-7fa5-4092-8018-c1745c588ff8,0,"[('909e0fac-7fa5-4092-8018-c1745c588ff8', (5, 57, 37))]"
1022,failed,"['02Dec@1', '05Dec@2']","['DecentralizingAgent', 'DecentralizingAgent']",50,49,AgentMechanismInterface,False,False,True,15,0.2965055610984564,0.8,True,False,,,2,False,,"(5, 56, 26)",97bf539c-4e05-46ba-9efe-ed7f618dfe1b,0,[]
1023,failed,"['02Dec@1', '05Dec@2']","['DecentralizingAgent', 'DecentralizingAgent']",50,49,AgentMechanismInterface,False,False,True,17,0.2146720066666603,0.9,False,False,"(19, 55, 33)",,2,False,,"(19, 55, 33)",1463f01a-432b-456d-9265-ddf892cba2bf,0,[]
1024,failed,"['05Dec@2', '02Dec@1']","['DecentralizingAgent', 'DecentralizingAgent']",51,50,AgentMechanismInterface,False,False,True,2,0.04509113822132349,0.15,True,False,,,2,False,,,75b3a437-da3f-4998-a4c4-b28dbd837aa0,0,[]
1025,failed,"['02Dec@1', '01Ran@0']","['DecentralizingAgent', 'RandomAgent']",51,50,AgentMechanismInterface,False,False,True,2,0.12332055810838938,0.15,True,False,,,2,False,,,c6d85b9c-3837-4ef8-89a6-14b8cccb83c3,0,[]
1026,failed,"['02Dec@1', '05Dec@2']","['DecentralizingAgent', 'DecentralizingAgent']",51,50,AgentMechanismInterface,False,False,True,2,0.10794796887785196,0.15,True,False,,,2,False,,,10e217fd-830d-424d-8016-8b0f801f3f67,0,[]
1027,failed,"['03MyA@1', '00Ind@0']","['MyAgent', 'IndDecentralizingAgent']",51,50,AgentMechanismInterface,False,False,True,2,0.13751874770969152,0.15,True,False,,,2,False,,,e80da17f-4bd0-48ec-b5a9-9c16d7ff2078,0,[]
1028,failed,"['02Dec@1', '00Ind@0']","['DecentralizingAgent', 'IndDecentralizingAgent']",51,50,AgentMechanismInterface,False,False,True,2,0.13315847050398588,0.15,True,False,,,2,False,,,2165fd4d-8ea9-404b-967d-ed62231f0191,0,[]
1029,failed,"['02Dec@1', '05Dec@2']","['DecentralizingAgent', 'DecentralizingAgent']",51,50,AgentMechanismInterface,False,False,True,2,0.0949977096170187,0.15,True,False,,,2,False,,"(5, 54, 21)",aa7e5741-b697-4309-8ea1-daa37a5fd073,0,[]
1030,failed,"['03MyA@1', '01Ran@0']","['MyAgent', 'RandomAgent']",51,50,AgentMechanismInterface,False,False,True,2,0.1301232222467661,0.15,True,False,,,2,False,,,10c78972-dcf9-4f39-ad27-6cea4597cdaa,0,[]
1031,failed,"['02Dec@1', '04Ran@2']","['DecentralizingAgent', 'RandomAgent']",51,50,AgentMechanismInterface,False,False,True,11,0.16013414319604635,0.6,False,False,"(5, 58, 41)",,2,False,,"(5, 58, 41)",8d22c335-5823-412b-b767-d0ee28d0f112,0,[]
1032,failed,"['02Dec@1', '01Ran@0']","['DecentralizingAgent', 'RandomAgent']",51,50,AgentMechanismInterface,False,False,True,12,0.14845761377364397,0.65,False,False,"(5, 55, 2)",,2,False,,"(5, 55, 2)",e87bc332-9012-40ef-8209-2ccbf947144f,0,[]
1033,failed,"['02Dec@1', '05Dec@2']","['DecentralizingAgent', 'DecentralizingAgent']",51,50,AgentMechanismInterface,False,False,True,12,0.22150134295225143,0.65,True,False,,,2,False,,"(5, 56, 23)",cce7eb6d-92cf-42ad-a052-53cbbbf441ae,0,[]
1034,failed,"['02Dec@1', '00Ind@0']","['DecentralizingAgent', 'IndDecentralizingAgent']",51,50,AgentMechanismInterface,False,False,True,13,0.1634226320311427,0.7,True,False,,,2,False,,"(5, 57, 14)",188dbc03-fb24-40cc-bd13-e4d7861e754c,0,[]
1035,failed,"['04Ran@2', '02Dec@1']","['RandomAgent', 'DecentralizingAgent']",51,50,AgentMechanismInterface,False,False,True,14,0.19422562886029482,0.75,False,False,"(2, 53, 19)",,2,False,,"(2, 53, 19)",cd4ee51b-5b8c-4620-9b84-41a1a02c3fae,0,"[('cd4ee51b-5b8c-4620-9b84-41a1a02c3fae', (2, 53, 19))]"
1036,failed,"['02Dec@1', '04Ran@2']","['DecentralizingAgent', 'RandomAgent']",51,50,AgentMechanismInterface,False,False,True,15,0.18795785307884216,0.8,False,False,"(5, 54, 38)",,2,False,,"(5, 54, 38)",9b1c5e1f-3008-42ad-9f4c-b9dbd8dbb389,0,[]
1037,failed,"['02Dec@1', '05Dec@2']","['DecentralizingAgent', 'DecentralizingAgent']",51,50,AgentMechanismInterface,False,False,True,15,0.2085117818787694,0.8,True,False,,,2,False,,"(5, 56, 26)",c43eae73-31aa-4294-9f4a-cff0e11accac,0,[]
1038,failed,"['05Dec@2', '02Dec@1']","['DecentralizingAgent', 'DecentralizingAgent']",51,50,AgentMechanismInterface,False,False,True,17,0.3141145911067724,0.9,False,False,"(1, 55, 11)",,2,False,,"(1, 55, 11)",fefc29f4-45ee-47fb-b15d-1aa430720077,0,"[('fefc29f4-45ee-47fb-b15d-1aa430720077', (1, 55, 11))]"
1039,failed,"['00Ind@0', '02Dec@1']","['IndDecentralizingAgent', 'DecentralizingAgent']",51,50,AgentMechanismInterface,False,False,True,17,0.22075221594423056,0.9,False,False,"(13, 58, 25)",,2,False,,"(13, 58, 25)",6093bebb-2613-4bbd-8d8b-b3d4ffbc33d4,0,"[('6093bebb-2613-4bbd-8d8b-b3d4ffbc33d4', (13, 58, 25))]"
1040,failed,"['00Ind@0', '03MyA@1']","['IndDecentralizingAgent', 'MyAgent']",51,50,AgentMechanismInterface,False,False,True,17,0.3132529854774475,0.9,False,False,"(13, 58, 25)",,2,False,,"(13, 58, 25)",85cc1d3f-948a-4d32-9a8e-d3a828292e3f,0,"[('85cc1d3f-948a-4d32-9a8e-d3a828292e3f', (13, 58, 25))]"
1041,failed,"['03MyA@1', '00Ind@0']","['MyAgent', 'IndDecentralizingAgent']",52,51,AgentMechanismInterface,False,False,True,2,0.005327316001057625,0.15,True,False,,,2,False,,"(3, 57, 16)",719b43d0-8d8e-4bc4-a05b-5d405e3ff2b9,0,[]
1042,failed,"['02Dec@1', '04Ran@2']","['DecentralizingAgent', 'RandomAgent']",52,51,AgentMechanismInterface,False,False,True,2,0.19394603464752436,0.15,False,False,"(62, 54, 42)",,2,False,,"(62, 54, 42)",945550aa-2660-476e-a022-2fcf954d8468,0,"[('945550aa-2660-476e-a022-2fcf954d8468', (62, 54, 42))]"
1043,failed,"['05Dec@2', '02Dec@1']","['DecentralizingAgent', 'DecentralizingAgent']",52,51,AgentMechanismInterface,False,False,True,2,0.12371658906340599,0.15,True,False,,,2,False,,,0764b71e-a471-4d0d-b063-b802625cda4f,0,[]
1044,failed,"['02Dec@1', '04Ran@2']","['DecentralizingAgent', 'RandomAgent']",52,51,AgentMechanismInterface,False,False,True,2,0.14295105449855328,0.15,True,False,,,2,False,,,87c5278a-3640-4d58-9453-87a628b8e4ca,0,[]
1045,failed,"['02Dec@1', '01Ran@0']","['DecentralizingAgent', 'RandomAgent']",52,51,AgentMechanismInterface,False,False,True,2,0.03922573942691088,0.15,True,False,,,2,False,,,d161aac4-d6e8-4d8b-b824-e01bff9d784d,0,[]
1046,failed,"['03MyA@1', '00Ind@0']","['MyAgent', 'IndDecentralizingAgent']",52,51,AgentMechanismInterface,False,False,True,2,0.1522467564791441,0.15,True,False,,,2,False,,"(3, 58, 16)",05115c7f-e3c2-4a69-9786-b3a726c86b9e,0,[]
1047,failed,"['02Dec@1', '05Dec@2']","['DecentralizingAgent', 'DecentralizingAgent']",52,51,AgentMechanismInterface,False,False,True,2,0.21842055674642324,0.15,True,False,,,2,False,,,91361a93-45f3-4c85-a7a0-904111365e8d,0,[]
1048,failed,"['03MyA@1', '00Ind@0']","['MyAgent', 'IndDecentralizingAgent']",52,51,AgentMechanismInterface,False,False,True,2,0.14717920683324337,0.15,False,False,"(57, 62, 16)",,2,False,,"(57, 62, 16)",f0cc815f-e0ce-4ece-99c5-b092b71ba3f3,0,"[('f0cc815f-e0ce-4ece-99c5-b092b71ba3f3', (57, 62, 16))]"
1049,failed,"['02Dec@1', '01Ran@0']","['DecentralizingAgent', 'RandomAgent']",52,51,AgentMechanismInterface,False,False,True,9,0.22457935381680727,0.5,False,False,"(4, 57, 1)",,2,False,,"(4, 57, 1)",9a91da46-ea80-434e-9348-55ed2cc27223,0,"[('9a91da46-ea80-434e-9348-55ed2cc27223', (4, 57, 1))]"
1050,failed,"['02Dec@1', '04Ran@2']","['DecentralizingAgent', 'RandomAgent']",52,51,AgentMechanismInterface,False,False,True,11,0.19738923385739326,0.6,False,False,"(5, 56, 41)",,2,False,,"(5, 56, 41)",481d9f5b-4cf8-47cd-b9d1-f005ef49b4b5,0,[]
1051,failed,"['02Dec@1', '05Dec@2']","['DecentralizingAgent', 'DecentralizingAgent']",52,51,AgentMechanismInterface,False,False,True,12,0.10063125006854534,0.65,True,False,,,2,False,,"(5, 54, 23)",581f99a9-aa63-4549-8190-b3aad1f2cbcf,0,[]
1052,failed,"['02Dec@1', '04Ran@2']","['DecentralizingAgent', 'RandomAgent']",52,51,AgentMechanismInterface,False,False,True,12,0.10127579793334007,0.65,False,False,"(2, 56, 40)",,2,False,,"(2, 56, 40)",b7d33a08-ace4-48fa-b6ff-b35dc5d1a4be,0,"[('b7d33a08-ace4-48fa-b6ff-b35dc5d1a4be', (2, 56, 40))]"
1053,failed,"['04Ran@2', '02Dec@1']","['RandomAgent', 'DecentralizingAgent']",52,51,AgentMechanismInterface,False,False,True,13,0.25034523103386164,0.7,False,False,"(11, 52, 19)",,2,False,,"(11, 52, 19)",357b9ac2-c9f5-4386-8436-568babc0d974,0,[]
1054,failed,"['02Dec@1', '05Dec@2']","['DecentralizingAgent', 'DecentralizingAgent']",52,51,AgentMechanismInterface,False,False,True,17,0.1434453148394823,0.9,False,False,"(5, 57, 31)",,2,False,,"(5, 57, 31)",032159c1-16eb-404b-8f7e-445fdd2c8017,0,"[('032159c1-16eb-404b-8f7e-445fdd2c8017', (5, 57, 31))]"
1055,failed,"['02Dec@1', '00Ind@0']","['DecentralizingAgent', 'IndDecentralizingAgent']",52,51,AgentMechanismInterface,False,False,True,17,0.13398064207285643,0.9,False,False,"(5, 54, 9)",,2,False,,"(5, 54, 9)",d8a2bfc1-9ba8-4e98-8d7c-dc594a49439a,0,"[('d8a2bfc1-9ba8-4e98-8d7c-dc594a49439a', (5, 54, 9))]"
1056,failed,"['02Dec@1', '04Ran@2']","['DecentralizingAgent', 'RandomAgent']",53,52,AgentMechanismInterface,False,False,True,2,0.9599696528166533,0.15,False,False,"(2, 53, 23)",,2,False,,"(2, 53, 23)",e16c8139-73b4-4acd-9059-d30ade044f6b,0,[]
1057,failed,"['03MyA@1', '00Ind@0']","['MyAgent', 'IndDecentralizingAgent']",53,52,AgentMechanismInterface,False,False,True,2,0.020709381438791752,0.15,True,False,,,2,False,,"(3, 58, 16)",60f68db5-9f8f-466c-a756-3bf5e4f9e186,0,[]
1058,failed,"['02Dec@1', '04Ran@2']","['DecentralizingAgent', 'RandomAgent']",53,52,AgentMechanismInterface,False,False,True,2,0.010908372700214386,0.15,True,False,,,2,False,,,46d4b28b-37fe-406a-951b-b6bf56006241,0,[]
1059,failed,"['05Dec@2', '02Dec@1']","['DecentralizingAgent', 'DecentralizingAgent']",53,52,AgentMechanismInterface,False,False,True,2,0.03355281427502632,0.15,True,False,,,2,False,,"(5, 57, 21)",27dd7708-24f5-48f7-bc89-a61875a52410,0,[]
1060,failed,"['02Dec@1', '00Ind@0']","['DecentralizingAgent', 'IndDecentralizingAgent']",53,52,AgentMechanismInterface,False,False,True,2,0.02765740267932415,0.15,True,False,,,2,False,,,0b234f3d-a2aa-41ba-aa4a-b1ce5c3feace,0,[]
1061,failed,"['05Dec@2', '02Dec@1']","['DecentralizingAgent', 'DecentralizingAgent']",53,52,AgentMechanismInterface,False,False,True,6,0.05450010858476162,0.35,False,False,"(5, 57, 21)",,2,False,,"(5, 57, 21)",81eafa57-cc37-4990-9d56-dbab43f14db8,0,[]
1062,failed,"['02Dec@1', '04Ran@2']","['DecentralizingAgent', 'RandomAgent']",53,52,AgentMechanismInterface,False,False,True,10,0.05667279381304979,0.55,False,False,"(5, 56, 41)",,2,False,,"(5, 56, 41)",a8593807-cb80-4d51-a0e7-8a28159afeed,0,"[('a8593807-cb80-4d51-a0e7-8a28159afeed', (5, 56, 41))]"
1063,failed,"['02Dec@1', '05Dec@2']","['DecentralizingAgent', 'DecentralizingAgent']",53,52,AgentMechanismInterface,False,False,True,11,1.030525492504239,0.6,True,False,,,2,False,,"(5, 54, 23)",b92495f5-79b1-4dc6-8784-af6bc5e7bb65,0,"[('b92495f5-79b1-4dc6-8784-af6bc5e7bb65', (5, 54, 23))]"
1064,failed,"['04Ran@2', '02Dec@1']","['RandomAgent', 'DecentralizingAgent']",53,52,AgentMechanismInterface,False,False,True,15,0.08417483232915401,0.8,False,False,"(9, 57, 16)",,2,False,,"(9, 57, 16)",38b40e0b-f98c-455b-aa1e-63be35c8967c,0,"[('38b40e0b-f98c-455b-aa1e-63be35c8967c', (9, 57, 16))]"
1065,failed,"['05Dec@2', '02Dec@1']","['DecentralizingAgent', 'DecentralizingAgent']",54,53,AgentMechanismInterface,False,False,True,2,0.22032398357987404,0.15,False,False,"(33, 62, 21)",,2,False,,"(33, 62, 21)",e43c5b37-30c1-42cf-95cc-54728df7d967,0,[]
1066,failed,"['04Ran@2', '02Dec@1']","['RandomAgent', 'DecentralizingAgent']",54,53,AgentMechanismInterface,False,False,True,2,0.06226511299610138,0.15,True,False,,,2,False,,,edf925e9-8d52-4736-8ed6-3a1eed4094d8,0,[]
1067,failed,"['02Dec@1', '00Ind@0']","['DecentralizingAgent', 'IndDecentralizingAgent']",54,53,AgentMechanismInterface,False,False,True,2,0.026939627714455128,0.15,True,False,,,2,False,,"(1, 62, 16)",060ce52c-bf28-4816-ae6f-5542938c4c22,0,[]
1068,failed,"['05Dec@2', '02Dec@1']","['DecentralizingAgent', 'DecentralizingAgent']",54,53,AgentMechanismInterface,False,False,True,2,0.0802521500736475,0.15,True,False,,,2,False,,,6ec4f7a8-592d-4e93-b793-9b04474b2914,0,[]
1069,failed,"['02Dec@1', '04Ran@2']","['DecentralizingAgent', 'RandomAgent']",54,53,AgentMechanismInterface,False,False,True,9,0.16839133203029633,0.5,False,False,"(10, 60, 42)",,2,False,,"(10, 60, 42)",474c9008-e6a8-4182-87af-7429a568e242,0,"[('474c9008-e6a8-4182-87af-7429a568e242', (10, 60, 42))]"
1070,failed,"['02Dec@1', '04Ran@2']","['DecentralizingAgent', 'RandomAgent']",54,53,AgentMechanismInterface,False,False,True,10,0.13362094853073359,0.55,False,False,"(2, 54, 42)",,2,False,,"(2, 54, 42)",3eb41f47-b189-41de-a1c4-957c88f2ec41,0,[]
1071,failed,"['02Dec@1', '01Ran@0']","['DecentralizingAgent', 'RandomAgent']",54,53,AgentMechanismInterface,False,False,True,14,0.09431664366275072,0.75,False,False,"(1, 58, 3)",,2,False,,"(1, 58, 3)",f486c1a8-1e4f-4a45-a533-a003f96d0481,0,[]
1072,failed,"['00Ind@0', '03MyA@1']","['IndDecentralizingAgent', 'MyAgent']",54,53,AgentMechanismInterface,False,False,True,17,0.24144776724278927,0.9,False,False,"(16, 61, 25)",,2,False,,"(16, 61, 25)",e964b9fd-a1d2-40e7-92f5-a325261f8d45,0,[]
1073,failed,"['02Dec@1', '05Dec@2']","['DecentralizingAgent', 'DecentralizingAgent']",54,53,AgentMechanismInterface,False,False,True,17,0.16320421546697617,0.9,False,False,"(5, 55, 31)",,2,False,,"(5, 55, 31)",80bc7482-3f0d-4322-a37a-87721fb252d7,0,"[('80bc7482-3f0d-4322-a37a-87721fb252d7', (5, 55, 31))]"
1074,failed,"['00Ind@0', '02Dec@1']","['IndDecentralizingAgent', 'DecentralizingAgent']",54,53,AgentMechanismInterface,False,False,True,17,0.21065978053957224,0.9,False,False,"(16, 61, 25)",,2,False,,"(16, 61, 25)",3d9b7dbc-dd63-468a-8477-10d51defe2ee,0,[]
1075,failed,"['02Dec@1', '05Dec@2']","['DecentralizingAgent', 'DecentralizingAgent']",54,53,AgentMechanismInterface,False,False,True,17,0.3397801723331213,0.9,False,False,"(10, 64, 32)",,2,False,,"(10, 64, 32)",9a7ccbf0-8100-4fd1-9d38-455a69cc2298,0,"[('9a7ccbf0-8100-4fd1-9d38-455a69cc2298', (10, 64, 32))]"
1076,failed,"['02Dec@1', '00Ind@0']","['DecentralizingAgent', 'IndDecentralizingAgent']",54,53,AgentMechanismInterface,False,False,True,17,0.25362992472946644,0.9,False,False,"(5, 56, 9)",,2,False,,"(5, 56, 9)",a50c0c12-2958-43f6-bfed-dd135224e3ad,0,"[('a50c0c12-2958-43f6-bfed-dd135224e3ad', (5, 56, 9))]"
1077,failed,"['05Dec@2', '02Dec@1']","['DecentralizingAgent', 'DecentralizingAgent']",55,54,AgentMechanismInterface,False,False,True,1,0.018336727283895016,0.1,True,False,,,2,False,,,,0,[]
1078,failed,"['02Dec@1', '01Ran@0']","['DecentralizingAgent', 'RandomAgent']",55,54,AgentMechanismInterface,False,False,True,2,0.16552970185875893,0.15,False,False,"(1, 58, 4)",,2,False,,"(1, 58, 4)",083f9882-e98c-40cb-af8a-bcfd5bfabd2c,0,[]
1079,failed,"['03MyA@1', '01Ran@0']","['MyAgent', 'RandomAgent']",55,54,AgentMechanismInterface,False,False,True,2,0.07657253090292215,0.15,False,False,"(31, 63, 8)",,2,False,,"(31, 63, 8)",d22451e7-5fe4-4863-b4a1-689a339cd294,0,"[('d22451e7-5fe4-4863-b4a1-689a339cd294', (31, 63, 8))]"
1080,failed,"['02Dec@1', '00Ind@0']","['DecentralizingAgent', 'IndDecentralizingAgent']",55,54,AgentMechanismInterface,False,False,True,7,0.24251743219792843,0.4,False,False,"(19, 64, 16)",,2,False,,"(19, 64, 16)",29376b6c-5d27-4f2c-bf74-cd1a1ce3eba8,0,[]
1081,failed,"['02Dec@1', '01Ran@0']","['DecentralizingAgent', 'RandomAgent']",55,54,AgentMechanismInterface,False,False,True,8,0.21388565097004175,0.45,False,False,"(5, 59, 1)",,2,False,,"(5, 59, 1)",6defd038-83e6-4490-875c-7e27218d7183,0,"[('6defd038-83e6-4490-875c-7e27218d7183', (5, 59, 1))]"
1082,failed,"['02Dec@1', '00Ind@0']","['DecentralizingAgent', 'IndDecentralizingAgent']",55,54,AgentMechanismInterface,False,False,True,9,0.2702114759013057,0.5,True,False,,,2,False,,"(3, 55, 16)",8bddfebb-fc88-459f-8055-895caf344507,0,"[('8bddfebb-fc88-459f-8055-895caf344507', (3, 55, 16))]"
1083,failed,"['00Ind@0', '03MyA@1']","['IndDecentralizingAgent', 'MyAgent']",55,54,AgentMechanismInterface,False,False,True,17,0.25038383435457945,0.9,False,False,"(20, 65, 23)",,2,False,,"(20, 65, 23)",947cbfcb-b2dd-4869-b0c0-a878b5c456e8,0,[]
1084,failed,"['00Ind@0', '02Dec@1']","['IndDecentralizingAgent', 'DecentralizingAgent']",55,54,AgentMechanismInterface,False,False,True,17,0.21021453198045492,0.9,False,False,"(20, 60, 25)",,2,False,,"(20, 60, 25)",5bc56a59-8f75-498c-89cb-926f9481ce71,0,[]
1085,failed,"['03MyA@1', '00Ind@0']","['MyAgent', 'IndDecentralizingAgent']",56,55,AgentMechanismInterface,False,False,True,2,0.03779636975377798,0.15,False,False,"(23, 65, 16)",,2,False,,"(23, 65, 16)",4e6fc141-45c1-4ce4-b5a6-d71c6cbdb6e6,0,[]
1086,failed,"['03MyA@1', '00Ind@0']","['MyAgent', 'IndDecentralizingAgent']",56,55,AgentMechanismInterface,False,False,True,2,0.17201787792146206,0.15,False,False,"(50, 66, 16)",,2,False,,"(50, 66, 16)",27fe7e8b-8252-41d9-8fcc-350d321a5eab,0,[]
1087,failed,"['02Dec@1', '01Ran@0']","['DecentralizingAgent', 'RandomAgent']",56,55,AgentMechanismInterface,False,False,True,8,0.10343385022133589,0.45,False,False,"(5, 58, 1)",,2,False,,"(5, 58, 1)",fefde775-7eae-4f55-a06e-a32b3c04b828,0,[]
1088,failed,"['02Dec@1', '00Ind@0']","['DecentralizingAgent', 'IndDecentralizingAgent']",56,55,AgentMechanismInterface,False,False,True,9,0.1065761735662818,0.5,True,False,,,2,False,,"(5, 59, 16)",84543cde-6bdf-4f92-910b-b2ee0f9f5596,0,"[('84543cde-6bdf-4f92-910b-b2ee0f9f5596', (5, 59, 16))]"
1089,failed,"['02Dec@1', '04Ran@2']","['DecentralizingAgent', 'RandomAgent']",56,55,AgentMechanismInterface,False,False,True,12,0.24424017686396837,0.65,False,False,"(3, 66, 40)",,2,False,,"(3, 66, 40)",1a5ed63b-e79b-4913-ac21-1ce8439c01d2,0,"[('1a5ed63b-e79b-4913-ac21-1ce8439c01d2', (3, 66, 40))]"
1090,failed,"['02Dec@1', '01Ran@0']","['DecentralizingAgent', 'RandomAgent']",56,55,AgentMechanismInterface,False,False,True,12,0.1530224783346057,0.65,False,False,"(1, 59, 2)",,2,False,,"(1, 59, 2)",ece05b04-f6d0-42fc-a19a-eb2cde1e1903,0,[]
1091,failed,"['02Dec@1', '01Ran@0']","['DecentralizingAgent', 'RandomAgent']",56,55,AgentMechanismInterface,False,False,True,13,0.14319965988397598,0.7,False,False,"(4, 57, 2)",,2,False,,"(4, 57, 2)",963417bc-c0f8-40c1-99ef-5f73a2aa6395,0,"[('963417bc-c0f8-40c1-99ef-5f73a2aa6395', (4, 57, 2))]"
1092,failed,"['02Dec@1', '00Ind@0']","['DecentralizingAgent', 'IndDecentralizingAgent']",56,55,AgentMechanismInterface,False,False,True,17,0.26894253958016634,0.9,False,False,"(5, 58, 8)",,2,False,,"(5, 58, 8)",f0e14ef7-90cc-45c1-bc9d-5835c508d8e5,0,"[('f0e14ef7-90cc-45c1-bc9d-5835c508d8e5', (5, 58, 8))]"
1093,failed,"['02Dec@1', '00Ind@0']","['DecentralizingAgent', 'IndDecentralizingAgent']",56,55,AgentMechanismInterface,False,False,True,17,0.16653677448630333,0.9,False,False,"(5, 59, 9)",,2,False,,"(5, 59, 9)",f9107232-1010-4a3e-b6e5-c86fed97cdce,0,"[('f9107232-1010-4a3e-b6e5-c86fed97cdce', (5, 59, 9))]"
1094,failed,"['02Dec@1', '05Dec@2']","['DecentralizingAgent', 'DecentralizingAgent']",56,55,AgentMechanismInterface,False,False,True,17,0.16268939524888992,0.9,False,False,"(5, 62, 31)",,2,False,,"(5, 62, 31)",4b2bbcf1-9953-4a41-9a12-5e0ceb689e9b,0,"[('4b2bbcf1-9953-4a41-9a12-5e0ceb689e9b', (5, 62, 31))]"
1095,failed,"['05Dec@2', '02Dec@1']","['DecentralizingAgent', 'DecentralizingAgent']",57,56,AgentMechanismInterface,False,False,True,2,0.32608351949602365,0.15,False,False,"(59, 67, 21)",,2,False,,"(59, 67, 21)",88da1a97-d4ef-4c5d-bed9-86b32bee145b,0,[]
1096,failed,"['04Ran@2', '02Dec@1']","['RandomAgent', 'DecentralizingAgent']",57,56,AgentMechanismInterface,False,False,True,2,0.19623165763914585,0.15,True,False,,,2,False,,,f9174001-5132-42af-a02a-ee014b8839b9,0,[]
1097,failed,"['05Dec@2', '02Dec@1']","['DecentralizingAgent', 'DecentralizingAgent']",57,56,AgentMechanismInterface,False,False,True,2,0.19119813200086355,0.15,True,False,,,2,False,,,1177ef84-92a2-4c4e-9b2d-ab415c0c499f,0,[]
1098,failed,"['02Dec@1', '01Ran@0']","['DecentralizingAgent', 'RandomAgent']",57,56,AgentMechanismInterface,False,False,True,12,0.24434987362474203,0.65,False,False,"(5, 61, 2)",,2,False,,"(5, 61, 2)",696f3772-a9a7-4733-badc-5a4e62bd0832,0,[]
1099,failed,"['02Dec@1', '00Ind@0']","['DecentralizingAgent', 'IndDecentralizingAgent']",57,56,AgentMechanismInterface,False,False,True,13,0.10387428477406502,0.7,True,False,,,2,False,,"(5, 57, 14)",38929c03-ab17-4f52-8682-6e43812805dd,0,"[('38929c03-ab17-4f52-8682-6e43812805dd', (5, 57, 14))]"
1100,failed,"['02Dec@1', '04Ran@2']","['DecentralizingAgent', 'RandomAgent']",57,56,AgentMechanismInterface,False,False,True,13,0.24248183704912663,0.7,False,False,"(21, 67, 39)",,2,False,,"(21, 67, 39)",90f4d742-a6c5-4e1c-aa7c-9409e9c3ad0f,0,[]
1101,failed,"['02Dec@1', '05Dec@2']","['DecentralizingAgent', 'DecentralizingAgent']",57,56,AgentMechanismInterface,False,False,True,14,0.19634572602808475,0.75,True,False,,,2,False,,"(21, 63, 25)",5763360f-8a1e-4cf7-bc8b-ac28bfce020b,0,[]
1102,failed,"['02Dec@1', '00Ind@0']","['DecentralizingAgent', 'IndDecentralizingAgent']",57,56,AgentMechanismInterface,False,False,True,17,0.29113463405519724,0.9,False,False,"(5, 59, 9)",,2,False,,"(5, 59, 9)",a9b6f51b-7f95-417e-b50b-bd34ecc64385,0,"[('a9b6f51b-7f95-417e-b50b-bd34ecc64385', (5, 59, 9))]"
1103,failed,"['02Dec@1', '01Ran@0']","['DecentralizingAgent', 'RandomAgent']",57,56,AgentMechanismInterface,False,False,True,17,0.2500014128163457,0.9,True,False,,,2,False,,"(3, 58, 8)",13e07689-f681-46e8-8b22-a394a64cfc2e,0,[]
1104,failed,"['00Ind@0', '02Dec@1']","['IndDecentralizingAgent', 'DecentralizingAgent']",57,56,AgentMechanismInterface,False,False,True,17,0.1920691868290305,0.9,False,False,"(15, 64, 25)",,2,False,,"(15, 64, 25)",283a67de-1b16-4290-8666-4092e55cd251,0,[]
1105,failed,"['00Ind@0', '03MyA@1']","['IndDecentralizingAgent', 'MyAgent']",57,56,AgentMechanismInterface,False,False,True,17,0.2959903459995985,0.9,False,False,"(15, 65, 23)",,2,False,,"(15, 65, 23)",cd8b0ad6-9f86-45a7-b559-59ac5c1ce3a8,0,[]
1106,failed,"['04Ran@2', '02Dec@1']","['RandomAgent', 'DecentralizingAgent']",58,57,AgentMechanismInterface,False,False,True,2,0.08638597559183836,0.15,True,False,,,2,False,,,e12aab50-df60-4eb2-afbd-8eb78343bc35,0,[]
1107,failed,"['05Dec@2', '02Dec@1']","['DecentralizingAgent', 'DecentralizingAgent']",58,57,AgentMechanismInterface,False,False,True,2,0.14642047975212336,0.15,True,False,,,2,False,,,590730f3-db8a-4939-8f83-847e95195f9c,0,[]
1108,failed,"['03MyA@1', '01Ran@0']","['MyAgent', 'RandomAgent']",58,57,AgentMechanismInterface,False,False,True,2,0.07733567338436842,0.15,False,False,"(8, 61, 14)",,2,False,,"(8, 61, 14)",1cc2e68a-72d4-4c0a-b69f-ae870e439c13,0,[]
1109,failed,"['02Dec@1', '00Ind@0']","['DecentralizingAgent', 'IndDecentralizingAgent']",58,57,AgentMechanismInterface,False,False,True,2,0.14183552097529173,0.15,True,False,,,2,False,,,5f7daa19-542e-4803-a382-45deb14671ee,0,[]
1110,failed,"['02Dec@1', '01Ran@0']","['DecentralizingAgent', 'RandomAgent']",58,57,AgentMechanismInterface,False,False,True,7,0.25911931600421667,0.4,False,False,"(5, 58, 1)",,2,False,,"(5, 58, 1)",0d5d134d-c155-44ae-9d3c-c676fae8fe2b,0,[]
1111,failed,"['02Dec@1', '00Ind@0']","['DecentralizingAgent', 'IndDecentralizingAgent']",58,57,AgentMechanismInterface,False,False,True,7,0.24165392760187387,0.4,True,False,,,2,False,,"(5, 64, 16)",56c88bc9-2034-4bed-818b-e006a734f045,0,[]
1112,failed,"['02Dec@1', '01Ran@0']","['DecentralizingAgent', 'RandomAgent']",58,57,AgentMechanismInterface,False,False,True,9,0.27901509404182434,0.5,False,False,"(5, 62, 1)",,2,False,,"(5, 62, 1)",6301c647-f925-41c5-836f-b957a645033e,0,[]
1113,failed,"['02Dec@1', '00Ind@0']","['DecentralizingAgent', 'IndDecentralizingAgent']",58,57,AgentMechanismInterface,False,False,True,10,0.21611772198230028,0.55,True,False,,,2,False,,"(3, 58, 16)",c3146286-bedc-4af2-97d5-225b8d679366,0,[]
1114,failed,"['02Dec@1', '04Ran@2']","['DecentralizingAgent', 'RandomAgent']",58,57,AgentMechanismInterface,False,False,True,12,0.23002852406352758,0.65,False,False,"(2, 63, 40)",,2,False,,"(2, 63, 40)",590a508f-54bb-418b-abdd-a32504b14fed,0,"[('590a508f-54bb-418b-abdd-a32504b14fed', (2, 63, 40))]"
1115,failed,"['02Dec@1', '01Ran@0']","['DecentralizingAgent', 'RandomAgent']",58,57,AgentMechanismInterface,False,False,True,14,0.2479268303140998,0.75,False,False,"(1, 61, 4)",,2,False,,"(1, 61, 4)",4957aa92-e327-43ba-877a-f156e726d148,0,"[('4957aa92-e327-43ba-877a-f156e726d148', (1, 61, 4))]"
1116,failed,"['02Dec@1', '04Ran@2']","['DecentralizingAgent', 'RandomAgent']",58,57,AgentMechanismInterface,False,False,True,15,0.3848176961764693,0.8,False,False,"(21, 62, 40)",,2,False,,"(21, 62, 40)",f6683e23-1bc5-41b8-aedc-d99faa95a68d,0,"[('f6683e23-1bc5-41b8-aedc-d99faa95a68d', (21, 62, 40))]"
1117,failed,"['02Dec@1', '05Dec@2']","['DecentralizingAgent', 'DecentralizingAgent']",58,57,AgentMechanismInterface,False,False,True,16,0.27333640214055777,0.85,True,False,,,2,False,,"(21, 66, 28)",5164af8e-9a21-4499-8299-97049c02b562,0,[]
1118,failed,"['05Dec@2', '02Dec@1']","['DecentralizingAgent', 'DecentralizingAgent']",58,57,AgentMechanismInterface,False,False,True,17,0.34206884168088436,0.9,False,False,"(12, 62, 12)",,2,False,,"(12, 62, 12)",b9ef98a6-1daf-49f4-a0fe-7d09658a52aa,0,"[('b9ef98a6-1daf-49f4-a0fe-7d09658a52aa', (12, 62, 12))]"
1119,failed,"['02Dec@1', '00Ind@0']","['DecentralizingAgent', 'IndDecentralizingAgent']",58,57,AgentMechanismInterface,False,False,True,17,0.3157454216852784,0.9,False,False,"(5, 59, 9)",,2,False,,"(5, 59, 9)",95307096-55de-424d-90ba-6e4f1ba2dc69,0,"[('95307096-55de-424d-90ba-6e4f1ba2dc69', (5, 59, 9))]"
1120,failed,"['02Dec@1', '05Dec@2']","['DecentralizingAgent', 'DecentralizingAgent']",58,57,AgentMechanismInterface,False,False,True,17,0.40777245815843344,0.9,False,False,"(5, 67, 32)",,2,False,,"(5, 67, 32)",1f876710-315a-4217-bb45-da76f0ca032d,0,"[('1f876710-315a-4217-bb45-da76f0ca032d', (5, 67, 32))]"
1121,failed,"['00Ind@0', '03MyA@1']","['IndDecentralizingAgent', 'MyAgent']",58,57,AgentMechanismInterface,False,False,True,17,0.3706927476450801,0.9,False,False,"(17, 67, 23)",,2,False,,"(17, 67, 23)",0eef5441-50dd-4792-9642-49eb6a9cadd6,0,[]
1122,failed,"['00Ind@0', '02Dec@1']","['IndDecentralizingAgent', 'DecentralizingAgent']",58,57,AgentMechanismInterface,False,False,True,17,0.5478814905509353,0.9,False,False,"(17, 64, 25)",,2,False,,"(17, 64, 25)",a7035ac6-dfbb-4199-836e-8a7a2fd2c051,0,[]
1123,failed,"['02Dec@1', '01Ran@0']","['DecentralizingAgent', 'RandomAgent']",59,58,AgentMechanismInterface,False,False,True,2,0.14600595086812973,0.15,False,False,"(1, 62, 7)",,2,False,,"(1, 62, 7)",d18db1ab-f33b-4f2a-bd88-12b0c3af380e,0,[]
1124,failed,"['03MyA@1', '01Ran@0']","['MyAgent', 'RandomAgent']",59,58,AgentMechanismInterface,False,False,True,2,0.2231791578233242,0.15,False,False,"(53, 67, 16)",,2,False,,"(53, 67, 16)",7d72fb73-6fa5-440a-b21b-1a692b6527a7,0,[]
1125,failed,"['05Dec@2', '02Dec@1']","['DecentralizingAgent', 'DecentralizingAgent']",59,58,AgentMechanismInterface,False,False,True,2,0.02153940498828888,0.15,True,False,,,2,False,,,3a561e96-cebb-4f40-9e8e-5ab99b4d58a5,0,[]
1126,failed,"['02Dec@1', '05Dec@2']","['DecentralizingAgent', 'DecentralizingAgent']",59,58,AgentMechanismInterface,False,False,True,2,0.15423294063657522,0.15,False,False,"(44, 59, 21)",,2,False,,"(44, 59, 21)",65c3052e-9b2d-423d-ace0-9e377b10ad1d,0,[]
1127,failed,"['03MyA@1', '00Ind@0']","['MyAgent', 'IndDecentralizingAgent']",59,58,AgentMechanismInterface,False,False,True,2,0.09795975778251886,0.15,False,False,"(47, 68, 16)",,2,False,,"(47, 68, 16)",4b7403e0-d1e5-4a29-ae1f-7b3d9169c85f,0,[]
1128,failed,"['02Dec@1', '04Ran@2']","['DecentralizingAgent', 'RandomAgent']",59,58,AgentMechanismInterface,False,False,True,11,0.2179009011015296,0.6,False,False,"(5, 66, 41)",,2,False,,"(5, 66, 41)",f47465fa-d3ce-48ab-bd1f-a362f6bb63c0,0,[]
1129,failed,"['04Ran@2', '02Dec@1']","['RandomAgent', 'DecentralizingAgent']",59,58,AgentMechanismInterface,False,False,True,11,0.1780608855187893,0.6,False,False,"(7, 59, 20)",,2,False,,"(7, 59, 20)",f45b1d9c-89bc-48b2-b7a7-f0c18635b4af,0,"[('f45b1d9c-89bc-48b2-b7a7-f0c18635b4af', (7, 59, 20))]"
1130,failed,"['02Dec@1', '05Dec@2']","['DecentralizingAgent', 'DecentralizingAgent']",59,58,AgentMechanismInterface,False,False,True,11,0.2574356244876981,0.6,True,False,,,2,False,,"(5, 67, 22)",dd8e2266-d435-4365-8617-121cc6e3d033,0,[]
1131,failed,"['02Dec@1', '01Ran@0']","['DecentralizingAgent', 'RandomAgent']",59,58,AgentMechanismInterface,False,False,True,12,0.24620183371007442,0.65,False,False,"(1, 62, 2)",,2,False,,"(1, 62, 2)",fd9888df-5470-46c7-b060-353fd7da1026,0,"[('fd9888df-5470-46c7-b060-353fd7da1026', (1, 62, 2))]"
1132,failed,"['02Dec@1', '04Ran@2']","['DecentralizingAgent', 'RandomAgent']",59,58,AgentMechanismInterface,False,False,True,16,0.3701403643935919,0.85,False,False,"(15, 63, 42)",,2,False,,"(15, 63, 42)",8f174855-83a2-408b-891c-1d5de48d085b,0,"[('8f174855-83a2-408b-891c-1d5de48d085b', (15, 63, 42))]"
1133,failed,"['02Dec@1', '00Ind@0']","['DecentralizingAgent', 'IndDecentralizingAgent']",59,58,AgentMechanismInterface,False,False,True,17,0.3882461367174983,0.9,False,False,"(5, 62, 9)",,2,False,,"(5, 62, 9)",37cfda87-2999-4c4d-8532-7b5688f7ba38,0,"[('37cfda87-2999-4c4d-8532-7b5688f7ba38', (5, 62, 9))]"
1134,failed,"['02Dec@1', '05Dec@2']","['DecentralizingAgent', 'DecentralizingAgent']",59,58,AgentMechanismInterface,False,False,True,17,0.3560015121474862,0.9,False,False,"(20, 67, 30)",,2,False,,"(20, 67, 30)",2758043b-98b8-4003-84bd-1378c05a0cff,0,[]
1135,failed,"['02Dec@1', '00Ind@0']","['DecentralizingAgent', 'IndDecentralizingAgent']",59,58,AgentMechanismInterface,False,False,True,17,0.2893156372010708,0.9,False,False,"(5, 61, 8)",,2,False,,"(5, 61, 8)",8cc5f4f8-bedf-4ed6-b4f2-f4bcf2ae2736,0,"[('8cc5f4f8-bedf-4ed6-b4f2-f4bcf2ae2736', (5, 61, 8))]"
1136,failed,"['02Dec@1', '01Ran@0']","['DecentralizingAgent', 'RandomAgent']",59,58,AgentMechanismInterface,False,False,True,18,0.4146535210311413,0.95,True,False,,,2,False,,"(4, 59, 12)",56653430-0966-4a9b-b8d2-79f3b2291afe,0,[]
1137,failed,"['05Dec@2', '02Dec@1']","['DecentralizingAgent', 'DecentralizingAgent']",60,59,AgentMechanismInterface,False,False,True,2,0.1630587801337242,0.15,True,False,,,2,False,,,e759f5bf-fe42-4ad5-a177-a543f48986b4,0,[]
1138,failed,"['05Dec@2', '02Dec@1']","['DecentralizingAgent', 'DecentralizingAgent']",60,59,AgentMechanismInterface,False,False,True,2,0.18897110596299171,0.15,False,False,"(21, 62, 21)",,2,False,,"(21, 62, 21)",41f0b83e-e0eb-48db-b601-15f2f64edcd9,0,"[('41f0b83e-e0eb-48db-b601-15f2f64edcd9', (21, 62, 21))]"
1139,failed,"['02Dec@1', '05Dec@2']","['DecentralizingAgent', 'DecentralizingAgent']",60,59,AgentMechanismInterface,False,False,True,2,0.21138515695929527,0.15,False,False,"(20, 60, 21)",,2,False,,"(20, 60, 21)",18ff7125-c136-43b5-879e-d45c9d021b81,0,"[('18ff7125-c136-43b5-879e-d45c9d021b81', (20, 60, 21))]"
1140,failed,"['02Dec@1', '04Ran@2']","['DecentralizingAgent', 'RandomAgent']",60,59,AgentMechanismInterface,False,False,True,6,0.2318972358480096,0.35,False,False,"(5, 68, 42)",,2,False,,"(5, 68, 42)",d4991e87-e69a-4d1f-8691-9d41da1592ab,0,"[('d4991e87-e69a-4d1f-8691-9d41da1592ab', (5, 68, 42))]"
1141,failed,"['02Dec@1', '05Dec@2']","['DecentralizingAgent', 'DecentralizingAgent']",60,59,AgentMechanismInterface,False,False,True,7,0.23932769987732172,0.4,True,False,,,2,False,,"(5, 65, 21)",9f434fc1-e27d-472a-a4c6-e0642120741e,0,[]
1142,failed,"['02Dec@1', '01Ran@0']","['DecentralizingAgent', 'RandomAgent']",60,59,AgentMechanismInterface,False,False,True,10,0.190928946249187,0.55,False,False,"(5, 63, 1)",,2,False,,"(5, 63, 1)",0f33d4b7-3481-4769-9f67-de1ef6b096db,0,"[('0f33d4b7-3481-4769-9f67-de1ef6b096db', (5, 63, 1))]"
1143,failed,"['02Dec@1', '00Ind@0']","['DecentralizingAgent', 'IndDecentralizingAgent']",60,59,AgentMechanismInterface,False,False,True,10,0.13969822227954865,0.55,True,False,,,2,False,,"(1, 60, 16)",35f90712-5234-450c-a191-ef09dcb40620,0,"[('35f90712-5234-450c-a191-ef09dcb40620', (1, 60, 16))]"
1144,failed,"['02Dec@1', '01Ran@0']","['DecentralizingAgent', 'RandomAgent']",60,59,AgentMechanismInterface,False,False,True,11,0.20085156336426735,0.6,False,False,"(5, 64, 2)",,2,False,,"(5, 64, 2)",7d20fca5-27cc-4693-b5f5-a1a1ad5ebd6b,0,"[('7d20fca5-27cc-4693-b5f5-a1a1ad5ebd6b', (5, 64, 2))]"
1145,failed,"['02Dec@1', '00Ind@0']","['DecentralizingAgent', 'IndDecentralizingAgent']",60,59,AgentMechanismInterface,False,False,True,12,0.21323948353528976,0.65,True,False,,,2,False,,"(5, 64, 14)",6049846a-e13d-4291-bbab-e9a96afe2208,0,"[('6049846a-e13d-4291-bbab-e9a96afe2208', (5, 64, 14))]"
1146,failed,"['02Dec@1', '04Ran@2']","['DecentralizingAgent', 'RandomAgent']",60,59,AgentMechanismInterface,False,False,True,14,0.21964555233716965,0.75,False,False,"(20, 69, 38)",,2,False,,"(20, 69, 38)",10d63e25-98ca-4011-a06f-994fa7502161,0,[]
1147,failed,"['04Ran@2', '02Dec@1']","['RandomAgent', 'DecentralizingAgent']",60,59,AgentMechanismInterface,False,False,True,15,0.3798403572291136,0.8,False,False,"(2, 60, 17)",,2,False,,"(2, 60, 17)",9c26e823-535f-4d48-a924-568d307f5c1b,0,"[('9c26e823-535f-4d48-a924-568d307f5c1b', (2, 60, 17))]"
1148,failed,"['02Dec@1', '05Dec@2']","['DecentralizingAgent', 'DecentralizingAgent']",60,59,AgentMechanismInterface,False,False,True,15,0.217214647680521,0.8,True,False,,,2,False,,"(20, 69, 28)",4c4abc5c-8604-4891-8b59-6babe53489c5,0,"[('4c4abc5c-8604-4891-8b59-6babe53489c5', (20, 69, 28))]"
1149,failed,"['02Dec@1', '01Ran@0']","['DecentralizingAgent', 'RandomAgent']",60,59,AgentMechanismInterface,False,False,True,15,0.27991264406591654,0.8,False,False,"(5, 64, 5)",,2,False,,"(5, 64, 5)",b1124acb-3219-4708-87f1-f5b5863c96de,0,"[('b1124acb-3219-4708-87f1-f5b5863c96de', (5, 64, 5))]"
1150,failed,"['02Dec@1', '00Ind@0']","['DecentralizingAgent', 'IndDecentralizingAgent']",60,59,AgentMechanismInterface,False,False,True,16,0.412277071736753,0.85,True,False,,,2,False,,"(5, 62, 10)",8bdf1cfc-9625-4537-abf5-f68bd83fdef6,0,"[('8bdf1cfc-9625-4537-abf5-f68bd83fdef6', (5, 62, 10))]"
1151,failed,"['00Ind@0', '03MyA@1']","['IndDecentralizingAgent', 'MyAgent']",60,59,AgentMechanismInterface,False,False,True,17,0.4000169727951288,0.9,False,False,"(16, 68, 23)",,2,False,,"(16, 68, 23)",6fa7f9c7-92ae-411b-ab56-3dce2cf4112e,0,[]
1152,failed,"['00Ind@0', '02Dec@1']","['IndDecentralizingAgent', 'DecentralizingAgent']",60,59,AgentMechanismInterface,False,False,True,17,0.3806436909362674,0.9,False,False,"(16, 67, 25)",,2,False,,"(16, 67, 25)",c690e7fc-836d-4804-919b-eede7148c0d9,0,[]
1153,failed,"['02Dec@1', '04Ran@2']","['DecentralizingAgent', 'RandomAgent']",61,60,AgentMechanismInterface,False,False,True,2,0.18936495389789343,0.15,False,False,"(12, 61, 28)",,2,False,,"(12, 61, 28)",aa7abea1-64df-461b-a06d-13bc9be5202d,0,[]
1154,failed,"['05Dec@2', '02Dec@1']","['DecentralizingAgent', 'DecentralizingAgent']",61,60,AgentMechanismInterface,False,False,True,2,0.02181299589574337,0.15,True,False,,,2,False,,,5f3f98ae-4587-4db4-925a-0a0f4d8a3561,0,[]
1155,failed,"['03MyA@1', '00Ind@0']","['MyAgent', 'IndDecentralizingAgent']",61,60,AgentMechanismInterface,False,False,True,2,0.31102933920919895,0.15,False,False,"(54, 71, 16)",,2,False,,"(54, 71, 16)",24dab42c-d84d-458c-9f60-32dfb3365931,0,"[('24dab42c-d84d-458c-9f60-32dfb3365931', (54, 71, 16))]"
1156,failed,"['04Ran@2', '02Dec@1']","['RandomAgent', 'DecentralizingAgent']",61,60,AgentMechanismInterface,False,False,True,2,0.024578050710260868,0.15,True,False,,,2,False,,,30dc8814-a3ff-4a79-8a4a-dd42fb18d48f,0,[]
1157,failed,"['05Dec@2', '02Dec@1']","['DecentralizingAgent', 'DecentralizingAgent']",61,60,AgentMechanismInterface,False,False,True,2,0.20855141058564186,0.15,False,False,"(28, 68, 21)",,2,False,,"(28, 68, 21)",d818a2d8-9cea-42e6-ab24-f3a886adf81f,0,"[('d818a2d8-9cea-42e6-ab24-f3a886adf81f', (28, 68, 21))]"
1158,failed,"['02Dec@1', '00Ind@0']","['DecentralizingAgent', 'IndDecentralizingAgent']",61,60,AgentMechanismInterface,False,False,True,7,0.1709339851513505,0.4,False,False,"(19, 70, 16)",,2,False,,"(19, 70, 16)",5cc46241-642c-4ee6-ac74-c5792d788e71,0,[]
1159,failed,"['02Dec@1', '04Ran@2']","['DecentralizingAgent', 'RandomAgent']",61,60,AgentMechanismInterface,False,False,True,7,0.2905639735981822,0.4,False,False,"(5, 68, 42)",,2,False,,"(5, 68, 42)",98b57226-2e88-4b69-b328-06f77b563838,0,[]
1160,failed,"['02Dec@1', '04Ran@2']","['DecentralizingAgent', 'RandomAgent']",61,60,AgentMechanismInterface,False,False,True,8,0.22145424038171768,0.45,False,False,"(20, 67, 42)",,2,False,,"(20, 67, 42)",f2ef7d7c-635c-4c02-8544-c2c805ea54fb,0,[]
1161,failed,"['02Dec@1', '05Dec@2']","['DecentralizingAgent', 'DecentralizingAgent']",61,60,AgentMechanismInterface,False,False,True,8,0.19809166062623262,0.45,True,False,,,2,False,,"(5, 69, 21)",ee45c041-a15e-4c99-ac01-e1e993193fa7,0,"[('ee45c041-a15e-4c99-ac01-e1e993193fa7', (5, 69, 21))]"
1162,failed,"['02Dec@1', '05Dec@2']","['DecentralizingAgent', 'DecentralizingAgent']",61,60,AgentMechanismInterface,False,False,True,8,0.15002944506704807,0.45,True,False,,,2,False,,"(20, 68, 21)",4974981f-6c2f-4673-a578-75e9cc8a8355,0,[]
1163,failed,"['02Dec@1', '01Ran@0']","['DecentralizingAgent', 'RandomAgent']",61,60,AgentMechanismInterface,False,False,True,13,0.37551037315279245,0.7,False,False,"(5, 61, 3)",,2,False,,"(5, 61, 3)",80386838-5c5b-48e1-82db-330a5a7cb798,0,[]
1164,failed,"['02Dec@1', '01Ran@0']","['DecentralizingAgent', 'RandomAgent']",61,60,AgentMechanismInterface,False,False,True,14,0.3758152900263667,0.75,False,False,"(2, 65, 4)",,2,False,,"(2, 65, 4)",0ef6b00a-6138-478d-bc28-36a788abb68f,0,"[('0ef6b00a-6138-478d-bc28-36a788abb68f', (2, 65, 4))]"
1165,failed,"['02Dec@1', '01Ran@0']","['DecentralizingAgent', 'RandomAgent']",61,60,AgentMechanismInterface,False,False,True,14,0.39039720222353935,0.75,False,False,"(1, 65, 3)",,2,False,,"(1, 65, 3)",1a8c2d69-f8a7-484d-9591-2c9f846b8731,0,[]
1166,failed,"['02Dec@1', '01Ran@0']","['DecentralizingAgent', 'RandomAgent']",61,60,AgentMechanismInterface,False,False,True,14,0.31162007339298725,0.75,False,False,"(1, 64, 4)",,2,False,,"(1, 64, 4)",8b547790-e41c-4f4f-b82c-b073fc660a9f,0,"[('8b547790-e41c-4f4f-b82c-b073fc660a9f', (1, 64, 4))]"
1167,failed,"['02Dec@1', '00Ind@0']","['DecentralizingAgent', 'IndDecentralizingAgent']",61,60,AgentMechanismInterface,False,False,True,14,0.5109246456995606,0.75,True,False,,,2,False,,"(4, 61, 13)",db9882fc-ae58-4533-a28d-8b7e39a8a1c4,0,"[('db9882fc-ae58-4533-a28d-8b7e39a8a1c4', (4, 61, 13))]"
1168,failed,"['00Ind@0', '02Dec@1']","['IndDecentralizingAgent', 'DecentralizingAgent']",61,60,AgentMechanismInterface,False,False,True,17,0.5529019217938185,0.9,False,False,"(12, 70, 23)",,2,False,,"(12, 70, 23)",7c85bd05-771f-4481-af25-3cfa1475b569,0,"[('7c85bd05-771f-4481-af25-3cfa1475b569', (12, 70, 23))]"
1169,failed,"['02Dec@1', '00Ind@0']","['DecentralizingAgent', 'IndDecentralizingAgent']",61,60,AgentMechanismInterface,False,False,True,17,0.23180892132222652,0.9,False,False,"(5, 63, 8)",,2,False,,"(5, 63, 8)",42c1a948-600c-4dbe-af8b-04ff9da95b7e,0,"[('42c1a948-600c-4dbe-af8b-04ff9da95b7e', (5, 63, 8))]"
1170,failed,"['02Dec@1', '00Ind@0']","['DecentralizingAgent', 'IndDecentralizingAgent']",61,60,AgentMechanismInterface,False,False,True,17,0.2683412851765752,0.9,False,False,"(5, 63, 8)",,2,False,,"(5, 63, 8)",3a527824-4ea7-4f07-99ba-cd137a0cf2b6,0,"[('3a527824-4ea7-4f07-99ba-cd137a0cf2b6', (5, 63, 8))]"
1171,failed,"['02Dec@1', '00Ind@0']","['DecentralizingAgent', 'IndDecentralizingAgent']",61,60,AgentMechanismInterface,False,False,True,17,0.24092667922377586,0.9,True,False,,,2,False,,"(5, 63, 8)",2ec86da6-fb96-42f6-aff1-13e80d007f5c,0,"[('2ec86da6-fb96-42f6-aff1-13e80d007f5c', (5, 63, 8))]"
1172,failed,"['00Ind@0', '03MyA@1']","['IndDecentralizingAgent', 'MyAgent']",61,60,AgentMechanismInterface,False,False,True,17,0.2992576416581869,0.9,False,False,"(12, 70, 23)",,2,False,,"(12, 70, 23)",ba9da693-cab2-44bc-a1b7-1acfd5a0accf,0,"[('ba9da693-cab2-44bc-a1b7-1acfd5a0accf', (12, 70, 23))]"
1173,failed,"['04Ran@2', '02Dec@1']","['RandomAgent', 'DecentralizingAgent']",62,61,AgentMechanismInterface,False,False,True,2,0.013249940238893032,0.15,True,False,,,2,False,,,958d72db-97a3-4a37-89fa-b1594e301a22,0,[]
1174,failed,"['02Dec@1', '05Dec@2']","['DecentralizingAgent', 'DecentralizingAgent']",62,61,AgentMechanismInterface,False,False,True,2,0.2337573729455471,0.15,True,False,,,2,False,,,5659d745-5c8e-4bc0-947b-093a9caa7659,0,[]
1175,failed,"['02Dec@1', '00Ind@0']","['DecentralizingAgent', 'IndDecentralizingAgent']",62,61,AgentMechanismInterface,False,False,True,2,0.24230067059397697,0.15,True,False,,,2,False,,,78d155c8-7099-4d5e-adb0-fe99c73a4ec8,0,[]
1176,failed,"['03MyA@1', '00Ind@0']","['MyAgent', 'IndDecentralizingAgent']",62,61,AgentMechanismInterface,False,False,True,2,0.13856151513755322,0.15,False,False,"(58, 72, 16)",,2,False,,"(58, 72, 16)",e8e63cb4-8efc-4c01-9348-132f2214ad83,0,[]
1177,failed,"['02Dec@1', '05Dec@2']","['DecentralizingAgent', 'DecentralizingAgent']",62,61,AgentMechanismInterface,False,False,True,2,0.24490366596728563,0.15,True,False,,,2,False,,"(3, 62, 21)",9d27c709-23a1-43e4-96ee-a0f2615481f4,0,[]
1178,failed,"['02Dec@1', '01Ran@0']","['DecentralizingAgent', 'RandomAgent']",62,61,AgentMechanismInterface,False,False,True,13,0.12050673831254244,0.7,False,False,"(5, 62, 1)",,2,False,,"(5, 62, 1)",cc4e62c5-25a7-4b98-9f05-cb237b771cd5,0,[]
1179,failed,"['02Dec@1', '01Ran@0']","['DecentralizingAgent', 'RandomAgent']",62,61,AgentMechanismInterface,False,False,True,13,0.3381524421274662,0.7,False,False,"(5, 68, 1)",,2,False,,"(5, 68, 1)",3b41b92e-4210-4a7b-8f28-6e0208d0b498,0,[]
1180,failed,"['02Dec@1', '00Ind@0']","['DecentralizingAgent', 'IndDecentralizingAgent']",62,61,AgentMechanismInterface,False,False,True,13,0.24278401024639606,0.7,True,False,,,2,False,,"(5, 70, 14)",294a751c-941e-4905-ba53-9bfe8010d959,0,[]
1181,failed,"['02Dec@1', '00Ind@0']","['DecentralizingAgent', 'IndDecentralizingAgent']",62,61,AgentMechanismInterface,False,False,True,14,0.13445472810417414,0.75,True,False,,,2,False,,"(3, 62, 13)",45bef7ec-417f-41e4-9e00-024295a9ab36,0,"[('45bef7ec-417f-41e4-9e00-024295a9ab36', (3, 62, 13))]"
1182,failed,"['02Dec@1', '04Ran@2']","['DecentralizingAgent', 'RandomAgent']",62,61,AgentMechanismInterface,False,False,True,14,0.3102352935820818,0.75,False,False,"(8, 66, 42)",,2,False,,"(8, 66, 42)",1580e1a3-cecb-49c7-af76-f93e1e12ef65,0,[]
1183,failed,"['02Dec@1', '04Ran@2']","['DecentralizingAgent', 'RandomAgent']",62,61,AgentMechanismInterface,False,False,True,16,0.3009113511070609,0.85,False,False,"(1, 68, 38)",,2,False,,"(1, 68, 38)",87076a60-331e-446f-b7d2-c34c8e517fd2,0,[]
1184,failed,"['02Dec@1', '05Dec@2']","['DecentralizingAgent', 'DecentralizingAgent']",62,61,AgentMechanismInterface,False,False,True,17,0.3334796465933323,0.9,False,False,"(5, 68, 32)",,2,False,,"(5, 68, 32)",2060dd6f-9a85-4e83-a0bd-ea1c3abba7f3,0,"[('2060dd6f-9a85-4e83-a0bd-ea1c3abba7f3', (5, 68, 32))]"
1185,failed,"['02Dec@1', '05Dec@2']","['DecentralizingAgent', 'DecentralizingAgent']",62,61,AgentMechanismInterface,False,False,True,17,0.38797448575496674,0.9,False,False,"(20, 70, 30)",,2,False,,"(20, 70, 30)",99a6054e-d201-4574-a11d-2585148eacff,0,[]
1186,failed,"['05Dec@2', '02Dec@1']","['DecentralizingAgent', 'DecentralizingAgent']",62,61,AgentMechanismInterface,False,False,True,17,0.34822337329387665,0.9,False,False,"(10, 66, 10)",,2,False,,"(10, 66, 10)",626a7d71-e3d1-4f10-baa9-5897d6e82400,0,"[('626a7d71-e3d1-4f10-baa9-5897d6e82400', (10, 66, 10))]"
1187,failed,"['04Ran@2', '02Dec@1']","['RandomAgent', 'DecentralizingAgent']",63,62,AgentMechanismInterface,False,False,True,2,0.10647946130484343,0.15,True,False,,,2,False,,,a24c3cd8-be20-4b71-a3da-831c91c4c733,0,[]
1188,failed,"['02Dec@1', '05Dec@2']","['DecentralizingAgent', 'DecentralizingAgent']",63,62,AgentMechanismInterface,False,False,True,2,0.12974610272794962,0.15,True,False,,,2,False,,,7182b2d2-6c23-44fc-8fa2-5ff7179b8385,0,[]
1189,failed,"['02Dec@1', '05Dec@2']","['DecentralizingAgent', 'DecentralizingAgent']",63,62,AgentMechanismInterface,False,False,True,2,0.19102221075445414,0.15,True,False,,,2,False,,"(6, 64, 21)",f9693d0e-7c69-418c-9a7d-94f98e524377,0,[]
1190,failed,"['05Dec@2', '02Dec@1']","['DecentralizingAgent', 'DecentralizingAgent']",63,62,AgentMechanismInterface,False,False,True,2,0.022931654006242752,0.15,True,False,,,2,False,,,482f17f4-7fe3-4862-b8c4-de671405f1d5,0,[]
1191,failed,"['02Dec@1', '00Ind@0']","['DecentralizingAgent', 'IndDecentralizingAgent']",63,62,AgentMechanismInterface,False,False,True,2,0.21526054106652737,0.15,True,False,,,2,False,,"(7, 72, 16)",959ad08b-2595-4783-87a7-c1160d1ec73f,0,[]
1192,failed,"['02Dec@1', '04Ran@2']","['DecentralizingAgent', 'RandomAgent']",63,62,AgentMechanismInterface,False,False,True,2,0.23335053399205208,0.15,True,False,,,2,False,,,e440bed3-6bcb-4370-ade1-17b36d323a7c,0,[]
1193,failed,"['05Dec@2', '02Dec@1']","['DecentralizingAgent', 'DecentralizingAgent']",63,62,AgentMechanismInterface,False,False,True,7,0.26843119598925114,0.4,False,False,"(23, 68, 21)",,2,False,,"(23, 68, 21)",d4c51f3f-5553-46e0-952b-6653430714ea,0,"[('d4c51f3f-5553-46e0-952b-6653430714ea', (23, 68, 21))]"
1194,failed,"['02Dec@1', '01Ran@0']","['DecentralizingAgent', 'RandomAgent']",63,62,AgentMechanismInterface,False,False,True,11,0.31559527944773436,0.6,False,False,"(5, 67, 2)",,2,False,,"(5, 67, 2)",7859998f-6955-406b-8422-766fa0c5797b,0,"[('7859998f-6955-406b-8422-766fa0c5797b', (5, 67, 2))]"
1195,failed,"['02Dec@1', '00Ind@0']","['DecentralizingAgent', 'IndDecentralizingAgent']",63,62,AgentMechanismInterface,False,False,True,11,0.24992128647863865,0.6,True,False,,,2,False,,"(5, 67, 15)",721394a7-a18d-48bf-99c4-8490dbf2ccd2,0,"[('721394a7-a18d-48bf-99c4-8490dbf2ccd2', (5, 67, 15))]"
1196,failed,"['02Dec@1', '01Ran@0']","['DecentralizingAgent', 'RandomAgent']",63,62,AgentMechanismInterface,False,False,True,13,0.15003342553973198,0.7,False,False,"(5, 63, 3)",,2,False,,"(5, 63, 3)",97391b26-6242-440a-a2f8-d7283783cb33,0,[]
1197,failed,"['02Dec@1', '04Ran@2']","['DecentralizingAgent', 'RandomAgent']",63,62,AgentMechanismInterface,False,False,True,14,0.2489576619118452,0.75,False,False,"(19, 68, 37)",,2,False,,"(19, 68, 37)",e68bb770-1df1-4d26-be0a-64b73a93c82f,0,"[('e68bb770-1df1-4d26-be0a-64b73a93c82f', (19, 68, 37))]"
1198,failed,"['02Dec@1', '00Ind@0']","['DecentralizingAgent', 'IndDecentralizingAgent']",63,62,AgentMechanismInterface,False,False,True,14,0.2891891058534384,0.75,True,False,,,2,False,,"(2, 63, 13)",3a4b1e3e-5a5c-418c-b771-6349bb3be7c8,0,"[('3a4b1e3e-5a5c-418c-b771-6349bb3be7c8', (2, 63, 13))]"
1199,failed,"['02Dec@1', '05Dec@2']","['DecentralizingAgent', 'DecentralizingAgent']",63,62,AgentMechanismInterface,False,False,True,17,0.21984991431236267,0.9,False,False,"(20, 68, 33)",,2,False,,"(20, 68, 33)",c63812fa-c5d2-49aa-8911-a3eec52c80f9,0,[]
1200,failed,"['00Ind@0', '03MyA@1']","['IndDecentralizingAgent', 'MyAgent']",63,62,AgentMechanismInterface,False,False,True,17,0.2981185261160135,0.9,False,False,"(13, 70, 25)",,2,False,,"(13, 70, 25)",618cfa3f-0cf5-4159-9527-4105e1b293f3,0,"[('618cfa3f-0cf5-4159-9527-4105e1b293f3', (13, 70, 25))]"
1201,failed,"['02Dec@1', '04Ran@2']","['DecentralizingAgent', 'RandomAgent']",64,63,AgentMechanismInterface,False,False,True,2,0.07276390492916107,0.15,False,False,"(29, 67, 28)",,2,False,,"(29, 67, 28)",ce922ec5-6c02-4fd2-a7dc-9cc844f5832b,0,[]
1202,failed,"['02Dec@1', '04Ran@2']","['DecentralizingAgent', 'RandomAgent']",64,63,AgentMechanismInterface,False,False,True,2,0.0624389061704278,0.15,True,False,,,2,False,,,79887750-29ec-4b92-b60d-4962b4cf6c2e,0,[]
1203,failed,"['02Dec@1', '05Dec@2']","['DecentralizingAgent', 'DecentralizingAgent']",64,63,AgentMechanismInterface,False,False,True,2,0.24821076076477766,0.15,True,False,,,2,False,,"(6, 64, 21)",183b6a51-6a44-46d6-ba27-70e93c0ceea7,0,[]
1204,failed,"['05Dec@2', '02Dec@1']","['DecentralizingAgent', 'DecentralizingAgent']",64,63,AgentMechanismInterface,False,False,True,2,0.2113378867506981,0.15,True,False,,,2,False,,,5c0830a8-e12c-44e9-9b80-1225fc627d47,0,[]
1205,failed,"['02Dec@1', '04Ran@2']","['DecentralizingAgent', 'RandomAgent']",64,63,AgentMechanismInterface,False,False,True,2,0.03322366252541542,0.15,True,False,,,2,False,,,f335702d-9c7b-42a4-a210-35a7e025ac42,0,[]
1206,failed,"['02Dec@1', '00Ind@0']","['DecentralizingAgent', 'IndDecentralizingAgent']",64,63,AgentMechanismInterface,False,False,True,2,0.26134945917874575,0.15,True,False,,,2,False,,"(7, 72, 16)",6cab9374-985f-47f7-aa48-185fa5e64f11,0,[]
1207,failed,"['04Ran@2', '02Dec@1']","['RandomAgent', 'DecentralizingAgent']",64,63,AgentMechanismInterface,False,False,True,2,0.20152128487825394,0.15,True,False,,,2,False,,"(1, 64, 6)",d330e62c-ab81-4a7e-8a5e-25436e0338d5,0,[]
1208,failed,"['03MyA@1', '01Ran@0']","['MyAgent', 'RandomAgent']",64,63,AgentMechanismInterface,False,False,True,2,0.1826916104182601,0.15,False,False,"(22, 66, 14)",,2,False,,"(22, 66, 14)",6e972dae-33c5-43e0-8b45-054fb9f064c5,0,"[('6e972dae-33c5-43e0-8b45-054fb9f064c5', (22, 66, 14))]"
1209,failed,"['02Dec@1', '01Ran@0']","['DecentralizingAgent', 'RandomAgent']",64,63,AgentMechanismInterface,False,False,True,12,0.30068743508309126,0.65,False,False,"(4, 67, 2)",,2,False,,"(4, 67, 2)",f49b514c-4e22-491b-8122-55bb2541052c,0,[]
1210,failed,"['02Dec@1', '01Ran@0']","['DecentralizingAgent', 'RandomAgent']",64,63,AgentMechanismInterface,False,False,True,12,0.19226118735969067,0.65,False,False,"(3, 65, 1)",,2,False,,"(3, 65, 1)",9c0ee4a7-144f-4a6f-9da3-88e2825b7bf7,0,"[('9c0ee4a7-144f-4a6f-9da3-88e2825b7bf7', (3, 65, 1))]"
1211,failed,"['02Dec@1', '01Ran@0']","['DecentralizingAgent', 'RandomAgent']",64,63,AgentMechanismInterface,False,False,True,14,0.38899421226233244,0.75,False,False,"(5, 65, 3)",,2,False,,"(5, 65, 3)",011e2c64-ef50-4c7f-baac-b7bac07a2570,0,[]
1212,failed,"['02Dec@1', '00Ind@0']","['DecentralizingAgent', 'IndDecentralizingAgent']",64,63,AgentMechanismInterface,False,False,True,14,0.1617975179105997,0.75,True,False,,,2,False,,"(2, 64, 13)",dfc0bbe6-c084-4b6c-bc41-4877a80bbf01,0,"[('dfc0bbe6-c084-4b6c-bc41-4877a80bbf01', (2, 64, 13))]"
1213,failed,"['02Dec@1', '04Ran@2']","['DecentralizingAgent', 'RandomAgent']",64,63,AgentMechanismInterface,False,False,True,14,0.301394809037447,0.75,False,False,"(1, 69, 39)",,2,False,,"(1, 69, 39)",d6cf491c-81e6-4a77-a3a9-586292e797c0,0,[]
1214,failed,"['02Dec@1', '00Ind@0']","['DecentralizingAgent', 'IndDecentralizingAgent']",64,63,AgentMechanismInterface,False,False,True,14,0.2799709476530552,0.75,True,False,,,2,False,,"(2, 64, 13)",461693cd-e180-4574-87ba-ac5a1366a651,0,"[('461693cd-e180-4574-87ba-ac5a1366a651', (2, 64, 13))]"
1215,failed,"['02Dec@1', '00Ind@0']","['DecentralizingAgent', 'IndDecentralizingAgent']",64,63,AgentMechanismInterface,False,False,True,17,0.3538147481158376,0.9,False,False,"(5, 67, 8)",,2,False,,"(5, 67, 8)",3d201ab3-57d8-453d-b7e9-715f9e5a1689,0,"[('3d201ab3-57d8-453d-b7e9-715f9e5a1689', (5, 67, 8))]"
1216,failed,"['02Dec@1', '05Dec@2']","['DecentralizingAgent', 'DecentralizingAgent']",64,63,AgentMechanismInterface,False,False,True,17,0.35802186466753483,0.9,False,False,"(5, 73, 32)",,2,False,,"(5, 73, 32)",f4d56a7e-34e5-40a1-b729-e31ad2caf015,0,"[('f4d56a7e-34e5-40a1-b729-e31ad2caf015', (5, 73, 32))]"
1217,failed,"['00Ind@0', '03MyA@1']","['IndDecentralizingAgent', 'MyAgent']",64,63,AgentMechanismInterface,False,False,True,17,0.27235539350658655,0.9,False,False,"(13, 71, 25)",,2,False,,"(13, 71, 25)",d1a2a3b7-2f9a-4dd0-9dbd-6faa98c9090b,0,"[('d1a2a3b7-2f9a-4dd0-9dbd-6faa98c9090b', (13, 71, 25))]"
1218,failed,"['00Ind@0', '02Dec@1']","['IndDecentralizingAgent', 'DecentralizingAgent']",64,63,AgentMechanismInterface,False,False,True,17,0.4579100990667939,0.9,False,False,"(13, 72, 23)",,2,False,,"(13, 72, 23)",eca05071-f45a-486a-9dbc-2c087e5338d5,0,"[('eca05071-f45a-486a-9dbc-2c087e5338d5', (13, 72, 23))]"
1219,failed,"['05Dec@2', '02Dec@1']","['DecentralizingAgent', 'DecentralizingAgent']",64,63,AgentMechanismInterface,False,False,True,17,0.3881460539996624,0.9,False,False,"(12, 67, 12)",,2,False,,"(12, 67, 12)",5ea2b878-e7cd-47d3-9330-ea572d2967e8,0,"[('5ea2b878-e7cd-47d3-9330-ea572d2967e8', (12, 67, 12))]"
1220,failed,"['03MyA@1', '00Ind@0']","['MyAgent', 'IndDecentralizingAgent']",65,64,AgentMechanismInterface,False,False,True,2,0.09978862665593624,0.15,False,False,"(57, 75, 16)",,2,False,,"(57, 75, 16)",1ba66288-2cc5-4d26-9c33-37c2c4d55bf9,0,[]
1221,failed,"['02Dec@1', '05Dec@2']","['DecentralizingAgent', 'DecentralizingAgent']",65,64,AgentMechanismInterface,False,False,True,2,0.006593270227313042,0.15,False,False,"(10, 68, 21)",,2,False,,"(10, 68, 21)",61181084-f312-4e98-a901-9e6adbda3243,0,[]
1222,failed,"['02Dec@1', '01Ran@0']","['DecentralizingAgent', 'RandomAgent']",65,64,AgentMechanismInterface,False,False,True,2,0.14424054604023695,0.15,True,False,,,2,False,,,8b14eefc-4909-4f60-a460-1107ddace346,0,[]
1223,failed,"['03MyA@1', '01Ran@0']","['MyAgent', 'RandomAgent']",65,64,AgentMechanismInterface,False,False,True,2,0.1530017228797078,0.15,False,False,"(19, 72, 6)",,2,False,,"(19, 72, 6)",d647d63a-1629-482c-a8f6-a337f8392064,0,[]
1224,failed,"['02Dec@1', '05Dec@2']","['DecentralizingAgent', 'DecentralizingAgent']",65,64,AgentMechanismInterface,False,False,True,2,0.17207755893468857,0.15,True,False,,,2,False,,,b9c08186-535b-4bc9-945a-4a5cfe005526,0,[]
1225,failed,"['02Dec@1', '04Ran@2']","['DecentralizingAgent', 'RandomAgent']",65,64,AgentMechanismInterface,False,False,True,2,0.13285464514046907,0.15,True,False,,,2,False,,,a4a84485-7bad-4d69-bb9b-dcc3d16f8d36,0,[]
1226,failed,"['02Dec@1', '04Ran@2']","['DecentralizingAgent', 'RandomAgent']",65,64,AgentMechanismInterface,False,False,True,2,0.17590455152094364,0.15,False,False,"(22, 65, 24)",,2,False,,"(22, 65, 24)",1d0287e8-60d9-4930-a933-6fbdc23d62d7,0,[]
1227,failed,"['02Dec@1', '01Ran@0']","['DecentralizingAgent', 'RandomAgent']",66,65,AgentMechanismInterface,False,False,True,2,0.10598889272660017,0.15,False,False,"(5, 69, 1)",,2,False,,"(5, 69, 1)",822a9e21-47fb-4117-a341-14c558d4bbf9,0,[]
1228,failed,"['02Dec@1', '05Dec@2']","['DecentralizingAgent', 'DecentralizingAgent']",66,65,AgentMechanismInterface,False,False,True,2,0.1720731696113944,0.15,True,False,,,2,False,,,9f5796f9-dc78-4c7a-971f-e3fd9c0e2dc7,0,[]
1229,failed,"['03MyA@1', '01Ran@0']","['MyAgent', 'RandomAgent']",66,65,AgentMechanismInterface,False,False,True,3,0.036863082088530064,0.2,False,False,"(1, 72, 14)",,2,False,,"(1, 72, 14)",e474a331-086a-4585-9387-40770021c47f,0,[]
1230,failed,"['02Dec@1', '01Ran@0']","['DecentralizingAgent', 'RandomAgent']",66,65,AgentMechanismInterface,False,False,True,8,0.106205178424716,0.45,False,False,"(5, 70, 1)",,2,False,,"(5, 70, 1)",42e20279-38e1-4388-abbf-a119ac650fda,0,"[('42e20279-38e1-4388-abbf-a119ac650fda', (5, 70, 1))]"
1231,failed,"['02Dec@1', '00Ind@0']","['DecentralizingAgent', 'IndDecentralizingAgent']",66,65,AgentMechanismInterface,False,False,True,9,0.11042351368814707,0.5,True,False,,,2,False,,"(3, 66, 16)",b77a79c9-5861-47d5-8584-5e1439a3c822,0,"[('b77a79c9-5861-47d5-8584-5e1439a3c822', (3, 66, 16))]"
1232,failed,"['02Dec@1', '04Ran@2']","['DecentralizingAgent', 'RandomAgent']",66,65,AgentMechanismInterface,False,False,True,16,0.19584082439541817,0.85,False,False,"(17, 73, 35)",,2,False,,"(17, 73, 35)",89d94569-24ce-4698-b9eb-dfdba6cf31e0,0,[]
1233,failed,"['00Ind@0', '03MyA@1']","['IndDecentralizingAgent', 'MyAgent']",66,65,AgentMechanismInterface,False,False,True,17,0.1778869116678834,0.9,False,False,"(18, 75, 23)",,2,False,,"(18, 75, 23)",7f40a09a-6fda-4397-863c-a76d1e31235b,0,[]
1234,failed,"['00Ind@0', '02Dec@1']","['IndDecentralizingAgent', 'DecentralizingAgent']",66,65,AgentMechanismInterface,False,False,True,17,0.23421739414334297,0.9,False,False,"(18, 72, 25)",,2,False,,"(18, 72, 25)",7487c999-92b9-4303-9196-9beaf67e54a7,0,[]
1235,failed,"['02Dec@1', '05Dec@2']","['DecentralizingAgent', 'DecentralizingAgent']",66,65,AgentMechanismInterface,False,False,True,17,0.3193829506635666,0.9,True,False,,,2,False,,"(17, 75, 30)",532d3107-0064-463e-9aa6-1d6c74250c19,0,[]
1236,failed,"['03MyA@1', '01Ran@0']","['MyAgent', 'RandomAgent']",67,66,AgentMechanismInterface,False,False,True,2,0.06911321729421616,0.15,False,False,"(26, 76, 11)",,2,False,,"(26, 76, 11)",325771b2-955a-4c14-a9ca-a3a3e81af832,0,[]
1237,failed,"['04Ran@2', '02Dec@1']","['RandomAgent', 'DecentralizingAgent']",67,66,AgentMechanismInterface,False,False,True,2,0.10670672170817852,0.15,True,False,,,2,False,,"(5, 68, 19)",603bcb4f-1e70-47cf-bca7-3c4e62765215,0,[]
1238,failed,"['02Dec@1', '01Ran@0']","['DecentralizingAgent', 'RandomAgent']",67,66,AgentMechanismInterface,False,False,True,2,0.0799725754186511,0.15,True,False,,,2,False,,,970e3119-d16c-44b8-be17-408560ad294e,0,[]
1239,failed,"['05Dec@2', '02Dec@1']","['DecentralizingAgent', 'DecentralizingAgent']",67,66,AgentMechanismInterface,False,False,True,2,0.17875679768621922,0.15,True,False,,,2,False,,,bfcfe2b8-f184-4455-a4ca-6f334885c697,0,[]
1240,failed,"['02Dec@1', '04Ran@2']","['DecentralizingAgent', 'RandomAgent']",67,66,AgentMechanismInterface,False,False,True,2,0.11481582652777433,0.15,False,False,"(1, 67, 23)",,2,False,,"(1, 67, 23)",c85e0969-32e3-4f6a-85ab-dc2a1dab113a,0,[]
1241,failed,"['02Dec@1', '01Ran@0']","['DecentralizingAgent', 'RandomAgent']",67,66,AgentMechanismInterface,False,False,True,2,0.17793579120188951,0.15,True,False,,,2,False,,,746e1b02-52b4-48a6-9988-a21a95b91e79,0,[]
1242,failed,"['03MyA@1', '00Ind@0']","['MyAgent', 'IndDecentralizingAgent']",67,66,AgentMechanismInterface,False,False,True,7,0.13842513784766197,0.4,False,False,"(15, 72, 16)",,2,False,,"(15, 72, 16)",168cceb5-f170-4f2a-b9d4-16fd86974949,0,"[('168cceb5-f170-4f2a-b9d4-16fd86974949', (15, 72, 16))]"
1243,failed,"['02Dec@1', '04Ran@2']","['DecentralizingAgent', 'RandomAgent']",67,66,AgentMechanismInterface,False,False,True,11,0.21568633615970612,0.6,False,False,"(17, 75, 40)",,2,False,,"(17, 75, 40)",a74976b1-2053-4aac-a591-6ea580d77eae,0,"[('a74976b1-2053-4aac-a591-6ea580d77eae', (17, 75, 40))]"
1244,failed,"['02Dec@1', '05Dec@2']","['DecentralizingAgent', 'DecentralizingAgent']",67,66,AgentMechanismInterface,False,False,True,11,0.11260393448174,0.6,True,False,,,2,False,,"(17, 72, 23)",b32b50d3-711c-411c-883c-39190a053570,0,"[('b32b50d3-711c-411c-883c-39190a053570', (17, 72, 23))]"
1245,failed,"['02Dec@1', '01Ran@0']","['DecentralizingAgent', 'RandomAgent']",67,66,AgentMechanismInterface,False,False,True,12,0.16256695427000523,0.65,False,False,"(5, 70, 1)",,2,False,,"(5, 70, 1)",8c7ea0f7-b9ad-4cb7-a67c-ce8208a1f170,0,"[('8c7ea0f7-b9ad-4cb7-a67c-ce8208a1f170', (5, 70, 1))]"
1246,failed,"['02Dec@1', '00Ind@0']","['DecentralizingAgent', 'IndDecentralizingAgent']",67,66,AgentMechanismInterface,False,False,True,13,0.12632675655186176,0.7,True,False,,,2,False,,"(5, 70, 14)",00d29aa1-b514-4a05-8dcb-bfca35ebcebe,0,[]
1247,failed,"['02Dec@1', '05Dec@2']","['DecentralizingAgent', 'DecentralizingAgent']",67,66,AgentMechanismInterface,False,False,True,17,0.2579874964430928,0.9,False,False,"(5, 73, 31)",,2,False,,"(5, 73, 31)",42437038-1668-4356-be59-776f276bc60e,0,"[('42437038-1668-4356-be59-776f276bc60e', (5, 73, 31))]"
1248,failed,"['02Dec@1', '04Ran@2']","['DecentralizingAgent', 'RandomAgent']",67,66,AgentMechanismInterface,False,False,True,17,0.2541408892720938,0.9,True,False,,,2,False,,"(3, 73, 21)",897e4979-a38b-4fc9-bdca-c655feb147f7,0,"[('897e4979-a38b-4fc9-bdca-c655feb147f7', (3, 73, 21))]"
1249,failed,"['02Dec@1', '05Dec@2']","['DecentralizingAgent', 'DecentralizingAgent']",68,67,AgentMechanismInterface,False,False,True,2,0.17736584693193436,0.15,True,False,,,2,False,,,97c761a9-04a1-4451-bbb9-e865889a30ee,0,[]
1250,failed,"['02Dec@1', '01Ran@0']","['DecentralizingAgent', 'RandomAgent']",68,67,AgentMechanismInterface,False,False,True,2,0.020643300376832485,0.15,False,False,"(3, 73, 13)",,2,False,,"(3, 73, 13)",21c78f23-a553-48ff-b697-e28a65f549c0,0,[]
1251,failed,"['02Dec@1', '01Ran@0']","['DecentralizingAgent', 'RandomAgent']",68,67,AgentMechanismInterface,False,False,True,2,0.045058042742311954,0.15,False,False,"(2, 71, 8)",,2,False,,"(2, 71, 8)",89921165-51de-49b3-bd16-a3bbb6743d1d,0,[]
1252,failed,"['03MyA@1', '01Ran@0']","['MyAgent', 'RandomAgent']",68,67,AgentMechanismInterface,False,False,True,2,0.05032800789922476,0.15,False,False,"(19, 70, 1)",,2,False,,"(19, 70, 1)",f3873949-2591-4aab-8dfc-2521bf6e4d18,0,"[('f3873949-2591-4aab-8dfc-2521bf6e4d18', (19, 70, 1))]"
1253,failed,"['02Dec@1', '00Ind@0']","['DecentralizingAgent', 'IndDecentralizingAgent']",68,67,AgentMechanismInterface,False,False,True,2,0.034867229871451855,0.15,True,False,,,2,False,,"(5, 72, 16)",ac0aa058-4e15-47d4-9207-492651b043f9,0,[]
1254,failed,"['05Dec@2', '02Dec@1']","['DecentralizingAgent', 'DecentralizingAgent']",68,67,AgentMechanismInterface,False,False,True,2,0.03774643875658512,0.15,True,False,,,2,False,,,a3e78b05-b25a-4a4b-8c59-d30c1ea48933,0,[]
1255,failed,"['02Dec@1', '05Dec@2']","['DecentralizingAgent', 'DecentralizingAgent']",68,67,AgentMechanismInterface,False,False,True,7,0.12709903623908758,0.4,False,False,"(12, 70, 21)",,2,False,,"(12, 70, 21)",4930859d-3108-4aa2-bb74-080167cf9588,0,[]
1256,failed,"['02Dec@1', '04Ran@2']","['DecentralizingAgent', 'RandomAgent']",68,67,AgentMechanismInterface,False,False,True,10,0.1502878563478589,0.55,False,False,"(13, 71, 42)",,2,False,,"(13, 71, 42)",b58eb025-8c6a-44fe-8d25-54ca108c00da,0,[]
1257,failed,"['04Ran@2', '02Dec@1']","['RandomAgent', 'DecentralizingAgent']",68,67,AgentMechanismInterface,False,False,True,13,0.3445809409022331,0.7,False,False,"(6, 68, 19)",,2,False,,"(6, 68, 19)",a7f51fad-1918-46c6-9c5d-f554c8ee624a,0,[]
1258,failed,"['02Dec@1', '04Ran@2']","['DecentralizingAgent', 'RandomAgent']",68,67,AgentMechanismInterface,False,False,True,14,0.27603211533278227,0.75,False,False,"(5, 75, 37)",,2,False,,"(5, 75, 37)",155794bf-7c5c-45bf-b2a2-c3e22d362f97,0,"[('155794bf-7c5c-45bf-b2a2-c3e22d362f97', (5, 75, 37))]"
1259,failed,"['02Dec@1', '05Dec@2']","['DecentralizingAgent', 'DecentralizingAgent']",68,67,AgentMechanismInterface,False,False,True,14,0.18693931121379137,0.75,True,False,,,2,False,,"(1, 77, 24)",2267b6f2-3778-490e-9897-6da8d7a679eb,0,[]
1260,failed,"['02Dec@1', '04Ran@2']","['DecentralizingAgent', 'RandomAgent']",68,67,AgentMechanismInterface,False,False,True,14,0.356994885019958,0.75,False,False,"(2, 77, 38)",,2,False,,"(2, 77, 38)",9afeb087-b238-473f-bd49-3038d2688e22,0,[]
1261,failed,"['02Dec@1', '01Ran@0']","['DecentralizingAgent', 'RandomAgent']",68,67,AgentMechanismInterface,False,False,True,15,0.36830822099000216,0.8,False,False,"(3, 69, 1)",,2,False,,"(3, 69, 1)",b68b9b52-bf70-474f-a82e-682247efad7e,0,"[('b68b9b52-bf70-474f-a82e-682247efad7e', (3, 69, 1))]"
1262,failed,"['02Dec@1', '05Dec@2']","['DecentralizingAgent', 'DecentralizingAgent']",68,67,AgentMechanismInterface,False,False,True,17,0.31675184704363346,0.9,False,False,"(10, 78, 32)",,2,False,,"(10, 78, 32)",be89e2ae-2627-41b2-914c-92cfb7b6f618,0,"[('be89e2ae-2627-41b2-914c-92cfb7b6f618', (10, 78, 32))]"
1263,failed,"['02Dec@1', '05Dec@2']","['DecentralizingAgent', 'DecentralizingAgent']",68,67,AgentMechanismInterface,False,False,True,17,0.49863322731107473,0.9,False,False,"(17, 76, 30)",,2,False,,"(17, 76, 30)",a60e76c0-efcc-4898-a3ce-5a90d84a370e,0,"[('a60e76c0-efcc-4898-a3ce-5a90d84a370e', (17, 76, 30))]"
1264,failed,"['00Ind@0', '02Dec@1']","['IndDecentralizingAgent', 'DecentralizingAgent']",68,67,AgentMechanismInterface,False,False,True,17,0.40309236384928226,0.9,False,False,"(16, 76, 23)",,2,False,,"(16, 76, 23)",0cc74531-0043-4a06-82be-aad160777842,0,[]
1265,failed,"['00Ind@0', '03MyA@1']","['IndDecentralizingAgent', 'MyAgent']",68,67,AgentMechanismInterface,False,False,True,17,0.4969099713489413,0.9,False,False,"(16, 75, 25)",,2,False,,"(16, 75, 25)",4044538f-4250-4ad7-8ccc-925c59dfea24,0,[]
1266,failed,"['02Dec@1', '00Ind@0']","['DecentralizingAgent', 'IndDecentralizingAgent']",68,67,AgentMechanismInterface,False,False,True,17,0.5507447822019458,0.9,False,False,"(5, 69, 8)",,2,False,,"(5, 69, 8)",4bcd15f5-4246-4f7a-b85a-96e88eb799f1,0,"[('4bcd15f5-4246-4f7a-b85a-96e88eb799f1', (5, 69, 8))]"
1267,failed,"['03MyA@1', '01Ran@0']","['MyAgent', 'RandomAgent']",69,68,AgentMechanismInterface,False,False,True,2,0.10977423097938299,0.15,False,False,"(14, 73, 10)",,2,False,,"(14, 73, 10)",8c614ae1-2088-4a14-b93f-62ff38d30c3a,0,"[('8c614ae1-2088-4a14-b93f-62ff38d30c3a', (14, 73, 10))]"
1268,failed,"['03MyA@1', '00Ind@0']","['MyAgent', 'IndDecentralizingAgent']",69,68,AgentMechanismInterface,False,False,True,2,0.06369543541222811,0.15,True,False,,,2,False,,,d8fdfecc-8048-43cd-8947-33dd0b15f2cf,0,[]
1269,failed,"['02Dec@1', '00Ind@0']","['DecentralizingAgent', 'IndDecentralizingAgent']",69,68,AgentMechanismInterface,False,False,True,2,0.2711214041337371,0.15,True,False,,,2,False,,,510fb237-ce64-478f-beab-96a0a137f32b,0,[]
1270,failed,"['05Dec@2', '02Dec@1']","['DecentralizingAgent', 'DecentralizingAgent']",69,68,AgentMechanismInterface,False,False,True,2,0.20200554188340902,0.15,False,False,"(17, 71, 21)",,2,False,,"(17, 71, 21)",31ceb3bc-ee06-4f41-940a-a82cd66ec267,0,[]
1271,failed,"['02Dec@1', '01Ran@0']","['DecentralizingAgent', 'RandomAgent']",69,68,AgentMechanismInterface,False,False,True,2,0.3224416468292475,0.15,False,False,"(10, 69, 13)",,2,False,,"(10, 69, 13)",235465a1-9a5d-4897-bfe2-2b6eb93235ea,0,[]
1272,failed,"['02Dec@1', '04Ran@2']","['DecentralizingAgent', 'RandomAgent']",69,68,AgentMechanismInterface,False,False,True,2,0.21795287914574146,0.15,True,False,,,2,False,,,1e6d6f50-0935-40ca-8bff-c8a4235abae1,0,[]
1273,failed,"['02Dec@1', '05Dec@2']","['DecentralizingAgent', 'DecentralizingAgent']",69,68,AgentMechanismInterface,False,False,True,2,0.11702924687415361,0.15,True,False,,,2,False,,"(9, 72, 21)",ce3f7b74-9def-44e2-a31d-08eeb4023ae8,0,[]
1274,failed,"['02Dec@1', '04Ran@2']","['DecentralizingAgent', 'RandomAgent']",69,68,AgentMechanismInterface,False,False,True,11,0.2223771633580327,0.6,False,False,"(3, 76, 42)",,2,False,,"(3, 76, 42)",a7181c96-32d4-42d6-98b7-615ccd0ca7c9,0,[]
1275,failed,"['02Dec@1', '01Ran@0']","['DecentralizingAgent', 'RandomAgent']",69,68,AgentMechanismInterface,False,False,True,11,0.442092951387167,0.6,False,False,"(5, 72, 1)",,2,False,,"(5, 72, 1)",afcfe4ff-2a47-4f64-bb76-8d249c5c6941,0,[]
1276,failed,"['02Dec@1', '00Ind@0']","['DecentralizingAgent', 'IndDecentralizingAgent']",69,68,AgentMechanismInterface,False,False,True,12,0.4639025470241904,0.65,True,False,,,2,False,,"(4, 69, 15)",925ca44f-cf63-437d-a931-fbad9be8a43e,0,[]
1277,failed,"['02Dec@1', '04Ran@2']","['DecentralizingAgent', 'RandomAgent']",69,68,AgentMechanismInterface,False,False,True,12,0.4309213664382696,0.65,False,False,"(3, 77, 42)",,2,False,,"(3, 77, 42)",8b0144b6-a160-496f-89a0-c0fe73304699,0,"[('8b0144b6-a160-496f-89a0-c0fe73304699', (3, 77, 42))]"
1278,failed,"['02Dec@1', '01Ran@0']","['DecentralizingAgent', 'RandomAgent']",69,68,AgentMechanismInterface,False,False,True,14,0.4431230500340462,0.75,False,False,"(1, 72, 4)",,2,False,,"(1, 72, 4)",dc562ff6-0335-4c15-bf93-7cc9b0d35e5a,0,"[('dc562ff6-0335-4c15-bf93-7cc9b0d35e5a', (1, 72, 4))]"
1279,failed,"['00Ind@0', '03MyA@1']","['IndDecentralizingAgent', 'MyAgent']",69,68,AgentMechanismInterface,False,False,True,17,0.4575406666845083,0.9,False,False,"(14, 77, 23)",,2,False,,"(14, 77, 23)",1ca9bde7-e1d9-46e9-bd86-30a44cd16f05,0,"[('1ca9bde7-e1d9-46e9-bd86-30a44cd16f05', (14, 77, 23))]"
1280,failed,"['02Dec@1', '00Ind@0']","['DecentralizingAgent', 'IndDecentralizingAgent']",69,68,AgentMechanismInterface,False,False,True,17,0.48832031339406967,0.9,False,False,"(5, 71, 9)",,2,False,,"(5, 71, 9)",4aabf9f2-c4e4-48e8-b33d-738d6fa01c74,0,"[('4aabf9f2-c4e4-48e8-b33d-738d6fa01c74', (5, 71, 9))]"
1281,failed,"['04Ran@2', '02Dec@1']","['RandomAgent', 'DecentralizingAgent']",69,68,AgentMechanismInterface,False,False,True,17,0.4666333831846714,0.9,False,False,"(2, 70, 21)",,2,False,,"(2, 70, 21)",90308c8d-aed3-48d8-aa5c-7e0cb4606421,0,"[('90308c8d-aed3-48d8-aa5c-7e0cb4606421', (2, 70, 21))]"
1282,failed,"['00Ind@0', '02Dec@1']","['IndDecentralizingAgent', 'DecentralizingAgent']",69,68,AgentMechanismInterface,False,False,True,17,0.43097860645502806,0.9,False,False,"(14, 76, 25)",,2,False,,"(14, 76, 25)",21069bb7-7816-4f4b-999a-d3a8cf81d954,0,"[('21069bb7-7816-4f4b-999a-d3a8cf81d954', (14, 76, 25))]"
1283,failed,"['05Dec@2', '02Dec@1']","['DecentralizingAgent', 'DecentralizingAgent']",69,68,AgentMechanismInterface,False,False,True,17,0.49992659501731396,0.9,False,False,"(2, 69, 11)",,2,False,,"(2, 69, 11)",f5ce4eed-23ac-4bae-b609-f35668464282,0,"[('f5ce4eed-23ac-4bae-b609-f35668464282', (2, 69, 11))]"
1284,failed,"['02Dec@1', '05Dec@2']","['DecentralizingAgent', 'DecentralizingAgent']",69,68,AgentMechanismInterface,False,False,True,17,0.4397546974942088,0.9,False,False,"(5, 78, 32)",,2,False,,"(5, 78, 32)",6064c837-f1c5-42c9-8108-50577074c4aa,0,"[('6064c837-f1c5-42c9-8108-50577074c4aa', (5, 78, 32))]"
1285,failed,"['02Dec@1', '05Dec@2']","['DecentralizingAgent', 'DecentralizingAgent']",69,68,AgentMechanismInterface,False,False,True,17,0.547218750230968,0.9,False,False,"(5, 73, 31)",,2,False,,"(5, 73, 31)",e89a8a7e-eae6-4cd8-b9e2-f601bd4eda6b,0,"[('e89a8a7e-eae6-4cd8-b9e2-f601bd4eda6b', (5, 73, 31))]"
1286,failed,"['02Dec@1', '01Ran@0']","['DecentralizingAgent', 'RandomAgent']",70,69,AgentMechanismInterface,False,False,True,2,0.16983737517148256,0.15,False,False,"(4, 78, 1)",,2,False,,"(4, 78, 1)",fb370841-e81c-4c51-86d1-e020008875a5,0,[]
1287,failed,"['02Dec@1', '05Dec@2']","['DecentralizingAgent', 'DecentralizingAgent']",70,69,AgentMechanismInterface,False,False,True,2,0.3256104700267315,0.15,True,False,,,2,False,,,d22eac27-0fb2-4800-a72e-fc084534f209,0,[]
1288,failed,"['03MyA@1', '00Ind@0']","['MyAgent', 'IndDecentralizingAgent']",70,69,AgentMechanismInterface,False,False,True,2,0.16912597697228193,0.15,False,False,"(56, 80, 16)",,2,False,,"(56, 80, 16)",d521c0b6-9dee-4d71-bd86-5df3bbee8093,0,[]
1289,failed,"['02Dec@1', '00Ind@0']","['DecentralizingAgent', 'IndDecentralizingAgent']",70,69,AgentMechanismInterface,False,False,True,2,0.2139202393591404,0.15,True,False,,,2,False,,,e9ab63b6-2603-4914-b616-c4b7b0875f4c,0,[]
1290,failed,"['02Dec@1', '04Ran@2']","['DecentralizingAgent', 'RandomAgent']",70,69,AgentMechanismInterface,False,False,True,2,0.34069941472262144,0.15,False,False,"(16, 72, 28)",,2,False,,"(16, 72, 28)",cbd536d4-44c2-4bae-8fff-269e164510ba,0,[]
1291,failed,"['02Dec@1', '01Ran@0']","['DecentralizingAgent', 'RandomAgent']",70,69,AgentMechanismInterface,False,False,True,2,0.20769065525382757,0.15,False,False,"(1, 77, 7)",,2,False,,"(1, 77, 7)",b16581a2-6445-4031-a2a8-1bfc9d8f042a,0,[]
1292,failed,"['03MyA@1', '01Ran@0']","['MyAgent', 'RandomAgent']",70,69,AgentMechanismInterface,False,False,True,2,0.3289423789829016,0.15,False,False,"(24, 72, 4)",,2,False,,"(24, 72, 4)",dac9b32a-f5a5-452d-8bd2-22df0688c33b,0,"[('dac9b32a-f5a5-452d-8bd2-22df0688c33b', (24, 72, 4))]"
1293,failed,"['04Ran@2', '02Dec@1']","['RandomAgent', 'DecentralizingAgent']",70,69,AgentMechanismInterface,False,False,True,2,0.30251928325742483,0.15,True,False,,,2,False,,,b24f0e74-79b5-449f-92e0-2e180f801685,0,[]
1294,failed,"['05Dec@2', '02Dec@1']","['DecentralizingAgent', 'DecentralizingAgent']",70,69,AgentMechanismInterface,False,False,True,2,0.36240327451378107,0.15,True,False,,,2,False,,"(11, 74, 21)",a3e18986-90f3-4c58-9017-4ec38b37c552,0,[]
1295,failed,"['03MyA@1', '01Ran@0']","['MyAgent', 'RandomAgent']",70,69,AgentMechanismInterface,False,False,True,2,0.37738782726228237,0.15,True,False,,,2,False,,,76ee3081-c578-4d2d-9b10-e1f33081bdf8,0,[]
1296,failed,"['02Dec@1', '05Dec@2']","['DecentralizingAgent', 'DecentralizingAgent']",70,69,AgentMechanismInterface,False,False,True,2,0.2629977473989129,0.15,True,False,,,2,False,,,6666862e-11f2-4d00-9297-6b78813e8bc4,0,[]
1297,failed,"['02Dec@1', '01Ran@0']","['DecentralizingAgent', 'RandomAgent']",70,69,AgentMechanismInterface,False,False,True,13,0.3297227146103978,0.7,False,False,"(1, 71, 2)",,2,False,,"(1, 71, 2)",69d94dda-41b9-422c-803a-2c73b8559bd6,0,[]
1298,failed,"['02Dec@1', '01Ran@0']","['DecentralizingAgent', 'RandomAgent']",70,69,AgentMechanismInterface,False,False,True,14,0.452367439866066,0.75,False,False,"(1, 72, 3)",,2,False,,"(1, 72, 3)",a2459201-952d-4274-a865-eda0ef30143c,0,[]
1299,failed,"['02Dec@1', '00Ind@0']","['DecentralizingAgent', 'IndDecentralizingAgent']",70,69,AgentMechanismInterface,False,False,True,17,0.3336684247478843,0.9,False,False,"(5, 72, 9)",,2,False,,"(5, 72, 9)",7bf8ea84-b3ab-49c5-bc04-e7d4e78a3542,0,"[('7bf8ea84-b3ab-49c5-bc04-e7d4e78a3542', (5, 72, 9))]"
1300,failed,"['00Ind@0', '02Dec@1']","['IndDecentralizingAgent', 'DecentralizingAgent']",70,69,AgentMechanismInterface,False,False,True,17,0.20995854772627354,0.9,False,False,"(15, 78, 23)",,2,False,,"(15, 78, 23)",2d003e92-6a54-44ed-8963-4944a952ad55,0,[]
1301,failed,"['00Ind@0', '03MyA@1']","['IndDecentralizingAgent', 'MyAgent']",70,69,AgentMechanismInterface,False,False,True,17,0.44664314668625593,0.9,False,False,"(15, 78, 23)",,2,False,,"(15, 78, 23)",efe38b9e-1966-4d96-bc8c-85c6c0c2db6d,0,[]
1302,failed,"['02Dec@1', '00Ind@0']","['DecentralizingAgent', 'IndDecentralizingAgent']",70,69,AgentMechanismInterface,False,False,True,18,0.5054014809429646,0.95,False,False,"(1, 72, 8)",,2,False,,"(1, 72, 8)",920f73c7-2dad-4e4c-9cc2-9b0efaed7abd,0,[]
1303,failed,"['04Ran@2', '02Dec@1']","['RandomAgent', 'DecentralizingAgent']",71,70,AgentMechanismInterface,False,False,True,2,0.09044929780066013,0.15,True,False,,,2,False,,"(6, 75, 2)",45cc875e-c489-436d-a770-35c92fcf68d1,0,[]
1304,failed,"['03MyA@1', '01Ran@0']","['MyAgent', 'RandomAgent']",71,70,AgentMechanismInterface,False,False,True,2,0.08193969540297985,0.15,False,False,"(55, 74, 12)",,2,False,,"(55, 74, 12)",df406809-e1d7-4a18-b082-e5aa2fa74880,0,"[('df406809-e1d7-4a18-b082-e5aa2fa74880', (55, 74, 12))]"
1305,failed,"['05Dec@2', '02Dec@1']","['DecentralizingAgent', 'DecentralizingAgent']",71,70,AgentMechanismInterface,False,False,True,2,0.12493422161787748,0.15,True,False,,,2,False,,"(10, 75, 21)",81cfa0f2-55ed-4b08-85bf-d0f548fdbb16,0,[]
1306,failed,"['02Dec@1', '04Ran@2']","['DecentralizingAgent', 'RandomAgent']",71,70,AgentMechanismInterface,False,False,True,2,0.14538768958300352,0.15,False,False,"(7, 71, 29)",,2,False,,"(7, 71, 29)",08be98c5-d650-4637-b088-ff8d111b014b,0,[]
1307,failed,"['03MyA@1', '00Ind@0']","['MyAgent', 'IndDecentralizingAgent']",71,70,AgentMechanismInterface,False,False,True,2,0.18137434776872396,0.15,True,False,,,2,False,,,623b263e-60fa-4626-91e3-47940e0d360a,0,[]
1308,failed,"['02Dec@1', '00Ind@0']","['DecentralizingAgent', 'IndDecentralizingAgent']",71,70,AgentMechanismInterface,False,False,True,2,0.1943452963605523,0.15,True,False,,,2,False,,"(5, 79, 16)",fd8e4040-129e-4c7d-a670-22738cfb1589,0,[]
1309,failed,"['02Dec@1', '05Dec@2']","['DecentralizingAgent', 'DecentralizingAgent']",71,70,AgentMechanismInterface,False,False,True,2,0.056036362424492836,0.15,True,False,,,2,False,,,dfddf38c-32c2-43de-8202-6fb3e13c20c8,0,[]
1310,failed,"['02Dec@1', '04Ran@2']","['DecentralizingAgent', 'RandomAgent']",71,70,AgentMechanismInterface,False,False,True,2,0.2318997960537672,0.15,False,False,"(4, 71, 25)",,2,False,,"(4, 71, 25)",984d5465-08b2-4298-8764-fa69edc954b2,0,"[('984d5465-08b2-4298-8764-fa69edc954b2', (4, 71, 25))]"
1311,failed,"['02Dec@1', '01Ran@0']","['DecentralizingAgent', 'RandomAgent']",71,70,AgentMechanismInterface,False,False,True,2,0.21896781958639622,0.15,False,False,"(4, 79, 4)",,2,False,,"(4, 79, 4)",6813f635-3c95-46fa-9315-847ec46db3f1,0,[]
1312,failed,"['03MyA@1', '01Ran@0']","['MyAgent', 'RandomAgent']",71,70,AgentMechanismInterface,False,False,True,2,0.0981891443952918,0.15,False,False,"(8, 79, 4)",,2,False,,"(8, 79, 4)",c865f34c-41a9-4d34-8db0-74199453d65f,0,[]
1313,failed,"['02Dec@1', '05Dec@2']","['DecentralizingAgent', 'DecentralizingAgent']",71,70,AgentMechanismInterface,False,False,True,2,0.1636881697922945,0.15,True,False,,,2,False,,,79c25ee6-eb08-4f88-9d5f-4e48b0699242,0,[]
1314,failed,"['02Dec@1', '01Ran@0']","['DecentralizingAgent', 'RandomAgent']",71,70,AgentMechanismInterface,False,False,True,11,0.29391434136778116,0.6,False,False,"(5, 71, 2)",,2,False,,"(5, 71, 2)",a336ba8d-fdb6-429b-bd14-cc18cbee8aff,0,[]
1315,failed,"['02Dec@1', '00Ind@0']","['DecentralizingAgent', 'IndDecentralizingAgent']",71,70,AgentMechanismInterface,False,False,True,12,0.168876675888896,0.65,True,False,,,2,False,,"(5, 73, 15)",70ebcbf9-a8dc-459e-8b94-a8f33d682b25,0,[]
1316,failed,"['02Dec@1', '01Ran@0']","['DecentralizingAgent', 'RandomAgent']",71,70,AgentMechanismInterface,False,False,True,14,0.249206461943686,0.75,False,False,"(1, 71, 1)",,2,False,,"(1, 71, 1)",ae62959e-86d8-47a6-956b-ea8236d7fe27,0,[]
1317,failed,"['02Dec@1', '04Ran@2']","['DecentralizingAgent', 'RandomAgent']",71,70,AgentMechanismInterface,False,False,True,14,0.15847900323569775,0.75,False,False,"(5, 78, 39)",,2,False,,"(5, 78, 39)",a529ef8f-a74e-4ee0-9c10-d3db94310cd6,0,[]
1318,failed,"['02Dec@1', '05Dec@2']","['DecentralizingAgent', 'DecentralizingAgent']",71,70,AgentMechanismInterface,False,False,True,14,0.29335097782313824,0.75,True,False,,,2,False,,"(1, 81, 24)",4392af21-8a19-406b-b065-ed792bb9b73c,0,[]
1319,failed,"['02Dec@1', '00Ind@0']","['DecentralizingAgent', 'IndDecentralizingAgent']",71,70,AgentMechanismInterface,False,False,True,18,0.32459421642124653,0.95,False,False,"(1, 72, 8)",,2,False,,"(1, 72, 8)",d9e90d26-d97a-402b-996c-b5faf61cfa3f,0,[]
1320,failed,"['03MyA@1', '00Ind@0']","['MyAgent', 'IndDecentralizingAgent']",72,71,AgentMechanismInterface,False,False,True,2,0.15792457945644855,0.15,True,False,,,2,False,,"(7, 77, 16)",14f61562-2dbc-4fca-83a3-b4f2cb67cc9a,0,[]
1321,failed,"['02Dec@1', '00Ind@0']","['DecentralizingAgent', 'IndDecentralizingAgent']",72,71,AgentMechanismInterface,False,False,True,2,0.09655231423676014,0.15,True,False,,,2,False,,,5c6fa025-9862-4a94-a30a-b78abcde19f4,0,[]
1322,failed,"['02Dec@1', '04Ran@2']","['DecentralizingAgent', 'RandomAgent']",72,71,AgentMechanismInterface,False,False,True,2,0.1565477829426527,0.15,False,False,"(2, 72, 39)",,2,False,,"(2, 72, 39)",3e3b32d3-06be-46c8-8739-cf65c84ffdfb,0,"[('3e3b32d3-06be-46c8-8739-cf65c84ffdfb', (2, 72, 39))]"
1323,failed,"['03MyA@1', '00Ind@0']","['MyAgent', 'IndDecentralizingAgent']",72,71,AgentMechanismInterface,False,False,True,2,0.03399511240422726,0.15,True,False,,,2,False,,"(8, 79, 16)",8a454fae-a4fd-4957-8bd6-0cc4610bc458,0,[]
1324,failed,"['02Dec@1', '04Ran@2']","['DecentralizingAgent', 'RandomAgent']",72,71,AgentMechanismInterface,False,False,True,2,0.1743900841102004,0.15,False,False,"(3, 73, 42)",,2,False,,"(3, 73, 42)",c785f8e5-9e2b-416f-a751-ec3471deb803,0,[]
1325,failed,"['02Dec@1', '04Ran@2']","['DecentralizingAgent', 'RandomAgent']",72,71,AgentMechanismInterface,False,False,True,2,0.11247891094535589,0.15,False,False,"(23, 72, 32)",,2,False,,"(23, 72, 32)",5685fcad-a9f1-4bc6-8f78-11c713fdb920,0,[]
1326,failed,"['02Dec@1', '05Dec@2']","['DecentralizingAgent', 'DecentralizingAgent']",72,71,AgentMechanismInterface,False,False,True,2,0.24898420460522175,0.15,True,False,,,2,False,,,6d209a68-dfab-484a-9170-1f9f05d6cbfc,0,[]
1327,failed,"['02Dec@1', '04Ran@2']","['DecentralizingAgent', 'RandomAgent']",72,71,AgentMechanismInterface,False,False,True,2,0.12262206431478262,0.15,False,False,"(16, 72, 38)",,2,False,,"(16, 72, 38)",fdfe25a5-9186-4629-a5a2-5c16a07a0e22,0,[]
1328,failed,"['02Dec@1', '00Ind@0']","['DecentralizingAgent', 'IndDecentralizingAgent']",72,71,AgentMechanismInterface,False,False,True,2,0.050059872679412365,0.15,True,False,,,2,False,,"(1, 80, 16)",0f696f80-165d-44a2-b79d-7440ebe1cf1d,0,[]
1329,failed,"['02Dec@1', '04Ran@2']","['DecentralizingAgent', 'RandomAgent']",72,71,AgentMechanismInterface,False,False,True,10,0.4112860644236207,0.55,False,False,"(30, 82, 41)",,2,False,,"(30, 82, 41)",c6040c3a-68d0-494b-b9b3-0f08dd9949f5,0,[]
1330,failed,"['02Dec@1', '05Dec@2']","['DecentralizingAgent', 'DecentralizingAgent']",72,71,AgentMechanismInterface,False,False,True,11,0.20969081856310368,0.6,True,False,,,2,False,,"(30, 79, 23)",7047cb46-071a-4cf1-9631-dfc6d1cb42af,0,"[('7047cb46-071a-4cf1-9631-dfc6d1cb42af', (30, 79, 23))]"
1331,failed,"['04Ran@2', '02Dec@1']","['RandomAgent', 'DecentralizingAgent']",72,71,AgentMechanismInterface,False,False,True,11,0.37201492115855217,0.6,False,False,"(8, 73, 20)",,2,False,,"(8, 73, 20)",5dd6cd92-9dad-45c4-af1e-594865388f3b,0,[]
1332,failed,"['02Dec@1', '01Ran@0']","['DecentralizingAgent', 'RandomAgent']",72,71,AgentMechanismInterface,False,False,True,12,0.2662172522395849,0.65,False,False,"(2, 74, 2)",,2,False,,"(2, 74, 2)",c249da62-8d2e-40fa-a4d5-8474a4b22560,0,[]
1333,failed,"['02Dec@1', '01Ran@0']","['DecentralizingAgent', 'RandomAgent']",72,71,AgentMechanismInterface,False,False,True,13,0.2693810584023595,0.7,False,False,"(2, 72, 3)",,2,False,,"(2, 72, 3)",bf99dc09-00bd-4a3d-a840-061e8db1bc78,0,"[('bf99dc09-00bd-4a3d-a840-061e8db1bc78', (2, 72, 3))]"
1334,failed,"['02Dec@1', '00Ind@0']","['DecentralizingAgent', 'IndDecentralizingAgent']",72,71,AgentMechanismInterface,False,False,True,13,0.3049096781760454,0.7,True,False,,,2,False,,"(1, 72, 15)",4a6e8291-55d9-4db2-bc83-ffaa1fb34ea8,0,[]
1335,failed,"['02Dec@1', '04Ran@2']","['DecentralizingAgent', 'RandomAgent']",72,71,AgentMechanismInterface,False,False,True,15,0.3366131316870451,0.8,False,False,"(5, 79, 37)",,2,False,,"(5, 79, 37)",9f9598d0-3e43-4c9d-a390-bba70a7b799a,0,[]
1336,failed,"['02Dec@1', '05Dec@2']","['DecentralizingAgent', 'DecentralizingAgent']",72,71,AgentMechanismInterface,False,False,True,16,0.29512537084519863,0.85,True,False,,,2,False,,"(1, 81, 27)",3d03fb08-ebd2-4a37-9223-84d7b1683673,0,[]
1337,failed,"['02Dec@1', '01Ran@0']","['DecentralizingAgent', 'RandomAgent']",72,71,AgentMechanismInterface,False,False,True,17,0.40846553817391396,0.9,False,False,"(1, 72, 9)",,2,False,,"(1, 72, 9)",48775070-e56a-4ff4-b316-d82f4e5c89a6,0,"[('48775070-e56a-4ff4-b316-d82f4e5c89a6', (1, 72, 9))]"
1338,failed,"['00Ind@0', '03MyA@1']","['IndDecentralizingAgent', 'MyAgent']",72,71,AgentMechanismInterface,False,False,True,17,0.45336925983428955,0.9,False,False,"(13, 79, 25)",,2,False,,"(13, 79, 25)",6650e14d-59a2-4684-b654-24793b4e95b8,0,"[('6650e14d-59a2-4684-b654-24793b4e95b8', (13, 79, 25))]"
1339,failed,"['00Ind@0', '02Dec@1']","['IndDecentralizingAgent', 'DecentralizingAgent']",72,71,AgentMechanismInterface,False,False,True,17,0.4046930270269513,0.9,False,False,"(13, 80, 23)",,2,False,,"(13, 80, 23)",7f628f3d-c739-4e12-9660-5b182aa6810e,0,"[('7f628f3d-c739-4e12-9660-5b182aa6810e', (13, 80, 23))]"
1340,failed,"['02Dec@1', '00Ind@0']","['DecentralizingAgent', 'IndDecentralizingAgent']",72,71,AgentMechanismInterface,False,False,True,17,0.4824322685599327,0.9,False,False,"(4, 73, 9)",,2,False,,"(4, 73, 9)",d8a258d1-d250-4b87-b1c8-164b57757385,0,"[('d8a258d1-d250-4b87-b1c8-164b57757385', (4, 73, 9))]"
1341,failed,"['02Dec@1', '00Ind@0']","['DecentralizingAgent', 'IndDecentralizingAgent']",72,71,AgentMechanismInterface,False,False,True,17,0.3811554443091154,0.9,True,False,,,2,False,,"(1, 77, 8)",864c45db-503c-47c6-8396-ff9fc1a8e1f5,0,"[('864c45db-503c-47c6-8396-ff9fc1a8e1f5', (1, 77, 8))]"
1342,failed,"['05Dec@2', '02Dec@1']","['DecentralizingAgent', 'DecentralizingAgent']",72,71,AgentMechanismInterface,False,False,True,17,0.3647251380607486,0.9,False,False,"(12, 74, 12)",,2,False,,"(12, 74, 12)",fadf6907-f665-4c28-92fb-07c5a232d556,0,"[('fadf6907-f665-4c28-92fb-07c5a232d556', (12, 74, 12))]"
1343,failed,"['02Dec@1', '05Dec@2']","['DecentralizingAgent', 'DecentralizingAgent']",73,72,AgentMechanismInterface,False,False,True,2,0.030352876521646976,0.15,True,False,,,2,False,,"(8, 76, 21)",c9d263f1-5ad1-450e-99fc-2b680f05ef89,0,[]
1344,failed,"['02Dec@1', '04Ran@2']","['DecentralizingAgent', 'RandomAgent']",73,72,AgentMechanismInterface,False,False,True,2,0.036736929789185524,0.15,True,False,,,2,False,,,b635086a-99aa-40ad-8d3a-db4d5e26cc8c,0,[]
1345,failed,"['03MyA@1', '00Ind@0']","['MyAgent', 'IndDecentralizingAgent']",73,72,AgentMechanismInterface,False,False,True,2,0.04384073242545128,0.15,True,False,,,2,False,,,f8de8a12-8124-4829-aef6-2a8351109421,0,[]
1346,failed,"['03MyA@1', '01Ran@0']","['MyAgent', 'RandomAgent']",73,72,AgentMechanismInterface,False,False,True,2,0.1602346310392022,0.15,False,False,"(25, 73, 11)",,2,False,,"(25, 73, 11)",0c80522c-961d-4e4e-a24b-2e8f5597ecda,0,"[('0c80522c-961d-4e4e-a24b-2e8f5597ecda', (25, 73, 11))]"
1347,failed,"['02Dec@1', '04Ran@2']","['DecentralizingAgent', 'RandomAgent']",73,72,AgentMechanismInterface,False,False,True,2,0.05936570651829243,0.15,True,False,,,2,False,,"(1, 73, 36)",d1b5779f-dd8c-44b5-a1c2-fa08d4014fd7,0,[]
1348,failed,"['02Dec@1', '01Ran@0']","['DecentralizingAgent', 'RandomAgent']",73,72,AgentMechanismInterface,False,False,True,2,0.3033837825059891,0.15,True,False,,,2,False,,,197a1ffa-7848-46ce-8b80-f2f5030cc6d9,0,[]
1349,failed,"['02Dec@1', '01Ran@0']","['DecentralizingAgent', 'RandomAgent']",73,72,AgentMechanismInterface,False,False,True,2,0.12417636346071959,0.15,False,False,"(2, 73, 11)",,2,False,,"(2, 73, 11)",22961962-75c2-4ca0-8330-dcf3970cecf4,0,[]
1350,failed,"['02Dec@1', '04Ran@2']","['DecentralizingAgent', 'RandomAgent']",73,72,AgentMechanismInterface,False,False,True,2,0.26594784669578075,0.15,False,False,"(5, 73, 34)",,2,False,,"(5, 73, 34)",4c5c10a8-159a-4418-89e0-a59e0a9d35cf,0,[]
1351,failed,"['02Dec@1', '04Ran@2']","['DecentralizingAgent', 'RandomAgent']",73,72,AgentMechanismInterface,False,False,True,2,0.08350256457924843,0.15,False,False,"(3, 75, 26)",,2,False,,"(3, 75, 26)",d2b2dbb9-bc2c-4e78-b437-6062114caf21,0,"[('d2b2dbb9-bc2c-4e78-b437-6062114caf21', (3, 75, 26))]"
1352,failed,"['02Dec@1', '00Ind@0']","['DecentralizingAgent', 'IndDecentralizingAgent']",73,72,AgentMechanismInterface,False,False,True,8,0.3259529946371913,0.45,False,False,"(13, 81, 16)",,2,False,,"(13, 81, 16)",7273935c-8af9-44cd-950a-3e1323ceaccd,0,[]
1353,failed,"['04Ran@2', '02Dec@1']","['RandomAgent', 'DecentralizingAgent']",73,72,AgentMechanismInterface,False,False,True,10,0.393184682354331,0.55,False,False,"(2, 73, 21)",,2,False,,"(2, 73, 21)",031b2135-a21d-487c-86d2-6082adfa4929,0,[]
1354,failed,"['02Dec@1', '01Ran@0']","['DecentralizingAgent', 'RandomAgent']",73,72,AgentMechanismInterface,False,False,True,10,0.2185921287164092,0.55,False,False,"(1, 77, 1)",,2,False,,"(1, 77, 1)",3f075fb4-f332-4eb9-b982-f9447a5ede76,0,[]
1355,failed,"['02Dec@1', '04Ran@2']","['DecentralizingAgent', 'RandomAgent']",73,72,AgentMechanismInterface,False,False,True,11,0.41682442743331194,0.6,False,False,"(3, 81, 42)",,2,False,,"(3, 81, 42)",45ce1c7c-3cf5-4302-a6da-ebb959f82aeb,0,[]
1356,failed,"['02Dec@1', '04Ran@2']","['DecentralizingAgent', 'RandomAgent']",73,72,AgentMechanismInterface,False,False,True,11,0.33234723657369614,0.6,False,False,"(30, 77, 41)",,2,False,,"(30, 77, 41)",fd087e4b-4052-4948-b3ee-d74353562de7,0,[]
1357,failed,"['02Dec@1', '00Ind@0']","['DecentralizingAgent', 'IndDecentralizingAgent']",73,72,AgentMechanismInterface,False,False,True,11,0.2261266801506281,0.6,True,False,,,2,False,,"(1, 73, 15)",cb1780f5-1d4f-4231-9bb0-7d3a7ad930a1,0,"[('cb1780f5-1d4f-4231-9bb0-7d3a7ad930a1', (1, 73, 15))]"
1358,failed,"['02Dec@1', '01Ran@0']","['DecentralizingAgent', 'RandomAgent']",73,72,AgentMechanismInterface,False,False,True,11,0.362274082377553,0.6,True,False,,,2,False,,"(1, 75, 5)",8618a934-6ee9-4ca8-97b1-048693571241,0,[]
1359,failed,"['02Dec@1', '00Ind@0']","['DecentralizingAgent', 'IndDecentralizingAgent']",73,72,AgentMechanismInterface,False,False,True,11,0.3465858642011881,0.6,True,False,,,2,False,,"(1, 73, 16)",8d622d2a-918c-4e84-966f-2e39ff333312,0,[]
1360,failed,"['02Dec@1', '05Dec@2']","['DecentralizingAgent', 'DecentralizingAgent']",73,72,AgentMechanismInterface,False,False,True,11,0.31882004998624325,0.6,True,False,,,2,False,,"(30, 79, 23)",c796fe82-48b8-41d7-9753-dae0349a734f,0,"[('c796fe82-48b8-41d7-9753-dae0349a734f', (30, 79, 23))]"
1361,failed,"['00Ind@0', '02Dec@1']","['IndDecentralizingAgent', 'DecentralizingAgent']",73,72,AgentMechanismInterface,False,False,True,17,0.45677462313324213,0.9,False,False,"(17, 82, 23)",,2,False,,"(17, 82, 23)",a29504e5-260c-4171-8b37-aa559ec76261,0,[]
1362,failed,"['02Dec@1', '05Dec@2']","['DecentralizingAgent', 'DecentralizingAgent']",73,72,AgentMechanismInterface,False,False,True,17,0.41775730811059475,0.9,False,False,"(5, 77, 31)",,2,False,,"(5, 77, 31)",d73ef217-8d4e-4224-8efb-41e6039e454c,0,"[('d73ef217-8d4e-4224-8efb-41e6039e454c', (5, 77, 31))]"
1363,failed,"['00Ind@0', '03MyA@1']","['IndDecentralizingAgent', 'MyAgent']",73,72,AgentMechanismInterface,False,False,True,17,0.33370031137019396,0.9,False,False,"(17, 82, 23)",,2,False,,"(17, 82, 23)",c9415d04-498d-4950-a296-0facd80ae2fb,0,[]
1364,failed,"['05Dec@2', '02Dec@1']","['DecentralizingAgent', 'DecentralizingAgent']",74,73,AgentMechanismInterface,False,False,True,2,0.28121454548090696,0.15,True,False,,,2,False,,,d3debccd-493c-49f0-8bc3-ec4acf888176,0,[]
1365,failed,"['02Dec@1', '00Ind@0']","['DecentralizingAgent', 'IndDecentralizingAgent']",74,73,AgentMechanismInterface,False,False,True,2,0.19512307550758123,0.15,True,False,,,2,False,,"(3, 79, 16)",d810e6ff-8cb1-4ddc-bf31-d0ea5907736c,0,[]
1366,failed,"['05Dec@2', '02Dec@1']","['DecentralizingAgent', 'DecentralizingAgent']",74,73,AgentMechanismInterface,False,False,True,2,0.1735302172601223,0.15,True,False,,,2,False,,,d0935fe0-c2ee-441c-a9bc-bd96587907c5,0,[]
1367,failed,"['03MyA@1', '00Ind@0']","['MyAgent', 'IndDecentralizingAgent']",74,73,AgentMechanismInterface,False,False,True,2,0.17197997868061066,0.15,True,False,,,2,False,,"(8, 79, 16)",bbae579f-3979-414e-a099-9f27e4fa3dc7,0,[]
1368,failed,"['03MyA@1', '01Ran@0']","['MyAgent', 'RandomAgent']",74,73,AgentMechanismInterface,False,False,True,2,0.29706870950758457,0.15,False,False,"(22, 82, 13)",,2,False,,"(22, 82, 13)",16a5dc10-c83b-4135-8176-cfd19a20cf0c,0,"[('16a5dc10-c83b-4135-8176-cfd19a20cf0c', (22, 82, 13))]"
1369,failed,"['02Dec@1', '05Dec@2']","['DecentralizingAgent', 'DecentralizingAgent']",74,73,AgentMechanismInterface,False,False,True,2,0.059170144610106945,0.15,True,False,,,2,False,,,4f2fb692-3ba1-4c04-a370-af141e5d2efb,0,[]
1370,failed,"['03MyA@1', '00Ind@0']","['MyAgent', 'IndDecentralizingAgent']",74,73,AgentMechanismInterface,False,False,True,2,0.1784893311560154,0.15,False,False,"(53, 84, 16)",,2,False,,"(53, 84, 16)",a39e83c3-1655-4a43-8741-804576e0f41c,0,[]
1371,failed,"['04Ran@2', '02Dec@1']","['RandomAgent', 'DecentralizingAgent']",74,73,AgentMechanismInterface,False,False,True,2,0.22183191310614347,0.15,True,False,,,2,False,,"(4, 74, 11)",086e8be5-4448-4bed-878d-a449b0753e65,0,[]
1372,failed,"['02Dec@1', '04Ran@2']","['DecentralizingAgent', 'RandomAgent']",74,73,AgentMechanismInterface,False,False,True,2,0.205803451128304,0.15,False,False,"(19, 74, 31)",,2,False,,"(19, 74, 31)",a78b4a69-38e2-45cf-a944-42a26942128b,0,"[('a78b4a69-38e2-45cf-a944-42a26942128b', (19, 74, 31))]"
1373,failed,"['02Dec@1', '04Ran@2']","['DecentralizingAgent', 'RandomAgent']",74,73,AgentMechanismInterface,False,False,True,2,0.21845872607082129,0.15,False,False,"(2, 76, 26)",,2,False,,"(2, 76, 26)",a60328c6-7d75-495a-85e4-ddbc1466e289,0,"[('a60328c6-7d75-495a-85e4-ddbc1466e289', (2, 76, 26))]"
1374,failed,"['02Dec@1', '01Ran@0']","['DecentralizingAgent', 'RandomAgent']",74,73,AgentMechanismInterface,False,False,True,2,0.08133122231811285,0.15,True,False,,,2,False,,,beb940fa-b8b8-410a-b483-1014b0c80483,0,[]
1375,failed,"['02Dec@1', '04Ran@2']","['DecentralizingAgent', 'RandomAgent']",74,73,AgentMechanismInterface,False,False,True,2,0.22670562751591206,0.15,True,False,,,2,False,,"(1, 74, 34)",bba30967-899f-44ff-8a8f-c3846378c56d,0,[]
1376,failed,"['02Dec@1', '05Dec@2']","['DecentralizingAgent', 'DecentralizingAgent']",74,73,AgentMechanismInterface,False,False,True,2,0.32909569703042507,0.15,True,False,,,2,False,,"(10, 75, 21)",641e60ac-3dd1-46df-a729-287b7ca9662a,0,[]
1377,failed,"['02Dec@1', '04Ran@2']","['DecentralizingAgent', 'RandomAgent']",74,73,AgentMechanismInterface,False,False,True,10,0.1321355840191245,0.55,False,False,"(30, 77, 41)",,2,False,,"(30, 77, 41)",53618bd4-c4f1-4cce-a593-d5c0aad10ba5,0,"[('53618bd4-c4f1-4cce-a593-d5c0aad10ba5', (30, 77, 41))]"
1378,failed,"['02Dec@1', '05Dec@2']","['DecentralizingAgent', 'DecentralizingAgent']",74,73,AgentMechanismInterface,False,False,True,10,0.36647383961826563,0.55,True,False,,,2,False,,"(30, 77, 22)",f22afa02-9710-43fd-bc05-2386dd001e87,0,[]
1379,failed,"['02Dec@1', '01Ran@0']","['DecentralizingAgent', 'RandomAgent']",74,73,AgentMechanismInterface,False,False,True,11,0.41403719410300255,0.6,False,False,"(1, 78, 2)",,2,False,,"(1, 78, 2)",38e1f64d-1537-41fb-80ce-cb01cc2d973b,0,"[('38e1f64d-1537-41fb-80ce-cb01cc2d973b', (1, 78, 2))]"
1380,failed,"['02Dec@1', '00Ind@0']","['DecentralizingAgent', 'IndDecentralizingAgent']",74,73,AgentMechanismInterface,False,False,True,11,0.32640094868838787,0.6,True,False,,,2,False,,"(1, 74, 16)",bf6558f9-fe5a-4a75-913b-9fe34200e931,0,[]
1381,failed,"['02Dec@1', '01Ran@0']","['DecentralizingAgent', 'RandomAgent']",74,73,AgentMechanismInterface,False,False,True,15,0.344247343018651,0.8,False,False,"(2, 83, 4)",,2,False,,"(2, 83, 4)",b2a00aa7-de54-4750-95a7-7e8791d178bc,0,"[('b2a00aa7-de54-4750-95a7-7e8791d178bc', (2, 83, 4))]"
1382,failed,"['02Dec@1', '01Ran@0']","['DecentralizingAgent', 'RandomAgent']",74,73,AgentMechanismInterface,False,False,True,17,0.18084719963371754,0.9,False,False,"(1, 76, 7)",,2,False,,"(1, 76, 7)",54087def-10f8-4e13-a313-844a09cf9e77,0,[]
1383,failed,"['00Ind@0', '03MyA@1']","['IndDecentralizingAgent', 'MyAgent']",74,73,AgentMechanismInterface,False,False,True,17,0.27408071141690016,0.9,False,False,"(14, 82, 23)",,2,False,,"(14, 82, 23)",d20cc556-b10b-4455-b971-8a145a343308,0,"[('d20cc556-b10b-4455-b971-8a145a343308', (14, 82, 23))]"
1384,failed,"['02Dec@1', '00Ind@0']","['DecentralizingAgent', 'IndDecentralizingAgent']",74,73,AgentMechanismInterface,False,False,True,17,0.3807957908138633,0.9,True,False,,,2,False,,"(1, 75, 10)",a5b61db2-639c-4ec6-90dc-f886bb249b75,0,[]
1385,failed,"['02Dec@1', '00Ind@0']","['DecentralizingAgent', 'IndDecentralizingAgent']",74,73,AgentMechanismInterface,False,False,True,17,0.4701395109295845,0.9,False,False,"(5, 79, 9)",,2,False,,"(5, 79, 9)",5377d6a6-eaa3-4a5e-b665-4df5988bb194,0,"[('5377d6a6-eaa3-4a5e-b665-4df5988bb194', (5, 79, 9))]"
1386,failed,"['02Dec@1', '04Ran@2']","['DecentralizingAgent', 'RandomAgent']",75,74,AgentMechanismInterface,False,False,True,2,0.11969463992863894,0.15,False,False,"(4, 76, 40)",,2,False,,"(4, 76, 40)",8ee49eed-84d2-43fb-8591-6b1832cdd2aa,0,"[('8ee49eed-84d2-43fb-8591-6b1832cdd2aa', (4, 76, 40))]"
1387,failed,"['02Dec@1', '04Ran@2']","['DecentralizingAgent', 'RandomAgent']",75,74,AgentMechanismInterface,False,False,True,2,0.009466075338423252,0.15,False,False,"(9, 75, 22)",,2,False,,"(9, 75, 22)",7cf3753d-cefd-4146-861a-6a8a773c58fa,0,"[('7cf3753d-cefd-4146-861a-6a8a773c58fa', (9, 75, 22))]"
1388,failed,"['02Dec@1', '04Ran@2']","['DecentralizingAgent', 'RandomAgent']",75,74,AgentMechanismInterface,False,False,True,2,0.17462995368987322,0.15,True,False,,,2,False,,,c8800457-ec0d-44d2-bc12-95305a8b4ca2,0,[]
1389,failed,"['03MyA@1', '01Ran@0']","['MyAgent', 'RandomAgent']",75,74,AgentMechanismInterface,False,False,True,2,0.07073399517685175,0.15,True,False,,,2,False,,,82063db1-600b-43e5-964d-ec9ba330fc87,0,[]
1390,failed,"['03MyA@1', '01Ran@0']","['MyAgent', 'RandomAgent']",75,74,AgentMechanismInterface,False,False,True,2,0.20574055146425962,0.15,False,False,"(24, 81, 1)",,2,False,,"(24, 81, 1)",4b3c21b3-b828-4a72-97ec-c8574df688f1,0,"[('4b3c21b3-b828-4a72-97ec-c8574df688f1', (24, 81, 1))]"
1391,failed,"['04Ran@2', '02Dec@1']","['RandomAgent', 'DecentralizingAgent']",75,74,AgentMechanismInterface,False,False,True,2,0.1450774446129799,0.15,True,False,,,2,False,,,1dc33b53-64e5-4db1-8b3c-bf2b02a3db85,0,[]
1392,failed,"['02Dec@1', '00Ind@0']","['DecentralizingAgent', 'IndDecentralizingAgent']",75,74,AgentMechanismInterface,False,False,True,2,0.10253696050494909,0.15,True,False,,,2,False,,,00c8d30c-d3b0-48c5-ab96-5b657f5d132d,0,[]
1393,failed,"['05Dec@2', '02Dec@1']","['DecentralizingAgent', 'DecentralizingAgent']",75,74,AgentMechanismInterface,False,False,True,2,0.16851787827908993,0.15,True,False,,,2,False,,,bbd9301a-50cb-4093-887d-2b413dded28d,0,[]
1394,failed,"['02Dec@1', '01Ran@0']","['DecentralizingAgent', 'RandomAgent']",75,74,AgentMechanismInterface,False,False,True,6,0.19162057805806398,0.35,False,False,"(1, 76, 1)",,2,False,,"(1, 76, 1)",b7ee71cb-ccdf-459e-9dcf-744c6ae8208c,0,[]
1395,failed,"['02Dec@1', '00Ind@0']","['DecentralizingAgent', 'IndDecentralizingAgent']",75,74,AgentMechanismInterface,False,False,True,6,0.1388232596218586,0.35,True,False,,,2,False,,"(1, 78, 16)",767319eb-e6ff-4df0-99af-4bcb0ad1d26e,0,[]
1396,failed,"['02Dec@1', '04Ran@2']","['DecentralizingAgent', 'RandomAgent']",75,74,AgentMechanismInterface,False,False,True,13,0.13889922481030226,0.7,False,False,"(30, 79, 38)",,2,False,,"(30, 79, 38)",f95734de-35da-4fde-8202-9297f2f5df19,0,"[('f95734de-35da-4fde-8202-9297f2f5df19', (30, 79, 38))]"
1397,failed,"['02Dec@1', '05Dec@2']","['DecentralizingAgent', 'DecentralizingAgent']",75,74,AgentMechanismInterface,False,False,True,13,0.23392209224402905,0.7,True,False,,,2,False,,"(30, 78, 24)",cc9af29d-5617-4e43-ac55-a24b1bd77e87,0,[]
1398,failed,"['02Dec@1', '01Ran@0']","['DecentralizingAgent', 'RandomAgent']",75,74,AgentMechanismInterface,False,False,True,13,0.18788564950227737,0.7,False,False,"(1, 77, 2)",,2,False,,"(1, 77, 2)",38f0c992-1172-47e6-9dbb-6ea3c4a9b617,0,[]
1399,failed,"['02Dec@1', '00Ind@0']","['DecentralizingAgent', 'IndDecentralizingAgent']",75,74,AgentMechanismInterface,False,False,True,14,0.1766565404832363,0.75,True,False,,,2,False,,"(1, 75, 14)",8fa8ab03-2deb-4a7b-b119-996a527bd58c,0,[]
1400,failed,"['02Dec@1', '04Ran@2']","['DecentralizingAgent', 'RandomAgent']",75,74,AgentMechanismInterface,False,False,True,15,0.17822479270398617,0.8,False,False,"(5, 83, 37)",,2,False,,"(5, 83, 37)",fe224bfa-e29f-48e4-895b-a0953787b811,0,[]
1401,failed,"['02Dec@1', '05Dec@2']","['DecentralizingAgent', 'DecentralizingAgent']",75,74,AgentMechanismInterface,False,False,True,16,0.20635264366865158,0.85,True,False,,,2,False,,"(1, 85, 27)",4d3259af-21da-476e-917e-1ca01fb43ddf,0,[]
1402,failed,"['00Ind@0', '03MyA@1']","['IndDecentralizingAgent', 'MyAgent']",75,74,AgentMechanismInterface,False,False,True,17,0.20842224545776844,0.9,False,False,"(1, 85, 24)",,2,False,,"(1, 85, 24)",8dd3e8d0-e470-468c-b482-9c4cbc6cda0f,0,"[('8dd3e8d0-e470-468c-b482-9c4cbc6cda0f', (1, 85, 24))]"
1403,failed,"['02Dec@1', '04Ran@2']","['DecentralizingAgent', 'RandomAgent']",76,75,AgentMechanismInterface,False,False,True,2,0.03594314493238926,0.15,False,False,"(4, 79, 29)",,2,False,,"(4, 79, 29)",98204b5c-5c67-4ff3-8200-a9ef62822826,0,"[('98204b5c-5c67-4ff3-8200-a9ef62822826', (4, 79, 29))]"
1404,failed,"['03MyA@1', '01Ran@0']","['MyAgent', 'RandomAgent']",76,75,AgentMechanismInterface,False,False,True,2,0.30222341418266296,0.15,False,False,"(18, 81, 16)",,2,False,,"(18, 81, 16)",58d6b714-73d6-4e1b-93e9-d94889eb295a,0,"[('58d6b714-73d6-4e1b-93e9-d94889eb295a', (18, 81, 16))]"
1405,failed,"['03MyA@1', '00Ind@0']","['MyAgent', 'IndDecentralizingAgent']",76,75,AgentMechanismInterface,False,False,True,2,0.16850126534700394,0.15,False,False,"(69, 86, 16)",,2,False,,"(69, 86, 16)",44912911-ddc8-404c-8434-f44140f1d4ca,0,[]
1406,failed,"['03MyA@1', '00Ind@0']","['MyAgent', 'IndDecentralizingAgent']",76,75,AgentMechanismInterface,False,False,True,2,0.03947012312710285,0.15,True,False,,,2,False,,,31dddc4b-93d7-4bd3-8bb4-7fa2628059ca,0,[]
1407,failed,"['05Dec@2', '02Dec@1']","['DecentralizingAgent', 'DecentralizingAgent']",76,75,AgentMechanismInterface,False,False,True,2,0.17698048800230026,0.15,True,False,,,2,False,,"(9, 80, 21)",6a7eee2b-61ec-4b9c-930a-aa8a18e03e13,0,[]
1408,failed,"['02Dec@1', '04Ran@2']","['DecentralizingAgent', 'RandomAgent']",76,75,AgentMechanismInterface,False,False,True,2,0.31563714519143105,0.15,False,False,"(4, 76, 23)",,2,False,,"(4, 76, 23)",3ad507e6-85d7-48ff-aab0-725782e4bf8a,0,[]
1409,failed,"['02Dec@1', '05Dec@2']","['DecentralizingAgent', 'DecentralizingAgent']",76,75,AgentMechanismInterface,False,False,True,2,0.2668774574995041,0.15,True,False,,,2,False,,,e26adac2-ff1c-4fc1-a40d-ac098c4c8673,0,[]
1410,failed,"['02Dec@1', '04Ran@2']","['DecentralizingAgent', 'RandomAgent']",76,75,AgentMechanismInterface,False,False,True,2,0.08682251814752817,0.15,False,False,"(5, 76, 42)",,2,False,,"(5, 76, 42)",147c81e8-e373-4d4f-8ec2-fbd5e100f86c,0,"[('147c81e8-e373-4d4f-8ec2-fbd5e100f86c', (5, 76, 42))]"
1411,failed,"['02Dec@1', '04Ran@2']","['DecentralizingAgent', 'RandomAgent']",76,75,AgentMechanismInterface,False,False,True,10,0.3395033050328493,0.55,False,False,"(11, 81, 42)",,2,False,,"(11, 81, 42)",eb0b67d2-2449-4f47-95c8-e9eeb526037b,0,[]
1412,failed,"['02Dec@1', '04Ran@2']","['DecentralizingAgent', 'RandomAgent']",76,75,AgentMechanismInterface,False,False,True,13,0.13523470796644688,0.7,False,False,"(3, 84, 39)",,2,False,,"(3, 84, 39)",3a823a5e-d65c-44c5-9cbb-d445cb0a5473,0,[]
1413,failed,"['02Dec@1', '04Ran@2']","['DecentralizingAgent', 'RandomAgent']",76,75,AgentMechanismInterface,False,False,True,13,0.2917761104181409,0.7,False,False,"(20, 81, 38)",,2,False,,"(20, 81, 38)",a118d4a8-a364-47bb-b9ab-b05d064b6bc7,0,"[('a118d4a8-a364-47bb-b9ab-b05d064b6bc7', (20, 81, 38))]"
1414,failed,"['04Ran@2', '02Dec@1']","['RandomAgent', 'DecentralizingAgent']",76,75,AgentMechanismInterface,False,False,True,14,0.4064585343003273,0.75,False,False,"(2, 78, 17)",,2,False,,"(2, 78, 17)",882c20c4-bd2b-4262-af13-b97ec9146832,0,"[('882c20c4-bd2b-4262-af13-b97ec9146832', (2, 78, 17))]"
1415,failed,"['02Dec@1', '05Dec@2']","['DecentralizingAgent', 'DecentralizingAgent']",76,75,AgentMechanismInterface,False,False,True,17,0.37407839484512806,0.9,False,False,"(11, 86, 32)",,2,False,,"(11, 86, 32)",dfc22f94-7b56-4976-af0c-40ff3f69fd27,0,"[('dfc22f94-7b56-4976-af0c-40ff3f69fd27', (11, 86, 32))]"
1416,failed,"['00Ind@0', '03MyA@1']","['IndDecentralizingAgent', 'MyAgent']",76,75,AgentMechanismInterface,False,False,True,17,0.3938479330390692,0.9,False,False,"(1, 81, 24)",,2,False,,"(1, 81, 24)",d069439b-a66d-4bae-9064-276fbf5b71c8,0,"[('d069439b-a66d-4bae-9064-276fbf5b71c8', (1, 81, 24))]"
1417,failed,"['00Ind@0', '02Dec@1']","['IndDecentralizingAgent', 'DecentralizingAgent']",76,75,AgentMechanismInterface,False,False,True,17,0.3948203632608056,0.9,False,False,"(1, 86, 24)",,2,False,,"(1, 86, 24)",e263f482-8214-49c8-8443-12880cf67353,0,"[('e263f482-8214-49c8-8443-12880cf67353', (1, 86, 24))]"
1418,failed,"['02Dec@1', '05Dec@2']","['DecentralizingAgent', 'DecentralizingAgent']",76,75,AgentMechanismInterface,False,False,True,17,0.2720016539096832,0.9,False,False,"(5, 81, 31)",,2,False,,"(5, 81, 31)",b19fa8a2-5dad-4c9f-aa75-36ba28687251,0,"[('b19fa8a2-5dad-4c9f-aa75-36ba28687251', (5, 81, 31))]"
1419,failed,"['02Dec@1', '05Dec@2']","['DecentralizingAgent', 'DecentralizingAgent']",77,76,AgentMechanismInterface,False,False,True,2,0.12434144224971533,0.15,False,False,"(38, 77, 21)",,2,False,,"(38, 77, 21)",ccb90b67-1faf-411a-aaf1-48537aeee777,0,[]
1420,failed,"['05Dec@2', '02Dec@1']","['DecentralizingAgent', 'DecentralizingAgent']",77,76,AgentMechanismInterface,False,False,True,2,0.09211085736751556,0.15,True,False,,,2,False,,"(10, 81, 21)",a04c5433-00b0-4d54-a3f9-d6a8b1d6ce1a,0,[]
1421,failed,"['02Dec@1', '05Dec@2']","['DecentralizingAgent', 'DecentralizingAgent']",77,76,AgentMechanismInterface,False,False,True,2,0.040008217096328735,0.15,True,False,,,2,False,,,fcfe6a53-a747-4d61-acde-0355483c833b,0,[]
1422,failed,"['04Ran@2', '02Dec@1']","['RandomAgent', 'DecentralizingAgent']",77,76,AgentMechanismInterface,False,False,True,2,0.06671127490699291,0.15,True,False,,,2,False,,,5fafbdf9-eb43-4562-8a3f-745d704f04fa,0,[]
1423,failed,"['03MyA@1', '00Ind@0']","['MyAgent', 'IndDecentralizingAgent']",77,76,AgentMechanismInterface,False,False,True,2,0.24636624287813902,0.15,False,False,"(69, 87, 16)",,2,False,,"(69, 87, 16)",7a5c8d41-b1e0-4f11-ac01-2de9aee2ba2c,0,"[('7a5c8d41-b1e0-4f11-ac01-2de9aee2ba2c', (69, 87, 16))]"
1424,failed,"['05Dec@2', '02Dec@1']","['DecentralizingAgent', 'DecentralizingAgent']",77,76,AgentMechanismInterface,False,False,True,2,0.09162278473377228,0.15,False,False,"(10, 81, 21)",,2,False,,"(10, 81, 21)",dc89735f-497c-4cef-9afb-0876c1bdab4b,0,[]
1425,failed,"['02Dec@1', '05Dec@2']","['DecentralizingAgent', 'DecentralizingAgent']",77,76,AgentMechanismInterface,False,False,True,2,0.06787336990237236,0.15,True,False,,,2,False,,,00614b14-87bd-42aa-8f94-f084bdaa95b5,0,[]
1426,failed,"['02Dec@1', '05Dec@2']","['DecentralizingAgent', 'DecentralizingAgent']",77,76,AgentMechanismInterface,False,False,True,2,0.0479410532861948,0.15,True,False,,,2,False,,"(10, 82, 42)",c6f0a792-8b66-465f-8a1a-8e9f264b9d4a,0,[]
1427,failed,"['03MyA@1', '00Ind@0']","['MyAgent', 'IndDecentralizingAgent']",77,76,AgentMechanismInterface,False,False,True,2,0.055739330127835274,0.15,True,False,,,2,False,,,cd8d4c24-7cdc-483b-8689-9b86f51f0d50,0,[]
1428,failed,"['05Dec@2', '02Dec@1']","['DecentralizingAgent', 'DecentralizingAgent']",77,76,AgentMechanismInterface,False,False,True,2,0.13213656097650528,0.15,False,False,"(15, 81, 21)",,2,False,,"(15, 81, 21)",9d1f4df4-5902-4711-8294-20f7ea45fe59,0,[]
1429,failed,"['02Dec@1', '01Ran@0']","['DecentralizingAgent', 'RandomAgent']",77,76,AgentMechanismInterface,False,False,True,2,0.13680259138345718,0.15,False,False,"(1, 82, 2)",,2,False,,"(1, 82, 2)",4d068372-80c3-4014-8bc4-d3e90e9d321a,0,[]
1430,failed,"['03MyA@1', '00Ind@0']","['MyAgent', 'IndDecentralizingAgent']",77,76,AgentMechanismInterface,False,False,True,8,0.1318558705970645,0.45,False,False,"(14, 81, 16)",,2,False,,"(14, 81, 16)",db93578c-af99-431f-9f27-17844b9a5173,0,[]
1431,failed,"['02Dec@1', '04Ran@2']","['DecentralizingAgent', 'RandomAgent']",77,76,AgentMechanismInterface,False,False,True,12,0.1593778682872653,0.65,False,False,"(2, 82, 40)",,2,False,,"(2, 82, 40)",d56b670e-bf62-4af8-9619-19a703a8d027,0,"[('d56b670e-bf62-4af8-9619-19a703a8d027', (2, 82, 40))]"
1432,failed,"['02Dec@1', '04Ran@2']","['DecentralizingAgent', 'RandomAgent']",77,76,AgentMechanismInterface,False,False,True,15,0.19304345548152924,0.8,False,False,"(6, 77, 42)",,2,False,,"(6, 77, 42)",a312eb74-d35c-476c-a32e-496b4932fa34,0,"[('a312eb74-d35c-476c-a32e-496b4932fa34', (6, 77, 42))]"
1433,failed,"['02Dec@1', '05Dec@2']","['DecentralizingAgent', 'DecentralizingAgent']",77,76,AgentMechanismInterface,False,False,True,17,0.18045198917388916,0.9,False,False,"(5, 83, 31)",,2,False,,"(5, 83, 31)",d1701f8a-db7a-42ed-aaf7-9e6dcb9483e4,0,"[('d1701f8a-db7a-42ed-aaf7-9e6dcb9483e4', (5, 83, 31))]"
1434,failed,"['05Dec@2', '02Dec@1']","['DecentralizingAgent', 'DecentralizingAgent']",78,77,AgentMechanismInterface,False,False,True,2,0.06693538650870323,0.15,True,False,,,2,False,,"(15, 81, 21)",dc8aaa49-b5b8-4413-8392-03110cd6ca02,0,[]
1435,failed,"['02Dec@1', '01Ran@0']","['DecentralizingAgent', 'RandomAgent']",78,77,AgentMechanismInterface,False,False,True,2,0.11747942492365837,0.15,True,False,,,2,False,,,5fac833d-c534-4831-a27d-fe76baa4a4de,0,[]
1436,failed,"['03MyA@1', '00Ind@0']","['MyAgent', 'IndDecentralizingAgent']",78,77,AgentMechanismInterface,False,False,True,2,0.08406525570899248,0.15,True,False,,,2,False,,,ecc5e47f-8b7f-4eab-b215-22bcf0f2df08,0,[]
1437,failed,"['02Dec@1', '05Dec@2']","['DecentralizingAgent', 'DecentralizingAgent']",78,77,AgentMechanismInterface,False,False,True,2,0.08403205871582031,0.15,False,False,"(10, 81, 21)",,2,False,,"(10, 81, 21)",8d118b02-3fb7-44a4-bff3-fe12772c9c1d,0,[]
1438,failed,"['02Dec@1', '05Dec@2']","['DecentralizingAgent', 'DecentralizingAgent']",78,77,AgentMechanismInterface,False,False,True,2,0.16194780264049768,0.15,True,False,,,2,False,,,9f6ed4ef-3ce0-4afa-9505-de4d637b7648,0,[]
1439,failed,"['02Dec@1', '04Ran@2']","['DecentralizingAgent', 'RandomAgent']",78,77,AgentMechanismInterface,False,False,True,9,0.1861085630953312,0.5,False,False,"(12, 83, 42)",,2,False,,"(12, 83, 42)",20452a19-d363-4b43-9bbb-6f0f3593f06f,0,[]
1440,failed,"['02Dec@1', '05Dec@2']","['DecentralizingAgent', 'DecentralizingAgent']",78,77,AgentMechanismInterface,False,False,True,9,0.1078486330807209,0.5,True,False,,,2,False,,"(12, 88, 21)",d916a6ce-f41d-4957-a300-9c785f7b1e8f,0,[]
1441,failed,"['02Dec@1', '01Ran@0']","['DecentralizingAgent', 'RandomAgent']",78,77,AgentMechanismInterface,False,False,True,12,0.14669371955096722,0.65,False,False,"(1, 78, 1)",,2,False,,"(1, 78, 1)",e0b4ab0f-b52e-460c-80a2-ded9f291220d,0,[]
1442,failed,"['00Ind@0', '02Dec@1']","['IndDecentralizingAgent', 'DecentralizingAgent']",78,77,AgentMechanismInterface,False,False,True,17,0.21755579486489296,0.9,False,False,"(13, 85, 25)",,2,False,,"(13, 85, 25)",4eb1e5c8-81b6-4857-9c73-6b01d9d32703,0,"[('4eb1e5c8-81b6-4857-9c73-6b01d9d32703', (13, 85, 25))]"
1443,failed,"['00Ind@0', '03MyA@1']","['IndDecentralizingAgent', 'MyAgent']",78,77,AgentMechanismInterface,False,False,True,17,0.20483204629272223,0.9,False,False,"(13, 86, 23)",,2,False,,"(13, 86, 23)",647b8fab-7edc-4d69-b92c-f9a0cc7a1e38,0,"[('647b8fab-7edc-4d69-b92c-f9a0cc7a1e38', (13, 86, 23))]"
1444,failed,"['02Dec@1', '00Ind@0']","['DecentralizingAgent', 'IndDecentralizingAgent']",78,77,AgentMechanismInterface,False,False,True,17,0.22537846956402063,0.9,False,False,"(3, 81, 8)",,2,False,,"(3, 81, 8)",d67b9665-f474-4a75-9ce9-d36b987e029d,0,"[('d67b9665-f474-4a75-9ce9-d36b987e029d', (3, 81, 8))]"
1445,failed,"['03MyA@1', '00Ind@0']","['MyAgent', 'IndDecentralizingAgent']",79,78,AgentMechanismInterface,False,False,True,2,0.10779972560703754,0.15,False,False,"(57, 89, 16)",,2,False,,"(57, 89, 16)",3bcc5ee8-de29-40c9-9792-0fd005c71261,0,"[('3bcc5ee8-de29-40c9-9792-0fd005c71261', (57, 89, 16))]"
1446,failed,"['02Dec@1', '04Ran@2']","['DecentralizingAgent', 'RandomAgent']",79,78,AgentMechanismInterface,False,False,True,2,0.005218829959630966,0.15,False,False,"(2, 79, 40)",,2,False,,"(2, 79, 40)",f2c748db-73f8-4847-b3fc-f7fe9e7aa521,0,[]
1447,failed,"['02Dec@1', '01Ran@0']","['DecentralizingAgent', 'RandomAgent']",79,78,AgentMechanismInterface,False,False,True,2,0.012546424753963947,0.15,True,False,,,2,False,,,99300292-7738-4948-ac35-79a01c5d7619,0,[]
1448,failed,"['05Dec@2', '02Dec@1']","['DecentralizingAgent', 'DecentralizingAgent']",79,78,AgentMechanismInterface,False,False,True,2,0.31354548782110214,0.15,False,False,"(40, 87, 21)",,2,False,,"(40, 87, 21)",ec7f051d-ea60-4bfd-934a-eb62326d4592,0,"[('ec7f051d-ea60-4bfd-934a-eb62326d4592', (40, 87, 21))]"
1449,failed,"['02Dec@1', '01Ran@0']","['DecentralizingAgent', 'RandomAgent']",79,78,AgentMechanismInterface,False,False,True,2,0.2176486114040017,0.15,False,False,"(9, 81, 12)",,2,False,,"(9, 81, 12)",4757e1e5-bcf6-4d74-91bb-85ac0edb6adb,0,"[('4757e1e5-bcf6-4d74-91bb-85ac0edb6adb', (9, 81, 12))]"
1450,failed,"['02Dec@1', '04Ran@2']","['DecentralizingAgent', 'RandomAgent']",79,78,AgentMechanismInterface,False,False,True,2,0.047345767728984356,0.15,True,False,,,2,False,,,c2df0599-260d-4734-a140-4690a974e9a3,0,[]
1451,failed,"['05Dec@2', '02Dec@1']","['DecentralizingAgent', 'DecentralizingAgent']",79,78,AgentMechanismInterface,False,False,True,2,0.05024134088307619,0.15,True,False,,,2,False,,,10284a62-d99f-42f5-9a24-b78bfbf46c92,0,[]
1452,failed,"['04Ran@2', '02Dec@1']","['RandomAgent', 'DecentralizingAgent']",79,78,AgentMechanismInterface,False,False,True,2,0.04815194942057133,0.15,True,False,,,2,False,,,9800c092-a89e-4171-b43c-5890d0e1f579,0,[]
1453,failed,"['02Dec@1', '05Dec@2']","['DecentralizingAgent', 'DecentralizingAgent']",79,78,AgentMechanismInterface,False,False,True,2,0.20014687720686197,0.15,True,False,,,2,False,,,6faabdc1-93dd-4f27-ae2e-b684e274021b,0,[]
1454,failed,"['02Dec@1', '01Ran@0']","['DecentralizingAgent', 'RandomAgent']",79,78,AgentMechanismInterface,False,False,True,10,0.39605955965816975,0.55,False,False,"(2, 82, 1)",,2,False,,"(2, 82, 1)",1f50c702-0862-4cc1-9a9b-09a0096c28cf,0,[]
1455,failed,"['02Dec@1', '04Ran@2']","['DecentralizingAgent', 'RandomAgent']",79,78,AgentMechanismInterface,False,False,True,11,0.24529294949024916,0.6,False,False,"(12, 88, 40)",,2,False,,"(12, 88, 40)",cf5b5680-b372-4617-8ae8-b9ea10496b7d,0,"[('cf5b5680-b372-4617-8ae8-b9ea10496b7d', (12, 88, 40))]"
1456,failed,"['02Dec@1', '05Dec@2']","['DecentralizingAgent', 'DecentralizingAgent']",79,78,AgentMechanismInterface,False,False,True,11,0.28204789105802774,0.6,True,False,,,2,False,,"(12, 87, 22)",3ec44cb3-c0a6-417d-82ac-b7bf99901b31,0,[]
1457,failed,"['02Dec@1', '04Ran@2']","['DecentralizingAgent', 'RandomAgent']",79,78,AgentMechanismInterface,False,False,True,15,0.13579016271978617,0.8,False,False,"(1, 88, 36)",,2,False,,"(1, 88, 36)",49b59d4e-be4c-4f6b-bb6f-fc9e415fccce,0,[]
1458,failed,"['00Ind@0', '03MyA@1']","['IndDecentralizingAgent', 'MyAgent']",79,78,AgentMechanismInterface,False,False,True,17,0.3881943402811885,0.9,False,False,"(16, 87, 23)",,2,False,,"(16, 87, 23)",ebd8917b-aafa-47e3-b8ab-c0f3b20eb566,0,[]
1459,failed,"['02Dec@1', '00Ind@0']","['DecentralizingAgent', 'IndDecentralizingAgent']",79,78,AgentMechanismInterface,False,False,True,17,0.46719328314065933,0.9,False,False,"(5, 81, 9)",,2,False,,"(5, 81, 9)",1632396d-a146-4324-9b08-7fc198296442,0,"[('1632396d-a146-4324-9b08-7fc198296442', (5, 81, 9))]"
1460,failed,"['02Dec@1', '05Dec@2']","['DecentralizingAgent', 'DecentralizingAgent']",79,78,AgentMechanismInterface,False,False,True,17,0.36306366696953773,0.9,False,False,"(2, 86, 32)",,2,False,,"(2, 86, 32)",ca22faf6-63ea-497b-ab09-538691b552e1,0,"[('ca22faf6-63ea-497b-ab09-538691b552e1', (2, 86, 32))]"
1461,failed,"['00Ind@0', '02Dec@1']","['IndDecentralizingAgent', 'DecentralizingAgent']",79,78,AgentMechanismInterface,False,False,True,17,0.33974270708858967,0.9,False,False,"(16, 86, 25)",,2,False,,"(16, 86, 25)",8602e98b-947e-434a-b597-f13777e6a0c7,0,[]
1462,failed,"['03MyA@1', '00Ind@0']","['MyAgent', 'IndDecentralizingAgent']",80,79,AgentMechanismInterface,False,False,True,2,0.15834524109959602,0.15,False,False,"(54, 90, 16)",,2,False,,"(54, 90, 16)",0e84cb61-83bb-4fb1-adbd-9922229196a5,0,"[('0e84cb61-83bb-4fb1-adbd-9922229196a5', (54, 90, 16))]"
1463,failed,"['02Dec@1', '04Ran@2']","['DecentralizingAgent', 'RandomAgent']",80,79,AgentMechanismInterface,False,False,True,2,0.18934006243944168,0.15,False,False,"(9, 80, 27)",,2,False,,"(9, 80, 27)",e4988a4d-ebf3-45c5-9e4d-5511649727b0,0,[]
1464,failed,"['02Dec@1', '00Ind@0']","['DecentralizingAgent', 'IndDecentralizingAgent']",80,79,AgentMechanismInterface,False,False,True,2,0.19544785004109144,0.15,True,False,,,2,False,,,06ccc859-4782-45a8-861d-ff2896567f0b,0,[]
1465,failed,"['02Dec@1', '05Dec@2']","['DecentralizingAgent', 'DecentralizingAgent']",80,79,AgentMechanismInterface,False,False,True,2,0.0658305324614048,0.15,True,False,,,2,False,,,b4471c17-c591-44ea-9791-d0aa18398b29,0,[]
1466,failed,"['02Dec@1', '01Ran@0']","['DecentralizingAgent', 'RandomAgent']",80,79,AgentMechanismInterface,False,False,True,2,0.03116789646446705,0.15,False,False,"(3, 85, 12)",,2,False,,"(3, 85, 12)",130a05da-6456-4164-ad58-81619dcfe384,0,[]
1467,failed,"['05Dec@2', '02Dec@1']","['DecentralizingAgent', 'DecentralizingAgent']",80,79,AgentMechanismInterface,False,False,True,2,0.10639063082635403,0.15,False,False,"(8, 84, 21)",,2,False,,"(8, 84, 21)",b542401b-fb1a-4bf4-8b7e-c2b2664fb543,0,[]
1468,failed,"['05Dec@2', '02Dec@1']","['DecentralizingAgent', 'DecentralizingAgent']",80,79,AgentMechanismInterface,False,False,True,2,0.09853495191782713,0.15,True,False,,,2,False,,,57f9d415-7007-43ae-a117-be0befbde7e9,0,[]
1469,failed,"['02Dec@1', '00Ind@0']","['DecentralizingAgent', 'IndDecentralizingAgent']",80,79,AgentMechanismInterface,False,False,True,2,0.07814832963049412,0.15,True,False,,,2,False,,,b4fe1409-e88e-4ecd-89eb-ff23d4c70430,0,[]
1470,failed,"['02Dec@1', '04Ran@2']","['DecentralizingAgent', 'RandomAgent']",80,79,AgentMechanismInterface,False,False,True,9,0.2516413712874055,0.5,False,False,"(5, 85, 42)",,2,False,,"(5, 85, 42)",2bb27560-0423-4d27-a32b-f2d3ff743766,0,[]
1471,failed,"['02Dec@1', '05Dec@2']","['DecentralizingAgent', 'DecentralizingAgent']",80,79,AgentMechanismInterface,False,False,True,10,0.3029281636700034,0.55,True,False,,,2,False,,"(2, 90, 21)",7e449f7f-de7c-421b-960c-6443dc31dfb4,0,[]
1472,failed,"['02Dec@1', '04Ran@2']","['DecentralizingAgent', 'RandomAgent']",80,79,AgentMechanismInterface,False,False,True,11,0.15922547969967127,0.6,False,False,"(12, 84, 41)",,2,False,,"(12, 84, 41)",e6595c88-85cb-4078-810f-7ca28d6d27da,0,[]
1473,failed,"['02Dec@1', '05Dec@2']","['DecentralizingAgent', 'DecentralizingAgent']",80,79,AgentMechanismInterface,False,False,True,12,0.13472426682710648,0.65,True,False,,,2,False,,"(8, 88, 23)",4ea11fb8-c98d-4b60-8348-a288d29f1172,0,"[('4ea11fb8-c98d-4b60-8348-a288d29f1172', (8, 88, 23))]"
1474,failed,"['04Ran@2', '02Dec@1']","['RandomAgent', 'DecentralizingAgent']",80,79,AgentMechanismInterface,False,False,True,12,0.30328671261668205,0.65,False,False,"(5, 80, 19)",,2,False,,"(5, 80, 19)",d48817c1-ba08-4a0a-a19d-1f003b214b4b,0,"[('d48817c1-ba08-4a0a-a19d-1f003b214b4b', (5, 80, 19))]"
1475,failed,"['05Dec@2', '02Dec@1']","['DecentralizingAgent', 'DecentralizingAgent']",80,79,AgentMechanismInterface,False,False,True,17,0.36603001691401005,0.9,False,False,"(8, 84, 10)",,2,False,,"(8, 84, 10)",990973cd-0902-4135-846e-6d6b590904c8,0,"[('990973cd-0902-4135-846e-6d6b590904c8', (8, 84, 10))]"
1476,failed,"['00Ind@0', '02Dec@1']","['IndDecentralizingAgent', 'DecentralizingAgent']",80,79,AgentMechanismInterface,False,False,True,17,0.2292368346825242,0.9,False,False,"(1, 90, 24)",,2,False,,"(1, 90, 24)",61a38341-3ea5-4de1-997c-2f7580fb44a9,0,"[('61a38341-3ea5-4de1-997c-2f7580fb44a9', (1, 90, 24))]"
1477,failed,"['00Ind@0', '03MyA@1']","['IndDecentralizingAgent', 'MyAgent']",80,79,AgentMechanismInterface,False,False,True,17,0.2738595148548484,0.9,False,False,"(1, 85, 24)",,2,False,,"(1, 85, 24)",bca54ea6-3cf6-47de-95b8-408518c700bc,0,"[('bca54ea6-3cf6-47de-95b8-408518c700bc', (1, 85, 24))]"
1478,failed,"['02Dec@1', '00Ind@0']","['DecentralizingAgent', 'IndDecentralizingAgent']",81,80,AgentMechanismInterface,False,False,True,2,0.12133119255304337,0.15,True,False,,,2,False,,,362b43f5-2170-49cc-a968-e7bb4fdd14d6,0,[]
1479,failed,"['02Dec@1', '04Ran@2']","['DecentralizingAgent', 'RandomAgent']",81,80,AgentMechanismInterface,False,False,True,2,0.07555553410202265,0.15,False,False,"(2, 84, 23)",,2,False,,"(2, 84, 23)",f56b0d88-7bd1-40db-8c15-bbc79aa561af,0,"[('f56b0d88-7bd1-40db-8c15-bbc79aa561af', (2, 84, 23))]"
1480,failed,"['03MyA@1', '00Ind@0']","['MyAgent', 'IndDecentralizingAgent']",81,80,AgentMechanismInterface,False,False,True,2,0.29500303603708744,0.15,False,False,"(69, 91, 16)",,2,False,,"(69, 91, 16)",7b696892-38b6-460e-a329-8964ae52e4a0,0,"[('7b696892-38b6-460e-a329-8964ae52e4a0', (69, 91, 16))]"
1481,failed,"['02Dec@1', '00Ind@0']","['DecentralizingAgent', 'IndDecentralizingAgent']",81,80,AgentMechanismInterface,False,False,True,2,0.19617925211787224,0.15,False,False,"(20, 91, 16)",,2,False,,"(20, 91, 16)",da18b9e7-0f0e-45e3-b122-f6e7f69de0bd,0,"[('da18b9e7-0f0e-45e3-b122-f6e7f69de0bd', (20, 91, 16))]"
1482,failed,"['02Dec@1', '01Ran@0']","['DecentralizingAgent', 'RandomAgent']",81,80,AgentMechanismInterface,False,False,True,2,0.08952465746551752,0.15,True,False,,,2,False,,,2a1ede09-9dc5-4962-bd36-6f62e0acc5af,0,[]
1483,failed,"['05Dec@2', '02Dec@1']","['DecentralizingAgent', 'DecentralizingAgent']",81,80,AgentMechanismInterface,False,False,True,2,0.07127850223332644,0.15,False,False,"(10, 85, 21)",,2,False,,"(10, 85, 21)",118854f5-06bb-4561-aa3d-ba950e9f6819,0,"[('118854f5-06bb-4561-aa3d-ba950e9f6819', (10, 85, 21))]"
1484,failed,"['02Dec@1', '01Ran@0']","['DecentralizingAgent', 'RandomAgent']",81,80,AgentMechanismInterface,False,False,True,2,0.06110801734030247,0.15,False,False,"(6, 85, 15)",,2,False,,"(6, 85, 15)",dc7808bd-dfef-4c74-91a3-c2af74817a17,0,[]
1485,failed,"['02Dec@1', '05Dec@2']","['DecentralizingAgent', 'DecentralizingAgent']",81,80,AgentMechanismInterface,False,False,True,2,0.08491580188274384,0.15,True,False,,,2,False,,,803b1119-e7c7-4f38-a867-30d87a97a5a2,0,[]
1486,failed,"['02Dec@1', '04Ran@2']","['DecentralizingAgent', 'RandomAgent']",81,80,AgentMechanismInterface,False,False,True,2,0.07090788148343563,0.15,False,False,"(24, 81, 24)",,2,False,,"(24, 81, 24)",bd19498f-ea54-4f95-bf5f-bf7020c43894,0,[]
1487,failed,"['02Dec@1', '04Ran@2']","['DecentralizingAgent', 'RandomAgent']",81,80,AgentMechanismInterface,False,False,True,11,0.4280192395672202,0.6,False,False,"(8, 83, 42)",,2,False,,"(8, 83, 42)",afc38005-d831-4645-869c-b23679bdf6ca,0,"[('afc38005-d831-4645-869c-b23679bdf6ca', (8, 83, 42))]"
1488,failed,"['02Dec@1', '01Ran@0']","['DecentralizingAgent', 'RandomAgent']",81,80,AgentMechanismInterface,False,False,True,12,0.18897774443030357,0.65,False,False,"(4, 81, 3)",,2,False,,"(4, 81, 3)",5cfccabe-500e-4b95-9b3e-c2db177e5f32,0,"[('5cfccabe-500e-4b95-9b3e-c2db177e5f32', (4, 81, 3))]"
1489,failed,"['02Dec@1', '00Ind@0']","['DecentralizingAgent', 'IndDecentralizingAgent']",81,80,AgentMechanismInterface,False,False,True,12,0.16684569511562586,0.65,True,False,,,2,False,,"(4, 85, 14)",23163ff6-40ab-4d09-b153-4b7a2ef6fe6e,0,"[('23163ff6-40ab-4d09-b153-4b7a2ef6fe6e', (4, 85, 14))]"
1490,failed,"['02Dec@1', '04Ran@2']","['DecentralizingAgent', 'RandomAgent']",81,80,AgentMechanismInterface,False,False,True,13,0.2814242383465171,0.7,False,False,"(4, 86, 40)",,2,False,,"(4, 86, 40)",7620da2e-62c6-480c-95ea-6c7541560142,0,[]
1491,failed,"['02Dec@1', '04Ran@2']","['DecentralizingAgent', 'RandomAgent']",81,80,AgentMechanismInterface,False,False,True,14,0.18310608807951212,0.75,False,False,"(4, 87, 40)",,2,False,,"(4, 87, 40)",4a3a0413-fc6d-45cb-a6d6-3e2d639a6204,0,[]
1492,failed,"['04Ran@2', '02Dec@1']","['RandomAgent', 'DecentralizingAgent']",81,80,AgentMechanismInterface,False,False,True,15,0.2241056365892291,0.8,False,False,"(7, 84, 18)",,2,False,,"(7, 84, 18)",f504662f-2df2-4590-88aa-bc5eba488f6b,0,"[('f504662f-2df2-4590-88aa-bc5eba488f6b', (7, 84, 18))]"
1493,failed,"['00Ind@0', '02Dec@1']","['IndDecentralizingAgent', 'DecentralizingAgent']",81,80,AgentMechanismInterface,False,False,True,17,0.3170994194224477,0.9,False,False,"(12, 90, 23)",,2,False,,"(12, 90, 23)",2f79f011-2e20-41d8-940d-d2dfabc1c85a,0,"[('2f79f011-2e20-41d8-940d-d2dfabc1c85a', (12, 90, 23))]"
1494,failed,"['02Dec@1', '05Dec@2']","['DecentralizingAgent', 'DecentralizingAgent']",81,80,AgentMechanismInterface,False,False,True,17,0.3483977736905217,0.9,False,False,"(10, 88, 32)",,2,False,,"(10, 88, 32)",166a67ca-488d-427a-a223-1341b2ff00ab,0,"[('166a67ca-488d-427a-a223-1341b2ff00ab', (10, 88, 32))]"
1495,failed,"['00Ind@0', '03MyA@1']","['IndDecentralizingAgent', 'MyAgent']",81,80,AgentMechanismInterface,False,False,True,17,0.35089909471571445,0.9,False,False,"(12, 87, 25)",,2,False,,"(12, 87, 25)",9a239eeb-7856-4ddd-b71a-2df33c521fd3,0,"[('9a239eeb-7856-4ddd-b71a-2df33c521fd3', (12, 87, 25))]"
1496,failed,"['02Dec@1', '05Dec@2']","['DecentralizingAgent', 'DecentralizingAgent']",81,80,AgentMechanismInterface,False,False,True,17,0.2954326681792736,0.9,False,False,"(7, 86, 31)",,2,False,,"(7, 86, 31)",87c99718-8e11-4135-8261-ec96d12490de,0,"[('87c99718-8e11-4135-8261-ec96d12490de', (7, 86, 31))]"
1497,failed,"['02Dec@1', '05Dec@2']","['DecentralizingAgent', 'DecentralizingAgent']",81,80,AgentMechanismInterface,False,False,True,17,0.32775031868368387,0.9,False,False,"(5, 89, 32)",,2,False,,"(5, 89, 32)",d1437019-fbe2-4fd9-87c4-6cdd88dcd8ff,0,"[('d1437019-fbe2-4fd9-87c4-6cdd88dcd8ff', (5, 89, 32))]"
1498,failed,"['02Dec@1', '01Ran@0']","['DecentralizingAgent', 'RandomAgent']",82,81,AgentMechanismInterface,False,False,True,2,0.1102278595790267,0.15,True,False,,,2,False,,,01414cf7-3ee8-434b-bc43-94d40ba25d97,0,[]
1499,failed,"['02Dec@1', '00Ind@0']","['DecentralizingAgent', 'IndDecentralizingAgent']",82,81,AgentMechanismInterface,False,False,True,2,0.19466677960008383,0.15,True,False,,,2,False,,"(4, 89, 16)",4c0004a3-63e8-45d8-8b99-ab1360c4ca40,0,[]
1500,failed,"['02Dec@1', '05Dec@2']","['DecentralizingAgent', 'DecentralizingAgent']",82,81,AgentMechanismInterface,False,False,True,2,0.17409360222518444,0.15,False,False,"(11, 82, 21)",,2,False,,"(11, 82, 21)",99417b9d-dc03-4199-a2b8-4664669e5396,0,"[('99417b9d-dc03-4199-a2b8-4664669e5396', (11, 82, 21))]"
1501,failed,"['03MyA@1', '01Ran@0']","['MyAgent', 'RandomAgent']",82,81,AgentMechanismInterface,False,False,True,2,0.09474478662014008,0.15,False,False,"(52, 88, 5)",,2,False,,"(52, 88, 5)",651db7b8-e675-46ba-a0ac-b011b8f35bd6,0,[]
1502,failed,"['02Dec@1', '04Ran@2']","['DecentralizingAgent', 'RandomAgent']",82,81,AgentMechanismInterface,False,False,True,2,0.23125760443508625,0.15,False,False,"(19, 85, 42)",,2,False,,"(19, 85, 42)",0609c8ac-02ae-446b-8bdb-3514efdcab94,0,"[('0609c8ac-02ae-446b-8bdb-3514efdcab94', (19, 85, 42))]"
1503,failed,"['02Dec@1', '05Dec@2']","['DecentralizingAgent', 'DecentralizingAgent']",82,81,AgentMechanismInterface,False,False,True,2,0.03915208391845226,0.15,True,False,,,2,False,,,9b5b4b86-d388-44e5-9541-62cef33dda8b,0,[]
1504,failed,"['05Dec@2', '02Dec@1']","['DecentralizingAgent', 'DecentralizingAgent']",82,81,AgentMechanismInterface,False,False,True,2,0.20520950946956873,0.15,True,False,,,2,False,,,28837bdf-31dd-4d3f-943f-87ca29138550,0,[]
1505,failed,"['02Dec@1', '00Ind@0']","['DecentralizingAgent', 'IndDecentralizingAgent']",82,81,AgentMechanismInterface,False,False,True,2,0.1433072341606021,0.15,True,False,,,2,False,,"(1, 87, 16)",d0734f40-682a-4311-b115-12f3ef4a3cbb,0,[]
1506,failed,"['05Dec@2', '02Dec@1']","['DecentralizingAgent', 'DecentralizingAgent']",82,81,AgentMechanismInterface,False,False,True,2,0.06992695666849613,0.15,False,False,"(8, 86, 21)",,2,False,,"(8, 86, 21)",2745bb91-5906-4e6c-8b5a-168ba2dde417,0,"[('2745bb91-5906-4e6c-8b5a-168ba2dde417', (8, 86, 21))]"
1507,failed,"['02Dec@1', '01Ran@0']","['DecentralizingAgent', 'RandomAgent']",82,81,AgentMechanismInterface,False,False,True,2,0.15449358616024256,0.15,False,False,"(1, 83, 1)",,2,False,,"(1, 83, 1)",87788fe0-2e33-4efa-8f8a-4c97fbdb2165,0,[]
1508,failed,"['02Dec@1', '01Ran@0']","['DecentralizingAgent', 'RandomAgent']",82,81,AgentMechanismInterface,False,False,True,9,0.13198474422097206,0.5,False,False,"(1, 85, 1)",,2,False,,"(1, 85, 1)",962e6192-7f53-4612-af02-1d6a82466406,0,"[('962e6192-7f53-4612-af02-1d6a82466406', (1, 85, 1))]"
1509,failed,"['04Ran@2', '02Dec@1']","['RandomAgent', 'DecentralizingAgent']",82,81,AgentMechanismInterface,False,False,True,10,0.198241981677711,0.55,False,False,"(8, 83, 20)",,2,False,,"(8, 83, 20)",aecd76b9-0e80-41fc-b270-3c92bae77f97,0,"[('aecd76b9-0e80-41fc-b270-3c92bae77f97', (8, 83, 20))]"
1510,failed,"['02Dec@1', '04Ran@2']","['DecentralizingAgent', 'RandomAgent']",82,81,AgentMechanismInterface,False,False,True,12,0.3167070224881172,0.65,False,False,"(6, 92, 40)",,2,False,,"(6, 92, 40)",03a794c7-71d9-4b98-ae68-36e4ec926510,0,[]
1511,failed,"['02Dec@1', '01Ran@0']","['DecentralizingAgent', 'RandomAgent']",82,81,AgentMechanismInterface,False,False,True,12,0.1595888501033187,0.65,False,False,"(2, 84, 1)",,2,False,,"(2, 84, 1)",d870650e-5646-4e3d-92ac-6a2f5671c63c,0,"[('d870650e-5646-4e3d-92ac-6a2f5671c63c', (2, 84, 1))]"
1512,failed,"['02Dec@1', '05Dec@2']","['DecentralizingAgent', 'DecentralizingAgent']",82,81,AgentMechanismInterface,False,False,True,13,0.1751847481355071,0.7,True,False,,,2,False,,"(3, 92, 23)",d6717be3-092a-4190-b291-765ac03d2918,0,[]
1513,failed,"['02Dec@1', '01Ran@0']","['DecentralizingAgent', 'RandomAgent']",82,81,AgentMechanismInterface,False,False,True,14,0.37258115969598293,0.75,False,False,"(5, 87, 3)",,2,False,,"(5, 87, 3)",e6d77ed2-63cf-4496-bb36-4f7917577f8b,0,[]
1514,failed,"['02Dec@1', '00Ind@0']","['DecentralizingAgent', 'IndDecentralizingAgent']",82,81,AgentMechanismInterface,False,False,True,14,0.3280380265787244,0.75,True,False,,,2,False,,"(5, 82, 14)",459edea9-8082-4ac5-aea9-b4430cca14a8,0,[]
1515,failed,"['00Ind@0', '03MyA@1']","['IndDecentralizingAgent', 'MyAgent']",82,81,AgentMechanismInterface,False,False,True,17,0.4744416708126664,0.9,False,False,"(17, 88, 25)",,2,False,,"(17, 88, 25)",0ebd0728-53cc-4758-a967-d71e9f42715d,0,[]
1516,failed,"['02Dec@1', '00Ind@0']","['DecentralizingAgent', 'IndDecentralizingAgent']",82,81,AgentMechanismInterface,False,False,True,17,0.23641462996602058,0.9,False,False,"(4, 84, 8)",,2,False,,"(4, 84, 8)",363b9ad2-39a7-4a10-96eb-0cba01a7fe5f,0,"[('363b9ad2-39a7-4a10-96eb-0cba01a7fe5f', (4, 84, 8))]"
1517,failed,"['00Ind@0', '02Dec@1']","['IndDecentralizingAgent', 'DecentralizingAgent']",82,81,AgentMechanismInterface,False,False,True,17,0.3746551042422652,0.9,False,False,"(17, 91, 23)",,2,False,,"(17, 91, 23)",24f7ebf6-c625-4aa3-84ef-12a0799dd9a9,0,[]
1518,failed,"['02Dec@1', '00Ind@0']","['DecentralizingAgent', 'IndDecentralizingAgent']",82,81,AgentMechanismInterface,False,False,True,17,0.3379269065335393,0.9,False,False,"(5, 84, 9)",,2,False,,"(5, 84, 9)",7b7d55ad-3790-4c20-a544-7c274a14bd02,0,"[('7b7d55ad-3790-4c20-a544-7c274a14bd02', (5, 84, 9))]"
1519,failed,"['02Dec@1', '00Ind@0']","['DecentralizingAgent', 'IndDecentralizingAgent']",83,82,AgentMechanismInterface,False,False,True,2,0.08086274098604918,0.15,False,False,"(20, 92, 16)",,2,False,,"(20, 92, 16)",b9cf37f2-3494-42c5-9df0-0697b041d019,0,"[('b9cf37f2-3494-42c5-9df0-0697b041d019', (20, 92, 16))]"
1520,failed,"['02Dec@1', '00Ind@0']","['DecentralizingAgent', 'IndDecentralizingAgent']",83,82,AgentMechanismInterface,False,False,True,2,0.2116840025410056,0.15,True,False,,,2,False,,,45c66e40-dddd-42bb-84c9-4432cf4261f1,0,[]
1521,failed,"['02Dec@1', '00Ind@0']","['DecentralizingAgent', 'IndDecentralizingAgent']",83,82,AgentMechanismInterface,False,False,True,2,0.20776510518044233,0.15,True,False,,,2,False,,,e2870a3e-22ed-45f0-9b81-1fe871471348,0,[]
1522,failed,"['03MyA@1', '01Ran@0']","['MyAgent', 'RandomAgent']",83,82,AgentMechanismInterface,False,False,True,2,0.16884009819477797,0.15,False,False,"(14, 85, 6)",,2,False,,"(14, 85, 6)",2ccd5161-f9d9-49ac-ab0e-07fa221ee363,0,"[('2ccd5161-f9d9-49ac-ab0e-07fa221ee363', (14, 85, 6))]"
1523,failed,"['05Dec@2', '02Dec@1']","['DecentralizingAgent', 'DecentralizingAgent']",83,82,AgentMechanismInterface,False,False,True,2,0.18444063793867826,0.15,True,False,,,2,False,,,f3354fd7-6cb2-4e1f-9f5d-fd2cba02cdf2,0,[]
1524,failed,"['02Dec@1', '04Ran@2']","['DecentralizingAgent', 'RandomAgent']",83,82,AgentMechanismInterface,False,False,True,2,0.13192837685346603,0.15,False,False,"(3, 83, 40)",,2,False,,"(3, 83, 40)",fb3adc74-42b0-479f-b346-c810b8e62b60,0,[]
1525,failed,"['02Dec@1', '01Ran@0']","['DecentralizingAgent', 'RandomAgent']",83,82,AgentMechanismInterface,False,False,True,2,0.201823266223073,0.15,True,False,,,2,False,,,e1674def-5158-4ca7-a76b-07ad26da8c23,0,[]
1526,failed,"['03MyA@1', '01Ran@0']","['MyAgent', 'RandomAgent']",83,82,AgentMechanismInterface,False,False,True,2,0.13275467604398727,0.15,True,False,,,2,False,,,2061b8fd-8526-4442-9484-253f5b17069b,0,[]
1527,failed,"['02Dec@1', '05Dec@2']","['DecentralizingAgent', 'DecentralizingAgent']",83,82,AgentMechanismInterface,False,False,True,2,0.15405115205794573,0.15,True,False,,,2,False,,,315036ab-ca28-4f3f-8ba9-905e22bec49f,0,[]
1528,failed,"['02Dec@1', '00Ind@0']","['DecentralizingAgent', 'IndDecentralizingAgent']",83,82,AgentMechanismInterface,False,False,True,2,0.22456352785229683,0.15,True,False,,,2,False,,"(2, 90, 16)",be92b2f7-ea50-42df-bbd8-6bceb7a06c3a,0,[]
1529,failed,"['04Ran@2', '02Dec@1']","['RandomAgent', 'DecentralizingAgent']",83,82,AgentMechanismInterface,False,False,True,7,0.2788822827860713,0.4,False,False,"(12, 86, 21)",,2,False,,"(12, 86, 21)",3fb06462-e86a-4048-88d6-706211f9ac27,0,[]
1530,failed,"['02Dec@1', '01Ran@0']","['DecentralizingAgent', 'RandomAgent']",83,82,AgentMechanismInterface,False,False,True,9,0.26616097893565893,0.5,False,False,"(3, 85, 1)",,2,False,,"(3, 85, 1)",3ab31eb9-065f-4fc9-9cd2-f60f750d20b7,0,"[('3ab31eb9-065f-4fc9-9cd2-f60f750d20b7', (3, 85, 1))]"
1531,failed,"['02Dec@1', '04Ran@2']","['DecentralizingAgent', 'RandomAgent']",83,82,AgentMechanismInterface,False,False,True,11,0.20598370023071766,0.6,False,False,"(4, 92, 42)",,2,False,,"(4, 92, 42)",be753f57-7d0d-4c90-abf5-b13e035e3e94,0,"[('be753f57-7d0d-4c90-abf5-b13e035e3e94', (4, 92, 42))]"
1532,failed,"['02Dec@1', '04Ran@2']","['DecentralizingAgent', 'RandomAgent']",83,82,AgentMechanismInterface,False,False,True,13,0.34427052922546864,0.7,False,False,"(3, 87, 40)",,2,False,,"(3, 87, 40)",378382ac-97f7-435b-a82c-5536cb9c294e,0,[]
1533,failed,"['02Dec@1', '05Dec@2']","['DecentralizingAgent', 'DecentralizingAgent']",83,82,AgentMechanismInterface,False,False,True,17,0.31091577652841806,0.9,False,False,"(5, 92, 32)",,2,False,,"(5, 92, 32)",850405c0-06ea-4e01-8404-eecee7841b9a,0,"[('850405c0-06ea-4e01-8404-eecee7841b9a', (5, 92, 32))]"
1534,failed,"['00Ind@0', '03MyA@1']","['IndDecentralizingAgent', 'MyAgent']",83,82,AgentMechanismInterface,False,False,True,17,0.24394650757312775,0.9,False,False,"(17, 92, 23)",,2,False,,"(17, 92, 23)",e084b7c1-04cc-4a2f-b155-08f9533abfa5,0,[]
1535,failed,"['02Dec@1', '00Ind@0']","['DecentralizingAgent', 'IndDecentralizingAgent']",83,82,AgentMechanismInterface,False,False,True,17,0.3925348725169897,0.9,False,False,"(5, 87, 9)",,2,False,,"(5, 87, 9)",1b6a9196-5efe-47d4-8f1f-1ee773a7b548,0,"[('1b6a9196-5efe-47d4-8f1f-1ee773a7b548', (5, 87, 9))]"
1536,failed,"['02Dec@1', '05Dec@2']","['DecentralizingAgent', 'DecentralizingAgent']",83,82,AgentMechanismInterface,False,False,True,17,0.39564098697155714,0.9,False,False,"(6, 88, 31)",,2,False,,"(6, 88, 31)",2f5532fb-62aa-4966-9aa0-5584aa8742c6,0,"[('2f5532fb-62aa-4966-9aa0-5584aa8742c6', (6, 88, 31))]"
1537,failed,"['03MyA@1', '00Ind@0']","['MyAgent', 'IndDecentralizingAgent']",84,83,AgentMechanismInterface,False,False,True,2,0.18021659832447767,0.15,False,False,"(53, 94, 16)",,2,False,,"(53, 94, 16)",ff8e2649-411c-4fe6-a120-1f63b35bf8de,0,[]
1538,failed,"['03MyA@1', '00Ind@0']","['MyAgent', 'IndDecentralizingAgent']",84,83,AgentMechanismInterface,False,False,True,2,0.03523838892579079,0.15,True,False,,,2,False,,,56c6efd4-c0a7-4957-a117-778e6b8a7f87,0,[]
1539,failed,"['02Dec@1', '05Dec@2']","['DecentralizingAgent', 'DecentralizingAgent']",84,83,AgentMechanismInterface,False,False,True,2,0.013418637216091156,0.15,True,False,,,2,False,,,1ef535e2-c6b9-4216-a61e-4a7224f6bd5e,0,[]
1540,failed,"['02Dec@1', '04Ran@2']","['DecentralizingAgent', 'RandomAgent']",84,83,AgentMechanismInterface,False,False,True,2,0.2819836987182498,0.15,False,False,"(10, 85, 25)",,2,False,,"(10, 85, 25)",2412d39e-64f4-4fdc-9d10-e08d8290c47a,0,"[('2412d39e-64f4-4fdc-9d10-e08d8290c47a', (10, 85, 25))]"
1541,failed,"['05Dec@2', '02Dec@1']","['DecentralizingAgent', 'DecentralizingAgent']",84,83,AgentMechanismInterface,False,False,True,2,0.053701979108154774,0.15,False,False,"(9, 88, 21)",,2,False,,"(9, 88, 21)",6d4ce4dd-23c4-4bf1-91fa-48f555bc7a35,0,"[('6d4ce4dd-23c4-4bf1-91fa-48f555bc7a35', (9, 88, 21))]"
1542,failed,"['03MyA@1', '00Ind@0']","['MyAgent', 'IndDecentralizingAgent']",84,83,AgentMechanismInterface,False,False,True,2,0.277266688644886,0.15,False,False,"(39, 93, 16)",,2,False,,"(39, 93, 16)",c3ce658f-0ad9-4271-89c8-ee7d8d3840f3,0,[]
1543,failed,"['02Dec@1', '01Ran@0']","['DecentralizingAgent', 'RandomAgent']",84,83,AgentMechanismInterface,False,False,True,2,0.09575671888887882,0.15,False,False,"(1, 85, 10)",,2,False,,"(1, 85, 10)",99bf19ac-d7ba-42be-a8ed-2bd7a694897a,0,[]
1544,failed,"['05Dec@2', '02Dec@1']","['DecentralizingAgent', 'DecentralizingAgent']",84,83,AgentMechanismInterface,False,False,True,2,0.28052468597888947,0.15,True,False,,,2,False,,,a9ef8520-59d3-4804-9a8c-c97e823e8475,0,[]
1545,failed,"['02Dec@1', '04Ran@2']","['DecentralizingAgent', 'RandomAgent']",84,83,AgentMechanismInterface,False,False,True,2,0.06503653060644865,0.15,False,False,"(15, 84, 35)",,2,False,,"(15, 84, 35)",4de1759c-425c-41a6-b5ff-16773f4eb319,0,"[('4de1759c-425c-41a6-b5ff-16773f4eb319', (15, 84, 35))]"
1546,failed,"['02Dec@1', '00Ind@0']","['DecentralizingAgent', 'IndDecentralizingAgent']",84,83,AgentMechanismInterface,False,False,True,2,0.055009507574141026,0.15,True,False,,,2,False,,,2a18f49c-5caa-40c4-8939-ebea968e4909,0,[]
1547,failed,"['02Dec@1', '04Ran@2']","['DecentralizingAgent', 'RandomAgent']",84,83,AgentMechanismInterface,False,False,True,10,0.36686576437205076,0.55,False,False,"(5, 94, 42)",,2,False,,"(5, 94, 42)",b88289b5-e21d-4b5d-b41f-46f4f56f2773,0,"[('b88289b5-e21d-4b5d-b41f-46f4f56f2773', (5, 94, 42))]"
1548,failed,"['02Dec@1', '01Ran@0']","['DecentralizingAgent', 'RandomAgent']",84,83,AgentMechanismInterface,False,False,True,11,0.3775007640942931,0.6,False,False,"(1, 88, 1)",,2,False,,"(1, 88, 1)",7049c500-b880-4472-847c-50636228a703,0,[]
1549,failed,"['02Dec@1', '05Dec@2']","['DecentralizingAgent', 'DecentralizingAgent']",84,83,AgentMechanismInterface,False,False,True,11,0.14440360851585865,0.6,True,False,,,2,False,,"(5, 89, 23)",ac8bb548-4e32-40d7-aba4-9bdf15250e13,0,"[('ac8bb548-4e32-40d7-aba4-9bdf15250e13', (5, 89, 23))]"
1550,failed,"['02Dec@1', '01Ran@0']","['DecentralizingAgent', 'RandomAgent']",84,83,AgentMechanismInterface,False,False,True,11,0.11852939985692501,0.6,False,False,"(5, 84, 2)",,2,False,,"(5, 84, 2)",42076a26-c585-4396-84a0-6d74bda6296c,0,[]
1551,failed,"['02Dec@1', '00Ind@0']","['DecentralizingAgent', 'IndDecentralizingAgent']",84,83,AgentMechanismInterface,False,False,True,11,0.17392438929527998,0.6,True,False,,,2,False,,"(5, 92, 15)",4a29a9bd-682d-4294-a732-04003f3f9ed6,0,[]
1552,failed,"['04Ran@2', '02Dec@1']","['RandomAgent', 'DecentralizingAgent']",84,83,AgentMechanismInterface,False,False,True,12,0.395182266831398,0.65,False,False,"(6, 84, 19)",,2,False,,"(6, 84, 19)",f769b3c1-2dc8-42f5-b6aa-f60c18d9ebc7,0,"[('f769b3c1-2dc8-42f5-b6aa-f60c18d9ebc7', (6, 84, 19))]"
1553,failed,"['02Dec@1', '00Ind@0']","['DecentralizingAgent', 'IndDecentralizingAgent']",84,83,AgentMechanismInterface,False,False,True,17,0.20374446269124746,0.9,False,False,"(5, 86, 8)",,2,False,,"(5, 86, 8)",567c496b-f344-4e03-a9a0-2b47e3e30e40,0,"[('567c496b-f344-4e03-a9a0-2b47e3e30e40', (5, 86, 8))]"
1554,failed,"['00Ind@0', '03MyA@1']","['IndDecentralizingAgent', 'MyAgent']",84,83,AgentMechanismInterface,False,False,True,17,0.2841156246140599,0.9,False,False,"(14, 92, 23)",,2,False,,"(14, 92, 23)",5ed6f42e-7339-43cf-9ccf-8f0b99658d11,0,"[('5ed6f42e-7339-43cf-9ccf-8f0b99658d11', (14, 92, 23))]"
1555,failed,"['03MyA@1', '00Ind@0']","['MyAgent', 'IndDecentralizingAgent']",85,84,AgentMechanismInterface,False,False,True,2,0.048056697472929955,0.15,True,False,,,2,False,,"(6, 92, 16)",a17eee6b-5b4c-461e-bdce-edc5376fe4d3,0,[]
1556,failed,"['05Dec@2', '02Dec@1']","['DecentralizingAgent', 'DecentralizingAgent']",85,84,AgentMechanismInterface,False,False,True,2,0.058289106003940105,0.15,True,False,,,2,False,,,f07c3a21-8661-48c6-80a4-338deb6ef99e,0,[]
1557,failed,"['02Dec@1', '01Ran@0']","['DecentralizingAgent', 'RandomAgent']",85,84,AgentMechanismInterface,False,False,True,2,0.0563133517280221,0.15,True,False,,,2,False,,,3ff0fc3f-2857-44df-b5ec-d763f30d86cf,0,[]
1558,failed,"['02Dec@1', '05Dec@2']","['DecentralizingAgent', 'DecentralizingAgent']",85,84,AgentMechanismInterface,False,False,True,2,0.045752035453915596,0.15,True,False,,,2,False,,,f36c9054-6987-41f4-905a-6f763fd60998,0,[]
1559,failed,"['02Dec@1', '05Dec@2']","['DecentralizingAgent', 'DecentralizingAgent']",85,84,AgentMechanismInterface,False,False,True,2,0.058794889599084854,0.15,True,False,,,2,False,,,f199b973-ee7d-446c-ae37-67c40b253771,0,[]
1560,failed,"['02Dec@1', '00Ind@0']","['DecentralizingAgent', 'IndDecentralizingAgent']",85,84,AgentMechanismInterface,False,False,True,2,0.027496040798723698,0.15,True,False,,,2,False,,,888272cb-24db-411a-a40a-33b17be2b710,0,[]
1561,failed,"['02Dec@1', '05Dec@2']","['DecentralizingAgent', 'DecentralizingAgent']",85,84,AgentMechanismInterface,False,False,True,2,0.035674018785357475,0.15,True,False,,,2,False,,"(9, 88, 21)",ca821e6c-6ab4-45b5-9264-26b2e367e026,0,[]
1562,failed,"['02Dec@1', '04Ran@2']","['DecentralizingAgent', 'RandomAgent']",85,84,AgentMechanismInterface,False,False,True,2,0.0967889716848731,0.15,False,False,"(8, 86, 34)",,2,False,,"(8, 86, 34)",05808b25-0f98-4450-bfa5-2f2aaa02c857,0,"[('05808b25-0f98-4450-bfa5-2f2aaa02c857', (8, 86, 34))]"
1563,failed,"['03MyA@1', '01Ran@0']","['MyAgent', 'RandomAgent']",85,84,AgentMechanismInterface,False,False,True,2,0.15176229644566774,0.15,False,False,"(56, 90, 2)",,2,False,,"(56, 90, 2)",df060cc6-23da-4eaf-b2ae-d041bb394acc,0,"[('df060cc6-23da-4eaf-b2ae-d041bb394acc', (56, 90, 2))]"
1564,failed,"['02Dec@1', '00Ind@0']","['DecentralizingAgent', 'IndDecentralizingAgent']",85,84,AgentMechanismInterface,False,False,True,2,0.09304780419915915,0.15,True,False,,,2,False,,"(2, 90, 16)",ba9557b7-f261-4963-be9e-a14efb8d2191,0,[]
1565,failed,"['05Dec@2', '02Dec@1']","['DecentralizingAgent', 'DecentralizingAgent']",85,84,AgentMechanismInterface,False,False,True,6,0.0737926634028554,0.35,False,False,"(5, 89, 21)",,2,False,,"(5, 89, 21)",a925b532-26b8-4855-b9e9-28c9dc0992b6,0,[]
1566,failed,"['02Dec@1', '04Ran@2']","['DecentralizingAgent', 'RandomAgent']",85,84,AgentMechanismInterface,False,False,True,13,0.16537798941135406,0.7,False,False,"(5, 90, 39)",,2,False,,"(5, 90, 39)",2a8205df-c894-4d84-aba3-629e6a3d387c,0,[]
1567,failed,"['04Ran@2', '02Dec@1']","['RandomAgent', 'DecentralizingAgent']",85,84,AgentMechanismInterface,False,False,True,13,0.13887960463762283,0.7,False,False,"(2, 85, 18)",,2,False,,"(2, 85, 18)",861c75ab-8898-43ee-a7e7-c9462af75ca8,0,"[('861c75ab-8898-43ee-a7e7-c9462af75ca8', (2, 85, 18))]"
1568,failed,"['02Dec@1', '01Ran@0']","['DecentralizingAgent', 'RandomAgent']",85,84,AgentMechanismInterface,False,False,True,13,0.20165439695119858,0.7,False,False,"(2, 88, 1)",,2,False,,"(2, 88, 1)",33939446-92e1-47dd-8412-880db53a2e35,0,"[('33939446-92e1-47dd-8412-880db53a2e35', (2, 88, 1))]"
1569,failed,"['02Dec@1', '05Dec@2']","['DecentralizingAgent', 'DecentralizingAgent']",85,84,AgentMechanismInterface,False,False,True,13,0.2930175568908453,0.7,True,False,,,2,False,,"(1, 95, 24)",c8f6fa81-0d37-4b94-b9c0-67276ba2fa5c,0,"[('c8f6fa81-0d37-4b94-b9c0-67276ba2fa5c', (1, 95, 24))]"
1570,failed,"['02Dec@1', '04Ran@2']","['DecentralizingAgent', 'RandomAgent']",85,84,AgentMechanismInterface,False,False,True,15,0.3023234158754349,0.8,False,False,"(2, 94, 37)",,2,False,,"(2, 94, 37)",f02f28aa-6736-4100-8d8d-9094394fd74c,0,"[('f02f28aa-6736-4100-8d8d-9094394fd74c', (2, 94, 37))]"
1571,failed,"['00Ind@0', '03MyA@1']","['IndDecentralizingAgent', 'MyAgent']",85,84,AgentMechanismInterface,False,False,True,17,0.24557360541075468,0.9,False,False,"(11, 91, 25)",,2,False,,"(11, 91, 25)",1daacbcf-0b7b-429f-a3a4-775d8277c221,0,"[('1daacbcf-0b7b-429f-a3a4-775d8277c221', (11, 91, 25))]"
1572,failed,"['02Dec@1', '05Dec@2']","['DecentralizingAgent', 'DecentralizingAgent']",85,84,AgentMechanismInterface,False,False,True,17,0.3832267979159951,0.9,False,False,"(5, 93, 32)",,2,False,,"(5, 93, 32)",aa42740f-3cdd-4f8a-91a8-38da3fb3e25e,0,"[('aa42740f-3cdd-4f8a-91a8-38da3fb3e25e', (5, 93, 32))]"
1573,failed,"['02Dec@1', '00Ind@0']","['DecentralizingAgent', 'IndDecentralizingAgent']",85,84,AgentMechanismInterface,False,False,True,17,0.3603071039542556,0.9,False,False,"(5, 88, 8)",,2,False,,"(5, 88, 8)",c35f8491-1ef8-49f5-84f9-e73fc38cac0c,0,"[('c35f8491-1ef8-49f5-84f9-e73fc38cac0c', (5, 88, 8))]"
1574,failed,"['05Dec@2', '02Dec@1']","['DecentralizingAgent', 'DecentralizingAgent']",86,85,AgentMechanismInterface,False,False,True,2,0.0675651766359806,0.15,False,False,"(11, 90, 21)",,2,False,,"(11, 90, 21)",ff72c14f-d719-4586-bffe-46b124125f52,0,[]
1575,failed,"['03MyA@1', '01Ran@0']","['MyAgent', 'RandomAgent']",86,85,AgentMechanismInterface,False,False,True,2,0.15079006925225258,0.15,False,False,"(41, 91, 7)",,2,False,,"(41, 91, 7)",a43b4e2c-f130-4ba4-9a45-e72584f0b111,0,[]
1576,failed,"['02Dec@1', '04Ran@2']","['DecentralizingAgent', 'RandomAgent']",86,85,AgentMechanismInterface,False,False,True,2,0.07638874650001526,0.15,False,False,"(40, 87, 31)",,2,False,,"(40, 87, 31)",d4a91006-102d-485a-9221-ee8089f2cdaf,0,"[('d4a91006-102d-485a-9221-ee8089f2cdaf', (40, 87, 31))]"
1577,failed,"['05Dec@2', '02Dec@1']","['DecentralizingAgent', 'DecentralizingAgent']",86,85,AgentMechanismInterface,False,False,True,2,0.0803627260029316,0.15,True,False,,,2,False,,,6be47b3a-f0c5-4e09-b23a-a1f0db28e62f,0,[]
1578,failed,"['02Dec@1', '05Dec@2']","['DecentralizingAgent', 'DecentralizingAgent']",86,85,AgentMechanismInterface,False,False,True,2,0.032944745384156704,0.15,True,False,,,2,False,,"(8, 86, 21)",e45a7b8d-f39f-468c-a71e-5d899f2ac7f6,0,[]
1579,failed,"['02Dec@1', '05Dec@2']","['DecentralizingAgent', 'DecentralizingAgent']",86,85,AgentMechanismInterface,False,False,True,2,0.06061718054115772,0.15,True,False,,,2,False,,"(9, 88, 21)",380d8e54-e7fd-4ea7-aeff-9debd6d13ab2,0,[]
1580,failed,"['03MyA@1', '01Ran@0']","['MyAgent', 'RandomAgent']",86,85,AgentMechanismInterface,False,False,True,2,0.0657550161704421,0.15,False,False,"(2, 86, 3)",,2,False,,"(2, 86, 3)",43f35e6c-7aff-4337-afcb-b28e4fd89942,0,[]
1581,failed,"['02Dec@1', '04Ran@2']","['DecentralizingAgent', 'RandomAgent']",86,85,AgentMechanismInterface,False,False,True,10,0.13759127818048,0.55,False,False,"(4, 95, 41)",,2,False,,"(4, 95, 41)",503d6a40-e73f-4582-9bd8-7034545ab3d1,0,"[('503d6a40-e73f-4582-9bd8-7034545ab3d1', (4, 95, 41))]"
1582,failed,"['02Dec@1', '04Ran@2']","['DecentralizingAgent', 'RandomAgent']",86,85,AgentMechanismInterface,False,False,True,13,0.09797629341483116,0.7,False,False,"(1, 90, 39)",,2,False,,"(1, 90, 39)",d6035572-d31f-4570-b3c3-16dd9570f23d,0,"[('d6035572-d31f-4570-b3c3-16dd9570f23d', (1, 90, 39))]"
1583,failed,"['04Ran@2', '02Dec@1']","['RandomAgent', 'DecentralizingAgent']",86,85,AgentMechanismInterface,False,False,True,14,0.17735258117318153,0.75,False,False,"(5, 90, 17)",,2,False,,"(5, 90, 17)",ec01709a-0868-4a18-86e3-ad11adada3f4,0,"[('ec01709a-0868-4a18-86e3-ad11adada3f4', (5, 90, 17))]"
1584,failed,"['02Dec@1', '05Dec@2']","['DecentralizingAgent', 'DecentralizingAgent']",86,85,AgentMechanismInterface,False,False,True,17,0.11788833234459162,0.9,False,False,"(5, 91, 31)",,2,False,,"(5, 91, 31)",fcee5dce-5834-42a6-8abe-b293f3176ccf,0,"[('fcee5dce-5834-42a6-8abe-b293f3176ccf', (5, 91, 31))]"
1585,failed,"['02Dec@1', '05Dec@2']","['DecentralizingAgent', 'DecentralizingAgent']",86,85,AgentMechanismInterface,False,False,True,17,0.1561861103400588,0.9,False,False,"(6, 92, 31)",,2,False,,"(6, 92, 31)",f38154f6-d2c1-4ad4-8643-c300deb8e89f,0,"[('f38154f6-d2c1-4ad4-8643-c300deb8e89f', (6, 92, 31))]"
1586,failed,"['02Dec@1', '05Dec@2']","['DecentralizingAgent', 'DecentralizingAgent']",87,86,AgentMechanismInterface,False,False,True,2,0.007376448251307011,0.15,True,False,,,2,False,,,74d24804-260d-43ce-92a3-58f02b1bf3ba,0,[]
1587,failed,"['02Dec@1', '04Ran@2']","['DecentralizingAgent', 'RandomAgent']",87,86,AgentMechanismInterface,False,False,True,2,0.035044475458562374,0.15,False,False,"(3, 88, 30)",,2,False,,"(3, 88, 30)",7669302b-9610-452b-9bba-7d035676155d,0,"[('7669302b-9610-452b-9bba-7d035676155d', (3, 88, 30))]"
1588,failed,"['03MyA@1', '00Ind@0']","['MyAgent', 'IndDecentralizingAgent']",87,86,AgentMechanismInterface,False,False,True,2,0.1173276137560606,0.15,False,False,"(18, 96, 16)",,2,False,,"(18, 96, 16)",b90a441f-ef04-4617-bd46-404f2a1925d8,0,[]
1589,failed,"['05Dec@2', '02Dec@1']","['DecentralizingAgent', 'DecentralizingAgent']",87,86,AgentMechanismInterface,False,False,True,2,0.10106872487813234,0.15,False,False,"(25, 96, 21)",,2,False,,"(25, 96, 21)",0915b38b-4e7d-4119-9075-11505b8685a6,0,[]
1590,failed,"['02Dec@1', '04Ran@2']","['DecentralizingAgent', 'RandomAgent']",87,86,AgentMechanismInterface,False,False,True,2,0.03944856394082308,0.15,False,False,"(10, 89, 37)",,2,False,,"(10, 89, 37)",ef4b07d4-82f5-4c82-ac1f-d66d8780ab96,0,[]
1591,failed,"['05Dec@2', '02Dec@1']","['DecentralizingAgent', 'DecentralizingAgent']",87,86,AgentMechanismInterface,False,False,True,2,0.05845508072525263,0.15,True,False,,,2,False,,"(6, 91, 21)",20adb3b4-af59-400d-aef4-c9a751e8b0b1,0,[]
1592,failed,"['03MyA@1', '00Ind@0']","['MyAgent', 'IndDecentralizingAgent']",87,86,AgentMechanismInterface,False,False,True,2,0.15790032036602497,0.15,True,False,,,2,False,,"(4, 92, 16)",58362697-3281-466a-8aff-6939e181cded,0,[]
1593,failed,"['02Dec@1', '04Ran@2']","['DecentralizingAgent', 'RandomAgent']",87,86,AgentMechanismInterface,False,False,True,13,0.07778372522443533,0.7,False,False,"(1, 92, 39)",,2,False,,"(1, 92, 39)",c2771b88-d17d-4d75-93a1-7c502b6473db,0,"[('c2771b88-d17d-4d75-93a1-7c502b6473db', (1, 92, 39))]"
1594,failed,"['02Dec@1', '05Dec@2']","['DecentralizingAgent', 'DecentralizingAgent']",87,86,AgentMechanismInterface,False,False,True,14,0.08549193292856216,0.75,True,False,,,2,False,,"(1, 97, 24)",45f2a983-fa48-4be0-9ec1-01c7b0f142f8,0,[]
1595,failed,"['02Dec@1', '05Dec@2']","['DecentralizingAgent', 'DecentralizingAgent']",88,87,AgentMechanismInterface,False,False,True,2,0.0977477878332138,0.15,False,False,"(11, 90, 21)",,2,False,,"(11, 90, 21)",4b1ebbe4-3fef-4aa9-a9ce-b9f4c994cb0b,0,[]
1596,failed,"['02Dec@1', '04Ran@2']","['DecentralizingAgent', 'RandomAgent']",88,87,AgentMechanismInterface,False,False,True,2,0.051117610186338425,0.15,False,False,"(3, 88, 29)",,2,False,,"(3, 88, 29)",04db2e9b-d5a1-424c-a3a6-f1820386489b,0,[]
1597,failed,"['02Dec@1', '04Ran@2']","['DecentralizingAgent', 'RandomAgent']",88,87,AgentMechanismInterface,False,False,True,2,0.11348238587379456,0.15,False,False,"(1, 89, 31)",,2,False,,"(1, 89, 31)",a18d8927-e81e-43de-b483-25edaf802505,0,[]
1598,failed,"['05Dec@2', '02Dec@1']","['DecentralizingAgent', 'DecentralizingAgent']",88,87,AgentMechanismInterface,False,False,True,7,0.08974763564765453,0.4,False,False,"(6, 92, 21)",,2,False,,"(6, 92, 21)",5dfa7e79-5ede-4cfa-8308-97d17253e8d3,0,[]
1599,failed,"['05Dec@2', '02Dec@1']","['DecentralizingAgent', 'DecentralizingAgent']",88,87,AgentMechanismInterface,False,False,True,8,0.14849061332643032,0.45,True,False,,,2,False,,"(5, 91, 1)",12fa255e-73ea-476f-b967-303dfa6a6186,0,[]
1600,failed,"['02Dec@1', '04Ran@2']","['DecentralizingAgent', 'RandomAgent']",88,87,AgentMechanismInterface,False,False,True,11,0.16526882722973824,0.6,False,False,"(1, 92, 41)",,2,False,,"(1, 92, 41)",2380f565-f63a-4c49-ad14-300ff4b9345d,0,"[('2380f565-f63a-4c49-ad14-300ff4b9345d', (1, 92, 41))]"
1601,failed,"['02Dec@1', '05Dec@2']","['DecentralizingAgent', 'DecentralizingAgent']",88,87,AgentMechanismInterface,False,False,True,12,0.1524664619937539,0.65,True,False,,,2,False,,"(1, 97, 22)",b23f9ca4-b100-427e-bc5e-7643227d4584,0,[]
1602,failed,"['02Dec@1', '01Ran@0']","['DecentralizingAgent', 'RandomAgent']",88,87,AgentMechanismInterface,False,False,True,12,0.12115160841494799,0.65,False,False,"(5, 88, 3)",,2,False,,"(5, 88, 3)",617b145c-80be-48dc-a63e-acb73da059f9,0,"[('617b145c-80be-48dc-a63e-acb73da059f9', (5, 88, 3))]"
1603,failed,"['02Dec@1', '00Ind@0']","['DecentralizingAgent', 'IndDecentralizingAgent']",88,87,AgentMechanismInterface,False,False,True,12,0.19959295727312565,0.65,True,False,,,2,False,,"(5, 88, 15)",959aba41-afa1-40d8-8f81-6e3e9f57019a,0,[]
1604,failed,"['00Ind@0', '02Dec@1']","['IndDecentralizingAgent', 'DecentralizingAgent']",88,87,AgentMechanismInterface,False,False,True,17,0.19112670980393887,0.9,False,False,"(15, 95, 25)",,2,False,,"(15, 95, 25)",93b86550-0b74-43a6-8675-feae8cfa5eda,0,[]
1605,failed,"['00Ind@0', '03MyA@1']","['IndDecentralizingAgent', 'MyAgent']",88,87,AgentMechanismInterface,False,False,True,17,0.20079469121992588,0.9,False,False,"(15, 95, 25)",,2,False,,"(15, 95, 25)",6fdfa3f3-dec0-4511-8399-446c8fd06ce0,0,[]
1606,failed,"['02Dec@1', '01Ran@0']","['DecentralizingAgent', 'RandomAgent']",89,88,AgentMechanismInterface,False,False,True,2,0.1989213665947318,0.15,False,False,"(20, 97, 7)",,2,False,,"(20, 97, 7)",52f58343-92d6-4d70-b1e0-c5ea9dce7863,0,[]
1607,failed,"['02Dec@1', '04Ran@2']","['DecentralizingAgent', 'RandomAgent']",89,88,AgentMechanismInterface,False,False,True,2,0.08608889300376177,0.15,True,False,,,2,False,,,18cff8ba-b9d9-4b8b-881f-1185b7330d15,0,[]
1608,failed,"['02Dec@1', '05Dec@2']","['DecentralizingAgent', 'DecentralizingAgent']",89,88,AgentMechanismInterface,False,False,True,2,0.05708877369761467,0.15,True,False,,,2,False,,,ca297d2b-64d4-4859-b6ff-8add08fcdae6,0,[]
1609,failed,"['05Dec@2', '02Dec@1']","['DecentralizingAgent', 'DecentralizingAgent']",89,88,AgentMechanismInterface,False,False,True,2,0.09780929144471884,0.15,False,False,"(13, 97, 21)",,2,False,,"(13, 97, 21)",3f3d0145-6d72-44b9-a5f2-67d660f40244,0,"[('3f3d0145-6d72-44b9-a5f2-67d660f40244', (13, 97, 21))]"
1610,failed,"['02Dec@1', '04Ran@2']","['DecentralizingAgent', 'RandomAgent']",89,88,AgentMechanismInterface,False,False,True,2,0.08136015478521585,0.15,False,False,"(5, 89, 33)",,2,False,,"(5, 89, 33)",f92887bc-c3aa-4ae3-9187-24725a9f148e,0,"[('f92887bc-c3aa-4ae3-9187-24725a9f148e', (5, 89, 33))]"
1611,failed,"['03MyA@1', '01Ran@0']","['MyAgent', 'RandomAgent']",89,88,AgentMechanismInterface,False,False,True,2,0.16383035480976105,0.15,False,False,"(49, 91, 3)",,2,False,,"(49, 91, 3)",d878336d-166a-4492-ab7f-bb42391a2fbf,0,[]
1612,failed,"['02Dec@1', '01Ran@0']","['DecentralizingAgent', 'RandomAgent']",89,88,AgentMechanismInterface,False,False,True,10,0.28486226685345173,0.55,False,False,"(1, 90, 1)",,2,False,,"(1, 90, 1)",a54b1f3d-3376-4312-a006-875f694c8671,0,"[('a54b1f3d-3376-4312-a006-875f694c8671', (1, 90, 1))]"
1613,failed,"['02Dec@1', '04Ran@2']","['DecentralizingAgent', 'RandomAgent']",89,88,AgentMechanismInterface,False,False,True,11,0.2135874442756176,0.6,False,False,"(1, 92, 41)",,2,False,,"(1, 92, 41)",6274a6ba-2748-4ef4-99e3-cccbe1dedd6b,0,"[('6274a6ba-2748-4ef4-99e3-cccbe1dedd6b', (1, 92, 41))]"
1614,failed,"['02Dec@1', '05Dec@2']","['DecentralizingAgent', 'DecentralizingAgent']",89,88,AgentMechanismInterface,False,False,True,12,0.14593232050538063,0.65,True,False,,,2,False,,"(1, 97, 22)",c0e8417d-ba28-40c4-97fb-6a9875799519,0,[]
1615,failed,"['02Dec@1', '01Ran@0']","['DecentralizingAgent', 'RandomAgent']",89,88,AgentMechanismInterface,False,False,True,13,0.28073520213365555,0.7,False,False,"(4, 90, 2)",,2,False,,"(4, 90, 2)",7cda1f63-2d29-438f-98ce-1d84bef45fa6,0,"[('7cda1f63-2d29-438f-98ce-1d84bef45fa6', (4, 90, 2))]"
1616,failed,"['02Dec@1', '00Ind@0']","['DecentralizingAgent', 'IndDecentralizingAgent']",89,88,AgentMechanismInterface,False,False,True,17,0.2547080321237445,0.9,False,False,"(5, 91, 9)",,2,False,,"(5, 91, 9)",4e580ed7-5a7f-4dc5-87e2-085161a00178,0,"[('4e580ed7-5a7f-4dc5-87e2-085161a00178', (5, 91, 9))]"
1617,failed,"['02Dec@1', '00Ind@0']","['DecentralizingAgent', 'IndDecentralizingAgent']",89,88,AgentMechanismInterface,False,False,True,17,0.2524893572553992,0.9,False,False,"(5, 91, 8)",,2,False,,"(5, 91, 8)",a3926533-407b-4a81-92c1-7720e700c0ba,0,"[('a3926533-407b-4a81-92c1-7720e700c0ba', (5, 91, 8))]"
1618,failed,"['00Ind@0', '03MyA@1']","['IndDecentralizingAgent', 'MyAgent']",89,88,AgentMechanismInterface,False,False,True,17,0.3239771733060479,0.9,False,False,"(18, 95, 25)",,2,False,,"(18, 95, 25)",0b812269-f0fc-411b-a9dc-e4cd6e31b755,0,[]
1619,failed,"['00Ind@0', '02Dec@1']","['IndDecentralizingAgent', 'DecentralizingAgent']",89,88,AgentMechanismInterface,False,False,True,17,0.2030262155458331,0.9,False,False,"(18, 98, 23)",,2,False,,"(18, 98, 23)",ceaa5b58-5cf9-4230-b68a-dc39a7f50173,0,[]
1620,failed,"['02Dec@1', '00Ind@0']","['DecentralizingAgent', 'IndDecentralizingAgent']",90,89,AgentMechanismInterface,False,False,True,2,0.010753332637250423,0.15,True,False,,,2,False,,,3232de33-09ad-4f00-b39c-3e507b9245dc,0,[]
1621,failed,"['02Dec@1', '04Ran@2']","['DecentralizingAgent', 'RandomAgent']",90,89,AgentMechanismInterface,False,False,True,2,0.0715744448825717,0.15,True,False,,,2,False,,,559bdc35-84b4-4bc6-93a4-acfb1b01fb70,0,[]
1622,failed,"['02Dec@1', '04Ran@2']","['DecentralizingAgent', 'RandomAgent']",90,89,AgentMechanismInterface,False,False,True,2,0.07586571108549833,0.15,True,False,,,2,False,,,ccad5e37-eadd-4675-a5ef-996fdee9118c,0,[]
1623,failed,"['03MyA@1', '00Ind@0']","['MyAgent', 'IndDecentralizingAgent']",90,89,AgentMechanismInterface,False,False,True,2,0.03518277499824762,0.15,True,False,,,2,False,,"(6, 99, 16)",c1420627-86e4-47e0-9228-9af8b2c66d04,0,[]
1624,failed,"['03MyA@1', '00Ind@0']","['MyAgent', 'IndDecentralizingAgent']",90,89,AgentMechanismInterface,False,False,True,2,0.17416508123278618,0.15,False,False,"(52, 100, 16)",,2,False,,"(52, 100, 16)",64ba231e-49c9-43eb-b90b-522f884b9657,0,"[('64ba231e-49c9-43eb-b90b-522f884b9657', (52, 100, 16))]"
1625,failed,"['02Dec@1', '04Ran@2']","['DecentralizingAgent', 'RandomAgent']",90,89,AgentMechanismInterface,False,False,True,9,0.07932856399565935,0.5,False,False,"(1, 92, 42)",,2,False,,"(1, 92, 42)",9f170608-2801-408a-a62f-b3f4b79d7abd,0,[]
1626,failed,"['02Dec@1', '05Dec@2']","['DecentralizingAgent', 'DecentralizingAgent']",90,89,AgentMechanismInterface,False,False,True,9,0.0641960371285677,0.5,True,False,,,2,False,,"(1, 97, 21)",1b1766e6-9e3e-4ef2-a2ae-d00249fbcb6b,0,[]
1627,failed,"['02Dec@1', '01Ran@0']","['DecentralizingAgent', 'RandomAgent']",90,89,AgentMechanismInterface,False,False,True,14,0.12009551748633385,0.75,False,False,"(5, 93, 2)",,2,False,,"(5, 93, 2)",a36f99fe-3df2-4a7a-a69e-49accf3398a9,0,"[('a36f99fe-3df2-4a7a-a69e-49accf3398a9', (5, 93, 2))]"
1628,failed,"['02Dec@1', '00Ind@0']","['DecentralizingAgent', 'IndDecentralizingAgent']",90,89,AgentMechanismInterface,False,False,True,14,0.11611807253211737,0.75,True,False,,,2,False,,"(5, 90, 14)",7cdfe40d-fe6c-4f44-96fa-aeef91aa8a63,0,[]
1629,failed,"['02Dec@1', '04Ran@2']","['DecentralizingAgent', 'RandomAgent']",90,89,AgentMechanismInterface,False,False,True,16,0.14202236477285624,0.85,False,False,"(1, 95, 36)",,2,False,,"(1, 95, 36)",e9b24625-ef95-49c7-afda-3b27186d0cf9,0,[]
1630,failed,"['02Dec@1', '05Dec@2']","['DecentralizingAgent', 'DecentralizingAgent']",90,89,AgentMechanismInterface,False,False,True,17,0.13285310752689838,0.9,True,False,,,2,False,,"(1, 97, 32)",a0342c6b-7dee-4950-992a-a88ecf7b172f,0,"[('a0342c6b-7dee-4950-992a-a88ecf7b172f', (1, 97, 32))]"
1631,failed,"['05Dec@2', '02Dec@1']","['DecentralizingAgent', 'DecentralizingAgent']",90,89,AgentMechanismInterface,False,False,True,17,0.18133411649614573,0.9,False,False,"(5, 97, 10)",,2,False,,"(5, 97, 10)",9a4d3a45-5a8a-4ef5-9ad1-27d98e82bb32,0,"[('9a4d3a45-5a8a-4ef5-9ad1-27d98e82bb32', (5, 97, 10))]"
1632,failed,"['02Dec@1', '01Ran@0']","['DecentralizingAgent', 'RandomAgent']",91,90,AgentMechanismInterface,False,False,True,2,0.22237419430166483,0.15,False,False,"(1, 92, 13)",,2,False,,"(1, 92, 13)",b0520bac-6335-4d94-906d-9b58aba77c52,0,[]
1633,failed,"['03MyA@1', '01Ran@0']","['MyAgent', 'RandomAgent']",91,90,AgentMechanismInterface,False,False,True,2,0.02651348989456892,0.15,False,False,"(4, 92, 15)",,2,False,,"(4, 92, 15)",3b41920b-70e3-4b44-be01-0ff14c4a06bf,0,[]
1634,failed,"['05Dec@2', '02Dec@1']","['DecentralizingAgent', 'DecentralizingAgent']",91,90,AgentMechanismInterface,False,False,True,2,0.09320080652832985,0.15,True,False,,,2,False,,"(5, 95, 21)",462daf31-c9a4-4bb5-b4f6-6af105c0e43a,0,[]
1635,failed,"['02Dec@1', '04Ran@2']","['DecentralizingAgent', 'RandomAgent']",91,90,AgentMechanismInterface,False,False,True,2,0.08943536505103111,0.15,False,False,"(6, 92, 36)",,2,False,,"(6, 92, 36)",47a91a2d-5aed-4380-8c00-0a3ad1a87691,0,[]
1636,failed,"['04Ran@2', '02Dec@1']","['RandomAgent', 'DecentralizingAgent']",91,90,AgentMechanismInterface,False,False,True,7,0.14398525282740593,0.4,False,False,"(7, 91, 21)",,2,False,,"(7, 91, 21)",f5c5d1da-9286-4ac6-a611-8e9a483ebff8,0,[]
1637,failed,"['02Dec@1', '04Ran@2']","['DecentralizingAgent', 'RandomAgent']",91,90,AgentMechanismInterface,False,False,True,11,0.10886197630316019,0.6,False,False,"(1, 97, 42)",,2,False,,"(1, 97, 42)",4a365911-6a26-4b62-89ce-835fd89dfa61,0,"[('4a365911-6a26-4b62-89ce-835fd89dfa61', (1, 97, 42))]"
1638,failed,"['02Dec@1', '05Dec@2']","['DecentralizingAgent', 'DecentralizingAgent']",91,90,AgentMechanismInterface,False,False,True,11,0.3324650675058365,0.6,True,False,,,2,False,,"(1, 100, 22)",cb72c796-44d7-46be-9664-92313ce6aec8,0,"[('cb72c796-44d7-46be-9664-92313ce6aec8', (1, 100, 22))]"
1639,failed,"['02Dec@1', '01Ran@0']","['DecentralizingAgent', 'RandomAgent']",91,90,AgentMechanismInterface,False,False,True,14,0.14093641564249992,0.75,False,False,"(5, 99, 3)",,2,False,,"(5, 99, 3)",5b41fa32-4bfa-4010-b2c6-2c47be2d0381,0,[]
1640,failed,"['02Dec@1', '01Ran@0']","['DecentralizingAgent', 'RandomAgent']",91,90,AgentMechanismInterface,False,False,True,14,0.19517212640494108,0.75,False,False,"(1, 94, 3)",,2,False,,"(1, 94, 3)",090cb4d2-fa9b-417f-97f7-4f026aa62de6,0,"[('090cb4d2-fa9b-417f-97f7-4f026aa62de6', (1, 94, 3))]"
1641,failed,"['02Dec@1', '00Ind@0']","['DecentralizingAgent', 'IndDecentralizingAgent']",91,90,AgentMechanismInterface,False,False,True,14,0.3265954479575157,0.75,True,False,,,2,False,,"(5, 91, 14)",60b8c369-e164-4e6a-a526-943d475f367a,0,[]
1642,failed,"['02Dec@1', '04Ran@2']","['DecentralizingAgent', 'RandomAgent']",91,90,AgentMechanismInterface,False,False,True,14,0.31423016358166933,0.75,False,False,"(1, 92, 41)",,2,False,,"(1, 92, 41)",7d26e90e-e4b1-49c3-91b5-d4f30ae347d5,0,"[('7d26e90e-e4b1-49c3-91b5-d4f30ae347d5', (1, 92, 41))]"
1643,failed,"['02Dec@1', '04Ran@2']","['DecentralizingAgent', 'RandomAgent']",91,90,AgentMechanismInterface,False,False,True,14,0.2744895527139306,0.75,False,False,"(19, 96, 37)",,2,False,,"(19, 96, 37)",a9b530e5-b5ee-484e-a815-ff4291042329,0,"[('a9b530e5-b5ee-484e-a815-ff4291042329', (19, 96, 37))]"
1644,failed,"['02Dec@1', '05Dec@2']","['DecentralizingAgent', 'DecentralizingAgent']",91,90,AgentMechanismInterface,False,False,True,15,0.2493323478847742,0.8,True,False,,,2,False,,"(1, 97, 27)",19030657-4cbd-41ea-90fe-62b60a3d88c1,0,"[('19030657-4cbd-41ea-90fe-62b60a3d88c1', (1, 97, 27))]"
1645,failed,"['02Dec@1', '05Dec@2']","['DecentralizingAgent', 'DecentralizingAgent']",91,90,AgentMechanismInterface,False,False,True,17,0.2305198973044753,0.9,False,False,"(20, 96, 33)",,2,False,,"(20, 96, 33)",27e6eea1-be6e-4e5a-a64a-87eb7fe60851,0,[]
1646,failed,"['00Ind@0', '03MyA@1']","['IndDecentralizingAgent', 'MyAgent']",91,90,AgentMechanismInterface,False,False,True,17,0.44292472396045923,0.9,False,False,"(19, 97, 25)",,2,False,,"(19, 97, 25)",be30b140-7cc3-463b-9d52-88662ddc99c6,0,[]
1647,failed,"['00Ind@0', '02Dec@1']","['IndDecentralizingAgent', 'DecentralizingAgent']",91,90,AgentMechanismInterface,False,False,True,17,0.3878669710829854,0.9,False,False,"(19, 97, 25)",,2,False,,"(19, 97, 25)",13ba9bdb-e4ca-4721-999d-e3dc37f30601,0,[]
1648,failed,"['02Dec@1', '00Ind@0']","['DecentralizingAgent', 'IndDecentralizingAgent']",91,90,AgentMechanismInterface,False,False,True,17,0.24717115703970194,0.9,False,False,"(9, 91, 8)",,2,False,,"(9, 91, 8)",4ce097ec-d283-4e6b-be8f-87e2aa21c3f9,0,"[('4ce097ec-d283-4e6b-be8f-87e2aa21c3f9', (9, 91, 8))]"
1649,failed,"['02Dec@1', '00Ind@0']","['DecentralizingAgent', 'IndDecentralizingAgent']",92,91,AgentMechanismInterface,False,False,True,2,0.055415683425962925,0.15,True,False,,,2,False,,,ee146c75-f72c-427a-bc59-d48abe08558f,0,[]
1650,failed,"['02Dec@1', '04Ran@2']","['DecentralizingAgent', 'RandomAgent']",92,91,AgentMechanismInterface,False,False,True,2,0.03087472915649414,0.15,False,False,"(12, 93, 40)",,2,False,,"(12, 93, 40)",2cf8b51c-a408-416e-b215-4241ce133888,0,[]
1651,failed,"['05Dec@2', '02Dec@1']","['DecentralizingAgent', 'DecentralizingAgent']",92,91,AgentMechanismInterface,False,False,True,2,0.017351840622723103,0.15,True,False,,,2,False,,,3cc46c24-c140-4c67-acc3-74f53f665bb0,0,[]
1652,failed,"['02Dec@1', '05Dec@2']","['DecentralizingAgent', 'DecentralizingAgent']",92,91,AgentMechanismInterface,False,False,True,2,0.02467084862291813,0.15,True,False,,,2,False,,,ac45e637-9eff-442c-9cde-f951e3f5177b,0,[]
1653,failed,"['03MyA@1', '00Ind@0']","['MyAgent', 'IndDecentralizingAgent']",92,91,AgentMechanismInterface,False,False,True,2,0.0746154049411416,0.15,True,False,,,2,False,,"(2, 99, 16)",b15dbd7c-0fc2-4a99-a63c-eb3e92831eca,0,[]
1654,failed,"['03MyA@1', '01Ran@0']","['MyAgent', 'RandomAgent']",92,91,AgentMechanismInterface,False,False,True,2,0.13878996763378382,0.15,False,False,"(33, 101, 8)",,2,False,,"(33, 101, 8)",a90c879d-90be-400d-957d-3ee3ab161be3,0,"[('a90c879d-90be-400d-957d-3ee3ab161be3', (33, 101, 8))]"
1655,failed,"['02Dec@1', '04Ran@2']","['DecentralizingAgent', 'RandomAgent']",92,91,AgentMechanismInterface,False,False,True,10,0.1281856680288911,0.55,False,False,"(1, 97, 41)",,2,False,,"(1, 97, 41)",b0c49aab-a836-464d-a5d5-56c2740f1985,0,"[('b0c49aab-a836-464d-a5d5-56c2740f1985', (1, 97, 41))]"
1656,failed,"['02Dec@1', '05Dec@2']","['DecentralizingAgent', 'DecentralizingAgent']",92,91,AgentMechanismInterface,False,False,True,10,0.13053057808429003,0.55,True,False,,,2,False,,"(1, 100, 21)",32182e12-39a9-403f-beb9-578f04beb416,0,[]
1657,failed,"['04Ran@2', '02Dec@1']","['RandomAgent', 'DecentralizingAgent']",92,91,AgentMechanismInterface,False,False,True,11,0.1324188569560647,0.6,False,False,"(6, 96, 21)",,2,False,,"(6, 96, 21)",0f3cc69e-49c6-41c9-ad43-54b7c97b2096,0,[]
1658,failed,"['02Dec@1', '04Ran@2']","['DecentralizingAgent', 'RandomAgent']",92,91,AgentMechanismInterface,False,False,True,14,0.16105367615818977,0.75,False,False,"(1, 96, 37)",,2,False,,"(1, 96, 37)",177fc40e-b0e3-4191-8f3c-39f8f673fda6,0,"[('177fc40e-b0e3-4191-8f3c-39f8f673fda6', (1, 96, 37))]"
1659,failed,"['02Dec@1', '05Dec@2']","['DecentralizingAgent', 'DecentralizingAgent']",92,91,AgentMechanismInterface,False,False,True,14,0.16936209239065647,0.75,True,False,,,2,False,,"(1, 93, 26)",70ac2af5-d54f-4347-be8c-9c013b3ed933,0,"[('70ac2af5-d54f-4347-be8c-9c013b3ed933', (1, 93, 26))]"
1660,failed,"['02Dec@1', '01Ran@0']","['DecentralizingAgent', 'RandomAgent']",92,91,AgentMechanismInterface,False,False,True,16,0.18473689630627632,0.85,False,False,"(2, 98, 6)",,2,False,,"(2, 98, 6)",6d6f7bdb-3d4b-47f4-a966-4aeed180e564,0,[]
1661,failed,"['02Dec@1', '00Ind@0']","['DecentralizingAgent', 'IndDecentralizingAgent']",92,91,AgentMechanismInterface,False,False,True,17,0.17462411057204008,0.9,False,False,"(5, 96, 9)",,2,False,,"(5, 96, 9)",316c1d51-ebc6-437d-9c6c-d72e4277259e,0,"[('316c1d51-ebc6-437d-9c6c-d72e4277259e', (5, 96, 9))]"
1662,failed,"['03MyA@1', '00Ind@0']","['MyAgent', 'IndDecentralizingAgent']",93,92,AgentMechanismInterface,False,False,True,2,0.08864744752645493,0.15,True,False,,,2,False,,,459f0589-79cd-4f67-aa9b-aa1a5d3f3a51,0,[]
1663,failed,"['05Dec@2', '02Dec@1']","['DecentralizingAgent', 'DecentralizingAgent']",93,92,AgentMechanismInterface,False,False,True,2,0.04439049493521452,0.15,True,False,,,2,False,,,b43c0d75-05f6-4ac6-855f-a3bdae3445d9,0,[]
1664,failed,"['02Dec@1', '05Dec@2']","['DecentralizingAgent', 'DecentralizingAgent']",93,92,AgentMechanismInterface,False,False,True,2,0.16341185197234154,0.15,True,False,,,2,False,,,51430f81-8813-4c0b-8b99-600d83cbd6c0,0,[]
1665,failed,"['03MyA@1', '00Ind@0']","['MyAgent', 'IndDecentralizingAgent']",93,92,AgentMechanismInterface,False,False,True,2,0.10415853559970856,0.15,True,False,,,2,False,,"(2, 99, 16)",5d5a3257-46c2-4967-91f5-e577685fd666,0,[]
1666,failed,"['02Dec@1', '04Ran@2']","['DecentralizingAgent', 'RandomAgent']",93,92,AgentMechanismInterface,False,False,True,2,0.06161497440189123,0.15,False,False,"(12, 94, 29)",,2,False,,"(12, 94, 29)",6dc85129-ba47-44d1-a0e9-8d44e143ff13,0,[]
1667,failed,"['05Dec@2', '02Dec@1']","['DecentralizingAgent', 'DecentralizingAgent']",93,92,AgentMechanismInterface,False,False,True,2,0.07567073684185743,0.15,False,False,"(6, 97, 21)",,2,False,,"(6, 97, 21)",c7ac761b-4a4f-4f72-84d8-a7de789170f8,0,[]
1668,failed,"['02Dec@1', '01Ran@0']","['DecentralizingAgent', 'RandomAgent']",93,92,AgentMechanismInterface,False,False,True,2,0.08688676916062832,0.15,False,False,"(1, 94, 14)",,2,False,,"(1, 94, 14)",5c340ea6-9017-4696-a2a7-45aa6d315d80,0,[]
1669,failed,"['02Dec@1', '04Ran@2']","['DecentralizingAgent', 'RandomAgent']",93,92,AgentMechanismInterface,False,False,True,2,0.09115630201995373,0.15,True,False,,,2,False,,,4354a43e-7b1a-4cd5-a738-dc8e81afc500,0,[]
1670,failed,"['02Dec@1', '04Ran@2']","['DecentralizingAgent', 'RandomAgent']",93,92,AgentMechanismInterface,False,False,True,11,0.1396764675155282,0.6,False,False,"(24, 102, 40)",,2,False,,"(24, 102, 40)",be23c1d7-fa49-40e1-9a8e-d261d060d00d,0,"[('be23c1d7-fa49-40e1-9a8e-d261d060d00d', (24, 102, 40))]"
1671,failed,"['02Dec@1', '05Dec@2']","['DecentralizingAgent', 'DecentralizingAgent']",93,92,AgentMechanismInterface,False,False,True,12,0.2645379761233926,0.65,True,False,,,2,False,,"(24, 99, 23)",5d0c63c3-9ce4-4385-842a-03301cc9c78e,0,[]
1672,failed,"['04Ran@2', '02Dec@1']","['RandomAgent', 'DecentralizingAgent']",93,92,AgentMechanismInterface,False,False,True,14,0.2938842074945569,0.75,False,False,"(2, 97, 19)",,2,False,,"(2, 97, 19)",1603470d-7523-4cea-800d-e83c6da31356,0,[]
1673,failed,"['02Dec@1', '04Ran@2']","['DecentralizingAgent', 'RandomAgent']",93,92,AgentMechanismInterface,False,False,True,14,0.16936318390071392,0.75,False,False,"(1, 99, 37)",,2,False,,"(1, 99, 37)",ce26c39f-5b34-47fc-96db-b3acf8f53b86,0,"[('ce26c39f-5b34-47fc-96db-b3acf8f53b86', (1, 99, 37))]"
1674,failed,"['02Dec@1', '05Dec@2']","['DecentralizingAgent', 'DecentralizingAgent']",93,92,AgentMechanismInterface,False,False,True,15,0.22785851825028658,0.8,True,False,,,2,False,,"(1, 100, 27)",559cf27a-af41-4af9-ab3e-c84ca849b597,0,"[('559cf27a-af41-4af9-ab3e-c84ca849b597', (1, 100, 27))]"
1675,failed,"['02Dec@1', '05Dec@2']","['DecentralizingAgent', 'DecentralizingAgent']",94,93,AgentMechanismInterface,False,False,True,2,0.09504778776317835,0.15,True,False,,,2,False,,,ab7e765d-b050-4002-b80b-bf8401ad9cba,0,[]
1676,failed,"['03MyA@1', '01Ran@0']","['MyAgent', 'RandomAgent']",94,93,AgentMechanismInterface,False,False,True,2,0.13392287772148848,0.15,True,False,,,2,False,,,7d85ee5a-9824-4fb8-9e4f-65058ef88286,0,[]
1677,failed,"['02Dec@1', '05Dec@2']","['DecentralizingAgent', 'DecentralizingAgent']",94,93,AgentMechanismInterface,False,False,True,2,0.14885063655674458,0.15,True,False,,,2,False,,,56123d9f-7110-46c4-acc8-22fbd2617166,0,[]
1678,failed,"['05Dec@2', '02Dec@1']","['DecentralizingAgent', 'DecentralizingAgent']",94,93,AgentMechanismInterface,False,False,True,2,0.16225790325552225,0.15,True,False,,,2,False,,,e9c32568-bb25-4692-8f8d-0c507095c256,0,[]
1679,failed,"['02Dec@1', '05Dec@2']","['DecentralizingAgent', 'DecentralizingAgent']",94,93,AgentMechanismInterface,False,False,True,2,0.16444337461143732,0.15,True,False,,,2,False,,,e873d556-6fbc-4d35-a5d5-59e63a37f40f,0,[]
1680,failed,"['05Dec@2', '02Dec@1']","['DecentralizingAgent', 'DecentralizingAgent']",94,93,AgentMechanismInterface,False,False,True,2,0.1511953165754676,0.15,True,False,,,2,False,,,fcc3d4d2-4ab9-481d-8dc0-59c1867affd7,0,[]
1681,failed,"['02Dec@1', '05Dec@2']","['DecentralizingAgent', 'DecentralizingAgent']",94,93,AgentMechanismInterface,False,False,True,2,0.1792460959404707,0.15,True,False,,,2,False,,,4abe8162-7af3-4852-8bcf-a1a2ea3ca4f2,0,[]
1682,failed,"['03MyA@1', '01Ran@0']","['MyAgent', 'RandomAgent']",94,93,AgentMechanismInterface,False,False,True,2,0.0938976900652051,0.15,True,False,,,2,False,,,8cd1c4c5-94a2-4072-9859-cc34932f5108,0,[]
1683,failed,"['02Dec@1', '04Ran@2']","['DecentralizingAgent', 'RandomAgent']",94,93,AgentMechanismInterface,False,False,True,7,0.32627509348094463,0.4,False,False,"(1, 100, 42)",,2,False,,"(1, 100, 42)",8e7a93a2-8b54-4a76-87e7-ef069edf7d07,0,"[('8e7a93a2-8b54-4a76-87e7-ef069edf7d07', (1, 100, 42))]"
1684,failed,"['02Dec@1', '05Dec@2']","['DecentralizingAgent', 'DecentralizingAgent']",94,93,AgentMechanismInterface,False,False,True,8,0.23912185803055763,0.45,True,False,,,2,False,,"(1, 98, 21)",6b291a08-9d0d-41e8-8499-518fc2311e99,0,[]
1685,failed,"['04Ran@2', '02Dec@1']","['RandomAgent', 'DecentralizingAgent']",94,93,AgentMechanismInterface,False,False,True,11,0.33547062799334526,0.6,False,False,"(1, 97, 20)",,2,False,,"(1, 97, 20)",400b46da-9b67-4026-bda6-e35991b327d4,0,[]
1686,failed,"['02Dec@1', '04Ran@2']","['DecentralizingAgent', 'RandomAgent']",94,93,AgentMechanismInterface,False,False,True,13,0.3351859888061881,0.7,False,False,"(24, 101, 38)",,2,False,,"(24, 101, 38)",1044d334-757f-441e-ab0f-6e7c9a71c287,0,"[('1044d334-757f-441e-ab0f-6e7c9a71c287', (24, 101, 38))]"
1687,failed,"['02Dec@1', '05Dec@2']","['DecentralizingAgent', 'DecentralizingAgent']",94,93,AgentMechanismInterface,False,False,True,13,0.26653287187218666,0.7,True,False,,,2,False,,"(24, 98, 24)",6caa409f-ca5f-465e-9340-daa6d61d50f0,0,[]
1688,failed,"['02Dec@1', '04Ran@2']","['DecentralizingAgent', 'RandomAgent']",94,93,AgentMechanismInterface,False,False,True,13,0.2684459434822202,0.7,False,False,"(22, 102, 38)",,2,False,,"(22, 102, 38)",2cfe9133-b4f9-400f-acaa-2fb3e1e1c609,0,"[('2cfe9133-b4f9-400f-acaa-2fb3e1e1c609', (22, 102, 38))]"
1689,failed,"['02Dec@1', '01Ran@0']","['DecentralizingAgent', 'RandomAgent']",94,93,AgentMechanismInterface,False,False,True,13,0.226439967751503,0.7,False,False,"(3, 96, 3)",,2,False,,"(3, 96, 3)",23b42a4c-2994-4e15-a20c-bdcf6e00210d,0,[]
1690,failed,"['02Dec@1', '05Dec@2']","['DecentralizingAgent', 'DecentralizingAgent']",94,93,AgentMechanismInterface,False,False,True,14,0.23815258964896202,0.75,True,False,,,2,False,,"(22, 101, 25)",942377a6-0246-4f28-8d0a-feb99dff9f17,0,[]
1691,failed,"['00Ind@0', '03MyA@1']","['IndDecentralizingAgent', 'MyAgent']",94,93,AgentMechanismInterface,False,False,True,17,0.48679986223578453,0.9,False,False,"(17, 100, 25)",,2,False,,"(17, 100, 25)",546bd2ef-42b3-498f-9d10-06aff72f3ffc,0,[]
1692,failed,"['02Dec@1', '00Ind@0']","['DecentralizingAgent', 'IndDecentralizingAgent']",94,93,AgentMechanismInterface,False,False,True,17,0.38986719213426113,0.9,False,False,"(5, 97, 9)",,2,False,,"(5, 97, 9)",5e7f430c-57d6-4c1d-a9a3-9c5b17c2aded,0,"[('5e7f430c-57d6-4c1d-a9a3-9c5b17c2aded', (5, 97, 9))]"
1693,failed,"['00Ind@0', '02Dec@1']","['IndDecentralizingAgent', 'DecentralizingAgent']",94,93,AgentMechanismInterface,False,False,True,17,0.3880588850006461,0.9,False,False,"(17, 100, 25)",,2,False,,"(17, 100, 25)",5627e8ee-d44e-436b-b6a9-a0d35e3a8bf0,0,[]
1694,failed,"['02Dec@1', '05Dec@2']","['DecentralizingAgent', 'DecentralizingAgent']",95,94,AgentMechanismInterface,False,False,True,2,0.05467294342815876,0.15,False,False,"(57, 95, 21)",,2,False,,"(57, 95, 21)",dbaf11f7-63ee-4a27-843d-6e4f2ef2604c,0,[]
1695,failed,"['05Dec@2', '02Dec@1']","['DecentralizingAgent', 'DecentralizingAgent']",95,94,AgentMechanismInterface,False,False,True,2,0.005786959081888199,0.15,True,False,,,2,False,,,9316663e-f413-4458-ae8d-cce49f7d5631,0,[]
1696,failed,"['03MyA@1', '00Ind@0']","['MyAgent', 'IndDecentralizingAgent']",95,94,AgentMechanismInterface,False,False,True,2,0.12372706085443497,0.15,True,False,,,2,False,,,d38983ab-b474-4fd3-b618-d7b0dfc07db7,0,[]
1697,failed,"['02Dec@1', '04Ran@2']","['DecentralizingAgent', 'RandomAgent']",95,94,AgentMechanismInterface,False,False,True,2,0.1398960016667843,0.15,False,False,"(6, 95, 42)",,2,False,,"(6, 95, 42)",6660f47c-732b-4d74-b224-03df9f4f689f,0,[]
1698,failed,"['02Dec@1', '05Dec@2']","['DecentralizingAgent', 'DecentralizingAgent']",95,94,AgentMechanismInterface,False,False,True,2,0.3351247925311327,0.15,False,False,"(6, 97, 21)",,2,False,,"(6, 97, 21)",7c3d276a-3e36-45d2-bc4d-07a7fc6e716d,0,[]
1699,failed,"['02Dec@1', '01Ran@0']","['DecentralizingAgent', 'RandomAgent']",95,94,AgentMechanismInterface,False,False,True,2,0.18049696739763021,0.15,True,False,,,2,False,,,6afb5db3-6699-4a6a-984a-9c73b831814f,0,[]
1700,failed,"['02Dec@1', '04Ran@2']","['DecentralizingAgent', 'RandomAgent']",95,94,AgentMechanismInterface,False,False,True,2,0.11840361449867487,0.15,True,False,,,2,False,,,7c31415a-fc3a-485b-aad6-6b206f81f80c,0,[]
1701,failed,"['03MyA@1', '00Ind@0']","['MyAgent', 'IndDecentralizingAgent']",95,94,AgentMechanismInterface,False,False,True,2,0.27933701034635305,0.15,False,False,"(53, 105, 16)",,2,False,,"(53, 105, 16)",58082731-00d0-49f2-8aa9-e9d83eb9a466,0,"[('58082731-00d0-49f2-8aa9-e9d83eb9a466', (53, 105, 16))]"
1702,failed,"['02Dec@1', '04Ran@2']","['DecentralizingAgent', 'RandomAgent']",95,94,AgentMechanismInterface,False,False,True,9,0.1609301958233118,0.5,False,False,"(1, 99, 42)",,2,False,,"(1, 99, 42)",b68d7943-dae9-4bcc-9dbb-ba7246628c91,0,[]
1703,failed,"['02Dec@1', '05Dec@2']","['DecentralizingAgent', 'DecentralizingAgent']",95,94,AgentMechanismInterface,False,False,True,9,0.24387531075626612,0.5,True,False,,,2,False,,"(1, 100, 21)",1bb4672f-82a0-4b16-82e9-ee109c31cda1,0,[]
1704,failed,"['02Dec@1', '04Ran@2']","['DecentralizingAgent', 'RandomAgent']",95,94,AgentMechanismInterface,False,False,True,10,0.2676867339760065,0.55,False,False,"(4, 103, 42)",,2,False,,"(4, 103, 42)",e18ad338-9f0f-454c-832d-f489db506521,0,[]
1705,failed,"['02Dec@1', '05Dec@2']","['DecentralizingAgent', 'DecentralizingAgent']",95,94,AgentMechanismInterface,False,False,True,10,0.5138417081907392,0.55,True,False,,,2,False,,"(1, 105, 21)",5076794f-1158-4a59-8ba1-146c309dd88c,0,[]
1706,failed,"['02Dec@1', '04Ran@2']","['DecentralizingAgent', 'RandomAgent']",95,94,AgentMechanismInterface,False,False,True,11,0.5033740969374776,0.6,False,False,"(22, 101, 41)",,2,False,,"(22, 101, 41)",c6381973-8be7-4980-81d4-4a1227b041b0,0,"[('c6381973-8be7-4980-81d4-4a1227b041b0', (22, 101, 41))]"
1707,failed,"['02Dec@1', '01Ran@0']","['DecentralizingAgent', 'RandomAgent']",95,94,AgentMechanismInterface,False,False,True,13,0.5221899189054966,0.7,False,False,"(5, 95, 3)",,2,False,,"(5, 95, 3)",3ca47327-266d-4b1e-a504-f428e1e75eaa,0,[]
1708,failed,"['02Dec@1', '00Ind@0']","['DecentralizingAgent', 'IndDecentralizingAgent']",95,94,AgentMechanismInterface,False,False,True,13,0.48039234429597855,0.7,True,False,,,2,False,,"(1, 95, 14)",6cf528c2-6ba6-4292-8872-57d34f96dbd0,0,"[('6cf528c2-6ba6-4292-8872-57d34f96dbd0', (1, 95, 14))]"
1709,failed,"['02Dec@1', '04Ran@2']","['DecentralizingAgent', 'RandomAgent']",95,94,AgentMechanismInterface,False,False,True,13,0.2473900532349944,0.7,False,False,"(22, 104, 39)",,2,False,,"(22, 104, 39)",9f6f2abb-6510-4089-bbb8-cda2e6387988,0,[]
1710,failed,"['02Dec@1', '05Dec@2']","['DecentralizingAgent', 'DecentralizingAgent']",95,94,AgentMechanismInterface,False,False,True,14,0.48592155426740646,0.75,True,False,,,2,False,,"(21, 104, 26)",0f2b491c-5bf2-47c9-a6e4-cf6ff70eb1dd,0,"[('0f2b491c-5bf2-47c9-a6e4-cf6ff70eb1dd', (21, 104, 26))]"
1711,failed,"['04Ran@2', '02Dec@1']","['RandomAgent', 'DecentralizingAgent']",95,94,AgentMechanismInterface,False,False,True,16,0.32265789154917,0.85,False,False,"(11, 95, 17)",,2,False,,"(11, 95, 17)",5eecb0d4-b2fd-4bdd-b9c1-e829dc6bc3ed,0,[]
1712,failed,"['00Ind@0', '03MyA@1']","['IndDecentralizingAgent', 'MyAgent']",95,94,AgentMechanismInterface,False,False,True,17,0.5231227492913604,0.9,False,False,"(11, 101, 25)",,2,False,,"(11, 101, 25)",e0992a1b-5315-4a48-8b90-5a8fa4460c42,0,"[('e0992a1b-5315-4a48-8b90-5a8fa4460c42', (11, 101, 25))]"
1713,failed,"['02Dec@1', '05Dec@2']","['DecentralizingAgent', 'DecentralizingAgent']",95,94,AgentMechanismInterface,False,False,True,17,0.5835205176845193,0.9,False,False,"(22, 103, 30)",,2,False,,"(22, 103, 30)",0a98f8b3-f7c1-41e1-9cee-b49602f0bc9b,0,[]
1714,failed,"['00Ind@0', '02Dec@1']","['IndDecentralizingAgent', 'DecentralizingAgent']",95,94,AgentMechanismInterface,False,False,True,17,0.5997938187792897,0.9,False,False,"(11, 104, 23)",,2,False,,"(11, 104, 23)",28e6c321-5b5f-4673-8a07-686f7311f5a9,0,"[('28e6c321-5b5f-4673-8a07-686f7311f5a9', (11, 104, 23))]"
1715,failed,"['02Dec@1', '00Ind@0']","['DecentralizingAgent', 'IndDecentralizingAgent']",96,95,AgentMechanismInterface,False,False,True,2,0.3276653531938791,0.15,False,False,"(24, 106, 16)",,2,False,,"(24, 106, 16)",b68c1d32-d932-4a2e-b0d3-efd98465286d,0,"[('b68c1d32-d932-4a2e-b0d3-efd98465286d', (24, 106, 16))]"
1716,failed,"['03MyA@1', '00Ind@0']","['MyAgent', 'IndDecentralizingAgent']",96,95,AgentMechanismInterface,False,False,True,2,0.22498441953212023,0.15,False,False,"(59, 106, 16)",,2,False,,"(59, 106, 16)",eedf4cee-f503-434e-bab2-0a7555ffd07c,0,"[('eedf4cee-f503-434e-bab2-0a7555ffd07c', (59, 106, 16))]"
1717,failed,"['02Dec@1', '04Ran@2']","['DecentralizingAgent', 'RandomAgent']",96,95,AgentMechanismInterface,False,False,True,2,0.24324593786150217,0.15,False,False,"(22, 97, 25)",,2,False,,"(22, 97, 25)",e4925ee7-72ca-47d0-9f07-ab7246bf02bf,0,[]
1718,failed,"['03MyA@1', '00Ind@0']","['MyAgent', 'IndDecentralizingAgent']",96,95,AgentMechanismInterface,False,False,True,2,0.3960947282612324,0.15,True,False,,,2,False,,"(18, 102, 16)",2c99c813-53bb-426c-88ef-61aa205aad29,0,[]
1719,failed,"['02Dec@1', '01Ran@0']","['DecentralizingAgent', 'RandomAgent']",96,95,AgentMechanismInterface,False,False,True,2,0.13555751461535692,0.15,False,False,"(3, 98, 13)",,2,False,,"(3, 98, 13)",db5b8ccc-adaf-4b43-91c0-b07a24e737e8,0,[]
1720,failed,"['05Dec@2', '02Dec@1']","['DecentralizingAgent', 'DecentralizingAgent']",96,95,AgentMechanismInterface,False,False,True,2,0.11857043020427227,0.15,True,False,,,2,False,,"(5, 96, 1)",65e66444-7761-4e3d-ade9-bc9788f63c54,0,[]
1721,failed,"['02Dec@1', '04Ran@2']","['DecentralizingAgent', 'RandomAgent']",96,95,AgentMechanismInterface,False,False,True,3,0.490448952652514,0.2,False,False,"(4, 97, 23)",,2,False,,"(4, 97, 23)",5d3a2365-94e7-4306-8677-e61fdaf506fb,0,"[('5d3a2365-94e7-4306-8677-e61fdaf506fb', (4, 97, 23))]"
1722,failed,"['02Dec@1', '04Ran@2']","['DecentralizingAgent', 'RandomAgent']",96,95,AgentMechanismInterface,False,False,True,11,0.23317098896950483,0.6,False,False,"(1, 100, 41)",,2,False,,"(1, 100, 41)",822b06a0-2274-42c1-99d0-8ebd17f59ce3,0,"[('822b06a0-2274-42c1-99d0-8ebd17f59ce3', (1, 100, 41))]"
1723,failed,"['02Dec@1', '01Ran@0']","['DecentralizingAgent', 'RandomAgent']",96,95,AgentMechanismInterface,False,False,True,12,0.4180631972849369,0.65,False,False,"(4, 98, 2)",,2,False,,"(4, 98, 2)",ee62575a-a0ce-42b5-b5be-1562eb4784a7,0,[]
1724,failed,"['02Dec@1', '01Ran@0']","['DecentralizingAgent', 'RandomAgent']",96,95,AgentMechanismInterface,False,False,True,13,0.5220039505511522,0.7,False,False,"(1, 96, 1)",,2,False,,"(1, 96, 1)",ef742225-9ef3-4e32-b11b-427d1c24836e,0,"[('ef742225-9ef3-4e32-b11b-427d1c24836e', (1, 96, 1))]"
1725,failed,"['02Dec@1', '04Ran@2']","['DecentralizingAgent', 'RandomAgent']",96,95,AgentMechanismInterface,False,False,True,13,0.22225928958505392,0.7,False,False,"(17, 102, 42)",,2,False,,"(17, 102, 42)",70fdd9ec-d929-4f19-b0cf-5f7ee74dd07a,0,[]
1726,failed,"['04Ran@2', '02Dec@1']","['RandomAgent', 'DecentralizingAgent']",96,95,AgentMechanismInterface,False,False,True,14,0.5019455393776298,0.75,False,False,"(6, 98, 19)",,2,False,,"(6, 98, 19)",76de650d-735c-4620-ae89-fffecce7a32d,0,"[('76de650d-735c-4620-ae89-fffecce7a32d', (6, 98, 19))]"
1727,failed,"['02Dec@1', '00Ind@0']","['DecentralizingAgent', 'IndDecentralizingAgent']",96,95,AgentMechanismInterface,False,False,True,17,0.2694644946604967,0.9,False,False,"(5, 97, 9)",,2,False,,"(5, 97, 9)",71da67b3-b5a2-4256-8d2d-96280c355270,0,"[('71da67b3-b5a2-4256-8d2d-96280c355270', (5, 97, 9))]"
1728,failed,"['02Dec@1', '05Dec@2']","['DecentralizingAgent', 'DecentralizingAgent']",96,95,AgentMechanismInterface,False,False,True,17,0.6222213068976998,0.9,False,False,"(4, 102, 31)",,2,False,,"(4, 102, 31)",dd950dec-1e13-482f-8737-6d3a90b79eb1,0,"[('dd950dec-1e13-482f-8737-6d3a90b79eb1', (4, 102, 31))]"
1729,failed,"['02Dec@1', '00Ind@0']","['DecentralizingAgent', 'IndDecentralizingAgent']",96,95,AgentMechanismInterface,False,False,True,17,0.45577831100672483,0.9,False,False,"(5, 98, 8)",,2,False,,"(5, 98, 8)",a89f2321-16d6-4bb2-a68e-332d19e2645c,0,"[('a89f2321-16d6-4bb2-a68e-332d19e2645c', (5, 98, 8))]"
1730,failed,"['02Dec@1', '05Dec@2']","['DecentralizingAgent', 'DecentralizingAgent']",96,95,AgentMechanismInterface,False,False,True,17,0.2501000799238682,0.9,False,False,"(21, 104, 30)",,2,False,,"(21, 104, 30)",a6e2ea89-382b-4a14-8296-9ceacf6924e7,0,[]
1731,failed,"['00Ind@0', '02Dec@1']","['IndDecentralizingAgent', 'DecentralizingAgent']",96,95,AgentMechanismInterface,False,False,True,17,0.6424095313996077,0.9,False,False,"(11, 102, 25)",,2,False,,"(11, 102, 25)",a856d4d5-718c-4585-a4b1-c6f780edfe68,0,"[('a856d4d5-718c-4585-a4b1-c6f780edfe68', (11, 102, 25))]"
1732,failed,"['00Ind@0', '03MyA@1']","['IndDecentralizingAgent', 'MyAgent']",96,95,AgentMechanismInterface,False,False,True,17,0.573575752787292,0.9,False,False,"(11, 105, 23)",,2,False,,"(11, 105, 23)",b153b3e1-7852-494f-b564-4dccefef010f,0,"[('b153b3e1-7852-494f-b564-4dccefef010f', (11, 105, 23))]"
1733,failed,"['05Dec@2', '02Dec@1']","['DecentralizingAgent', 'DecentralizingAgent']",97,96,AgentMechanismInterface,False,False,True,2,0.2585366340354085,0.15,False,False,"(44, 106, 21)",,2,False,,"(44, 106, 21)",b6505771-8b10-4bba-936c-64272a3797a1,0,"[('b6505771-8b10-4bba-936c-64272a3797a1', (44, 106, 21))]"
1734,failed,"['02Dec@1', '01Ran@0']","['DecentralizingAgent', 'RandomAgent']",97,96,AgentMechanismInterface,False,False,True,2,0.137133096344769,0.15,False,False,"(10, 103, 7)",,2,False,,"(10, 103, 7)",5e88ebe7-cd9c-452c-9fe7-d90b4487734c,0,[]
1735,failed,"['03MyA@1', '01Ran@0']","['MyAgent', 'RandomAgent']",97,96,AgentMechanismInterface,False,False,True,2,0.044115022756159306,0.15,True,False,,,2,False,,,ed545938-b001-4257-9787-5b6665635cc7,0,[]
1736,failed,"['02Dec@1', '00Ind@0']","['DecentralizingAgent', 'IndDecentralizingAgent']",97,96,AgentMechanismInterface,False,False,True,2,0.1710779471322894,0.15,True,False,,,2,False,,,523d4e15-54fc-4dcc-ab85-382fd365f78f,0,[]
1737,failed,"['02Dec@1', '05Dec@2']","['DecentralizingAgent', 'DecentralizingAgent']",97,96,AgentMechanismInterface,False,False,True,2,0.28307029977440834,0.15,True,False,,,2,False,,,1cc28d74-16b5-430b-b532-4921426f5e9f,0,[]
1738,failed,"['03MyA@1', '01Ran@0']","['MyAgent', 'RandomAgent']",97,96,AgentMechanismInterface,False,False,True,2,0.14248746912926435,0.15,False,False,"(35, 100, 11)",,2,False,,"(35, 100, 11)",33ac1398-53c4-407e-84df-8222046f9456,0,"[('33ac1398-53c4-407e-84df-8222046f9456', (35, 100, 11))]"
1739,failed,"['02Dec@1', '05Dec@2']","['DecentralizingAgent', 'DecentralizingAgent']",97,96,AgentMechanismInterface,False,False,True,2,0.1546987621113658,0.15,True,False,,,2,False,,"(11, 99, 21)",d1e76f22-8c4c-4cf9-a0bf-a3bb6ae14130,0,[]
1740,failed,"['02Dec@1', '01Ran@0']","['DecentralizingAgent', 'RandomAgent']",97,96,AgentMechanismInterface,False,False,True,14,0.38575161527842283,0.75,False,False,"(5, 106, 3)",,2,False,,"(5, 106, 3)",8c40f00a-2cf2-4800-a362-fdf67b22a452,0,[]
1741,failed,"['02Dec@1', '00Ind@0']","['DecentralizingAgent', 'IndDecentralizingAgent']",97,96,AgentMechanismInterface,False,False,True,15,0.23550550267100334,0.8,True,False,,,2,False,,"(5, 105, 11)",a37d3a3c-cbbf-4d10-a082-03e331490949,0,"[('a37d3a3c-cbbf-4d10-a082-03e331490949', (5, 105, 11))]"
1742,failed,"['02Dec@1', '01Ran@0']","['DecentralizingAgent', 'RandomAgent']",97,96,AgentMechanismInterface,False,False,True,15,0.26394295413047075,0.8,False,False,"(2, 101, 4)",,2,False,,"(2, 101, 4)",ff99c56d-8136-4115-9b0b-c4a5114a478c,0,[]
1743,failed,"['02Dec@1', '00Ind@0']","['DecentralizingAgent', 'IndDecentralizingAgent']",97,96,AgentMechanismInterface,False,False,True,17,0.2505885139107704,0.9,False,False,"(5, 99, 8)",,2,False,,"(5, 99, 8)",3654cca3-e88d-4e55-912b-a3573aa17c3b,0,"[('3654cca3-e88d-4e55-912b-a3573aa17c3b', (5, 99, 8))]"
1744,failed,"['00Ind@0', '03MyA@1']","['IndDecentralizingAgent', 'MyAgent']",97,96,AgentMechanismInterface,False,False,True,17,0.49059928487986326,0.9,False,False,"(15, 105, 23)",,2,False,,"(15, 105, 23)",11cc7988-19c3-4452-bed6-6b94a433b40f,0,[]
1745,failed,"['03MyA@1', '00Ind@0']","['MyAgent', 'IndDecentralizingAgent']",98,97,AgentMechanismInterface,False,False,True,2,0.24689009133726358,0.15,False,False,"(55, 108, 16)",,2,False,,"(55, 108, 16)",da83389f-849f-42f1-b0e6-f929a76a8b95,0,"[('da83389f-849f-42f1-b0e6-f929a76a8b95', (55, 108, 16))]"
1746,failed,"['02Dec@1', '05Dec@2']","['DecentralizingAgent', 'DecentralizingAgent']",98,97,AgentMechanismInterface,False,False,True,2,0.2784522781148553,0.15,True,False,,,2,False,,,d02a4705-5478-47f2-93e8-3b7c42a2f074,0,[]
1747,failed,"['02Dec@1', '01Ran@0']","['DecentralizingAgent', 'RandomAgent']",98,97,AgentMechanismInterface,False,False,True,2,0.3396141231060028,0.15,False,False,"(2, 104, 2)",,2,False,,"(2, 104, 2)",102c7bb2-1f90-47ca-912d-73f239d3cb6d,0,[]
1748,failed,"['02Dec@1', '00Ind@0']","['DecentralizingAgent', 'IndDecentralizingAgent']",98,97,AgentMechanismInterface,False,False,True,2,0.038495191372931004,0.15,True,False,,,2,False,,"(10, 105, 16)",bfa9b181-fe8e-414c-95b4-0aa13cb2f4a3,0,[]
1749,failed,"['02Dec@1', '04Ran@2']","['DecentralizingAgent', 'RandomAgent']",98,97,AgentMechanismInterface,False,False,True,2,0.0633437242358923,0.15,False,False,"(7, 98, 28)",,2,False,,"(7, 98, 28)",a2b01019-7bc1-4943-ab06-032465b43277,0,[]
1750,failed,"['03MyA@1', '00Ind@0']","['MyAgent', 'IndDecentralizingAgent']",98,97,AgentMechanismInterface,False,False,True,2,0.17283828556537628,0.15,False,False,"(24, 107, 16)",,2,False,,"(24, 107, 16)",f3cdd7f1-e883-44df-873d-f0b86233069f,0,"[('f3cdd7f1-e883-44df-873d-f0b86233069f', (24, 107, 16))]"
1751,failed,"['02Dec@1', '04Ran@2']","['DecentralizingAgent', 'RandomAgent']",98,97,AgentMechanismInterface,False,False,True,12,0.35745891369879246,0.65,False,False,"(5, 108, 40)",,2,False,,"(5, 108, 40)",e95fc375-01da-4ba5-a3d9-5da1cd6aeb97,0,[]
1752,failed,"['02Dec@1', '05Dec@2']","['DecentralizingAgent', 'DecentralizingAgent']",98,97,AgentMechanismInterface,False,False,True,13,0.1428713509812951,0.7,True,False,,,2,False,,"(1, 108, 24)",7ea3d089-8dc3-4220-811f-da6c9ebb71a4,0,"[('7ea3d089-8dc3-4220-811f-da6c9ebb71a4', (1, 108, 24))]"
1753,failed,"['02Dec@1', '01Ran@0']","['DecentralizingAgent', 'RandomAgent']",98,97,AgentMechanismInterface,False,False,True,13,0.36768639646470547,0.7,False,False,"(5, 101, 2)",,2,False,,"(5, 101, 2)",0a0ca740-38fb-44c2-aeb1-dd5bc3d7a8b9,0,[]
1754,failed,"['02Dec@1', '00Ind@0']","['DecentralizingAgent', 'IndDecentralizingAgent']",98,97,AgentMechanismInterface,False,False,True,14,0.17217867076396942,0.75,True,False,,,2,False,,"(5, 98, 14)",91e190ed-8f58-4654-9653-dcc65a6e7e7e,0,[]
1755,failed,"['05Dec@2', '02Dec@1']","['DecentralizingAgent', 'DecentralizingAgent']",98,97,AgentMechanismInterface,False,False,True,17,0.4709072671830654,0.9,False,False,"(11, 101, 12)",,2,False,,"(11, 101, 12)",efd717dd-2a20-4cd8-a87e-d3a0857be900,0,"[('efd717dd-2a20-4cd8-a87e-d3a0857be900', (11, 101, 12))]"
1756,failed,"['00Ind@0', '03MyA@1']","['IndDecentralizingAgent', 'MyAgent']",98,97,AgentMechanismInterface,False,False,True,17,0.26941125374287367,0.9,False,False,"(17, 104, 25)",,2,False,,"(17, 104, 25)",ad0fa83f-f7ed-4659-8b70-48f90b8833e6,0,[]
1757,failed,"['02Dec@1', '04Ran@2']","['DecentralizingAgent', 'RandomAgent']",99,98,AgentMechanismInterface,False,False,True,2,0.13559572957456112,0.15,False,False,"(2, 99, 39)",,2,False,,"(2, 99, 39)",207b5db2-fb46-4c71-92f1-29ba187f7d76,0,[]
1758,failed,"['02Dec@1', '00Ind@0']","['DecentralizingAgent', 'IndDecentralizingAgent']",99,98,AgentMechanismInterface,False,False,True,2,0.15887825470417738,0.15,True,False,,,2,False,,,8dd32fe7-0870-45a1-8bcb-9c2b21be04ab,0,[]
1759,failed,"['03MyA@1', '00Ind@0']","['MyAgent', 'IndDecentralizingAgent']",99,98,AgentMechanismInterface,False,False,True,2,0.13846237119287252,0.15,False,False,"(53, 109, 16)",,2,False,,"(53, 109, 16)",500e45ac-a09b-415a-b710-2ff0293bee87,0,"[('500e45ac-a09b-415a-b710-2ff0293bee87', (53, 109, 16))]"
1760,failed,"['02Dec@1', '04Ran@2']","['DecentralizingAgent', 'RandomAgent']",99,98,AgentMechanismInterface,False,False,True,2,0.1490069469437003,0.15,False,False,"(32, 99, 42)",,2,False,,"(32, 99, 42)",a2b4ebf2-985c-4802-89b8-fc497be1c4df,0,"[('a2b4ebf2-985c-4802-89b8-fc497be1c4df', (32, 99, 42))]"
1761,failed,"['02Dec@1', '00Ind@0']","['DecentralizingAgent', 'IndDecentralizingAgent']",99,98,AgentMechanismInterface,False,False,True,2,0.22701754700392485,0.15,True,False,,,2,False,,"(1, 107, 16)",72ceffb8-c8b1-4e96-9f11-ae2080774740,0,[]
1762,failed,"['02Dec@1', '05Dec@2']","['DecentralizingAgent', 'DecentralizingAgent']",99,98,AgentMechanismInterface,False,False,True,2,0.23125126492232084,0.15,True,False,,,2,False,,"(14, 99, 21)",8bc277d0-4db3-47b9-ba73-11c3b91a26b2,0,[]
1763,failed,"['02Dec@1', '01Ran@0']","['DecentralizingAgent', 'RandomAgent']",99,98,AgentMechanismInterface,False,False,True,10,0.08501369133591652,0.55,False,False,"(5, 105, 1)",,2,False,,"(5, 105, 1)",1d51e53f-c50a-4d33-a13e-bc192db0811c,0,[]
1764,failed,"['02Dec@1', '00Ind@0']","['DecentralizingAgent', 'IndDecentralizingAgent']",99,98,AgentMechanismInterface,False,False,True,10,0.3116024537011981,0.55,True,False,,,2,False,,"(5, 100, 16)",4f37ad9c-ed22-4d43-a514-4b258dd9e895,0,[]
1765,failed,"['02Dec@1', '04Ran@2']","['DecentralizingAgent', 'RandomAgent']",99,98,AgentMechanismInterface,False,False,True,13,0.23316125385463238,0.7,False,False,"(1, 103, 39)",,2,False,,"(1, 103, 39)",131cf25e-32df-43a7-bf28-90d46bb7ed80,0,"[('131cf25e-32df-43a7-bf28-90d46bb7ed80', (1, 103, 39))]"
1766,failed,"['02Dec@1', '04Ran@2']","['DecentralizingAgent', 'RandomAgent']",99,98,AgentMechanismInterface,False,False,True,15,0.12568289041519165,0.8,False,False,"(2, 109, 38)",,2,False,,"(2, 109, 38)",ea7a5ca9-1a28-459a-832b-0272b1923ff4,0,[]
1767,failed,"['02Dec@1', '05Dec@2']","['DecentralizingAgent', 'DecentralizingAgent']",99,98,AgentMechanismInterface,False,False,True,17,0.32135744392871857,0.9,False,False,"(5, 108, 32)",,2,False,,"(5, 108, 32)",e1ec6881-e2f1-409d-b0f9-21806c1e0443,0,"[('e1ec6881-e2f1-409d-b0f9-21806c1e0443', (5, 108, 32))]"
1768,failed,"['00Ind@0', '03MyA@1']","['IndDecentralizingAgent', 'MyAgent']",99,98,AgentMechanismInterface,False,False,True,17,0.4113317644223571,0.9,False,False,"(2, 109, 24)",,2,False,,"(2, 109, 24)",13612e3b-207d-4cf5-b005-133e78373952,0,"[('13612e3b-207d-4cf5-b005-133e78373952', (2, 109, 24))]"
1769,failed,"['02Dec@1', '05Dec@2']","['DecentralizingAgent', 'DecentralizingAgent']",99,98,AgentMechanismInterface,False,False,True,17,0.4325780039653182,0.9,False,False,"(5, 107, 32)",,2,False,,"(5, 107, 32)",c04bfac5-bcb8-42e2-a352-07da352403bb,0,"[('c04bfac5-bcb8-42e2-a352-07da352403bb', (5, 107, 32))]"
1770,failed,"['02Dec@1', '04Ran@2']","['DecentralizingAgent', 'RandomAgent']",100,99,AgentMechanismInterface,False,False,True,2,0.04793503135442734,0.15,False,False,"(2, 100, 42)",,2,False,,"(2, 100, 42)",d3743a77-b4e0-40ec-8e7e-b1feb0f8aaf7,0,[]
1771,failed,"['02Dec@1', '00Ind@0']","['DecentralizingAgent', 'IndDecentralizingAgent']",100,99,AgentMechanismInterface,False,False,True,2,0.12640830408781767,0.15,True,False,,,2,False,,,fbd69621-7b83-42e5-a52f-8a5f387d3e61,0,[]
1772,failed,"['02Dec@1', '01Ran@0']","['DecentralizingAgent', 'RandomAgent']",100,99,AgentMechanismInterface,False,False,True,2,0.2103204419836402,0.15,True,False,,,2,False,,,edf8936c-a9f7-471e-8c79-19df061d3fa6,0,[]
1773,failed,"['02Dec@1', '05Dec@2']","['DecentralizingAgent', 'DecentralizingAgent']",100,99,AgentMechanismInterface,False,False,True,2,0.028956755995750427,0.15,True,False,,,2,False,,,a4ab9e54-7f52-4f64-b03a-8ee6448bac4b,0,[]
1774,failed,"['03MyA@1', '01Ran@0']","['MyAgent', 'RandomAgent']",100,99,AgentMechanismInterface,False,False,True,2,0.13871354795992374,0.15,False,False,"(66, 104, 6)",,2,False,,"(66, 104, 6)",7b7de9f2-7ac5-4294-9225-07bbde6743c9,0,"[('7b7de9f2-7ac5-4294-9225-07bbde6743c9', (66, 104, 6))]"
1775,failed,"['02Dec@1', '04Ran@2']","['DecentralizingAgent', 'RandomAgent']",100,99,AgentMechanismInterface,False,False,True,10,0.244919553399086,0.55,False,False,"(13, 110, 42)",,2,False,,"(13, 110, 42)",7ba5460e-19d7-4c2e-ae50-ca7d085aed86,0,[]
1776,failed,"['02Dec@1', '01Ran@0']","['DecentralizingAgent', 'RandomAgent']",100,99,AgentMechanismInterface,False,False,True,10,0.25629150681197643,0.55,False,False,"(1, 100, 1)",,2,False,,"(1, 100, 1)",5cbd9466-19cb-44b2-8990-82bf6e78c755,0,"[('5cbd9466-19cb-44b2-8990-82bf6e78c755', (1, 100, 1))]"
1777,failed,"['00Ind@0', '03MyA@1']","['IndDecentralizingAgent', 'MyAgent']",100,99,AgentMechanismInterface,False,False,True,17,0.3661522129550576,0.9,False,False,"(14, 107, 25)",,2,False,,"(14, 107, 25)",6638149c-d07f-4566-ab14-b3918d7ac0ff,0,"[('6638149c-d07f-4566-ab14-b3918d7ac0ff', (14, 107, 25))]"
1778,failed,"['02Dec@1', '00Ind@0']","['DecentralizingAgent', 'IndDecentralizingAgent']",100,99,AgentMechanismInterface,False,False,True,17,0.14263078570365906,0.9,False,False,"(5, 103, 8)",,2,False,,"(5, 103, 8)",e5ceb364-50b2-48cd-874a-6719dccc9866,0,"[('e5ceb364-50b2-48cd-874a-6719dccc9866', (5, 103, 8))]"
1779,failed,"['00Ind@0', '02Dec@1']","['IndDecentralizingAgent', 'DecentralizingAgent']",100,99,AgentMechanismInterface,False,False,True,17,0.18379122111946344,0.9,False,False,"(14, 108, 23)",,2,False,,"(14, 108, 23)",8d877218-5015-4ef1-afd1-c7d8261cdaaa,0,"[('8d877218-5015-4ef1-afd1-c7d8261cdaaa', (14, 108, 23))]"
1780,failed,"['02Dec@1', '05Dec@2']","['DecentralizingAgent', 'DecentralizingAgent']",100,99,AgentMechanismInterface,False,False,True,17,0.3153644520789385,0.9,False,False,"(16, 110, 30)",,2,False,,"(16, 110, 30)",5b288516-30e7-4e2a-9cb2-8ba95c885093,0,"[('5b288516-30e7-4e2a-9cb2-8ba95c885093', (16, 110, 30))]"
1781,failed,"['03MyA@1', '00Ind@0']","['MyAgent', 'IndDecentralizingAgent']",101,100,AgentMechanismInterface,False,False,True,2,0.1472591795027256,0.15,False,False,"(56, 111, 16)",,2,False,,"(56, 111, 16)",72be1076-f74d-44ef-8cd3-3117c6b545f2,0,[]
1782,failed,"['02Dec@1', '04Ran@2']","['DecentralizingAgent', 'RandomAgent']",101,100,AgentMechanismInterface,False,False,True,2,0.03620893694460392,0.15,True,False,,,2,False,,"(12, 101, 21)",4788bc63-4982-43a5-932b-9c220460d6d5,0,[]
1783,failed,"['03MyA@1', '01Ran@0']","['MyAgent', 'RandomAgent']",101,100,AgentMechanismInterface,False,False,True,2,0.039665088057518005,0.15,False,False,"(2, 104, 13)",,2,False,,"(2, 104, 13)",0f47f659-7ecc-4fb8-bc4a-96a4cc638348,0,[]
1784,failed,"['02Dec@1', '00Ind@0']","['DecentralizingAgent', 'IndDecentralizingAgent']",101,100,AgentMechanismInterface,False,False,True,2,0.16113397479057312,0.15,True,False,,,2,False,,"(1, 107, 16)",5a1decbb-f491-41c7-beab-184539359021,0,[]
1785,failed,"['02Dec@1', '04Ran@2']","['DecentralizingAgent', 'RandomAgent']",101,100,AgentMechanismInterface,False,False,True,13,0.05870661232620478,0.7,False,False,"(2, 106, 40)",,2,False,,"(2, 106, 40)",db57becc-659a-40fc-bc38-7af03c481df2,0,[]
1786,failed,"['02Dec@1', '05Dec@2']","['DecentralizingAgent', 'DecentralizingAgent']",101,100,AgentMechanismInterface,False,False,True,17,0.08456010185182095,0.9,False,False,"(5, 110, 32)",,2,False,,"(5, 110, 32)",4553f4c1-78fd-481b-81c2-171b3b0f20be,0,"[('4553f4c1-78fd-481b-81c2-171b3b0f20be', (5, 110, 32))]"
1787,failed,"['05Dec@2', '02Dec@1']","['DecentralizingAgent', 'DecentralizingAgent']",102,101,AgentMechanismInterface,False,False,True,2,0.028327462263405323,0.15,True,False,,,2,False,,,aaa29875-8041-4212-8a7b-7fde08e04fc4,0,[]
1788,failed,"['02Dec@1', '05Dec@2']","['DecentralizingAgent', 'DecentralizingAgent']",102,101,AgentMechanismInterface,False,False,True,2,0.20725579001009464,0.15,True,False,,,2,False,,,b24757b0-23d3-4250-ad5e-6cbfb5231e66,0,[]
1789,failed,"['04Ran@2', '02Dec@1']","['RandomAgent', 'DecentralizingAgent']",102,101,AgentMechanismInterface,False,False,True,2,0.00983077846467495,0.15,True,False,,,2,False,,,b791ab76-b1b0-4768-924d-4d3bd9f781b1,0,[]
1790,failed,"['05Dec@2', '02Dec@1']","['DecentralizingAgent', 'DecentralizingAgent']",102,101,AgentMechanismInterface,False,False,True,2,0.2229185001924634,0.15,False,False,"(60, 112, 21)",,2,False,,"(60, 112, 21)",36df9e02-3606-4f08-a1e1-ea1a674fef58,0,[]
1791,failed,"['02Dec@1', '01Ran@0']","['DecentralizingAgent', 'RandomAgent']",102,101,AgentMechanismInterface,False,False,True,2,0.2785224197432399,0.15,False,False,"(1, 105, 10)",,2,False,,"(1, 105, 10)",4d5b0864-8987-4494-935b-5cfd85380beb,0,[]
1792,failed,"['02Dec@1', '04Ran@2']","['DecentralizingAgent', 'RandomAgent']",102,101,AgentMechanismInterface,False,False,True,12,0.08888588193804026,0.65,False,False,"(5, 112, 42)",,2,False,,"(5, 112, 42)",b4071ecc-0b9e-4a96-ac79-537ab36c5aac,0,"[('b4071ecc-0b9e-4a96-ac79-537ab36c5aac', (5, 112, 42))]"
1793,failed,"['02Dec@1', '05Dec@2']","['DecentralizingAgent', 'DecentralizingAgent']",102,101,AgentMechanismInterface,False,False,True,12,0.12102474085986614,0.65,True,False,,,2,False,,"(2, 112, 23)",d27d7012-95af-4963-b3b5-4a78c7414aad,0,"[('d27d7012-95af-4963-b3b5-4a78c7414aad', (2, 112, 23))]"
1794,failed,"['02Dec@1', '01Ran@0']","['DecentralizingAgent', 'RandomAgent']",102,101,AgentMechanismInterface,False,False,True,12,0.29310599621385336,0.65,False,False,"(5, 103, 1)",,2,False,,"(5, 103, 1)",676fdeaa-f679-4e6d-8c26-e0d3f57d162b,0,[]
1795,failed,"['02Dec@1', '00Ind@0']","['DecentralizingAgent', 'IndDecentralizingAgent']",102,101,AgentMechanismInterface,False,False,True,13,0.31578006222844124,0.7,True,False,,,2,False,,"(1, 102, 14)",1e414774-d9ec-4ece-bc23-134b0db3366f,0,"[('1e414774-d9ec-4ece-bc23-134b0db3366f', (1, 102, 14))]"
1796,failed,"['00Ind@0', '03MyA@1']","['IndDecentralizingAgent', 'MyAgent']",102,101,AgentMechanismInterface,False,False,True,17,0.4013697188347578,0.9,False,False,"(14, 109, 25)",,2,False,,"(14, 109, 25)",07ef561f-face-4df5-9864-df2f675693ec,0,"[('07ef561f-face-4df5-9864-df2f675693ec', (14, 109, 25))]"
1797,failed,"['00Ind@0', '02Dec@1']","['IndDecentralizingAgent', 'DecentralizingAgent']",102,101,AgentMechanismInterface,False,False,True,17,0.44853866286575794,0.9,False,False,"(14, 110, 23)",,2,False,,"(14, 110, 23)",523e55ef-f2a0-49b9-a3ff-bb6fc54141ed,0,"[('523e55ef-f2a0-49b9-a3ff-bb6fc54141ed', (14, 110, 23))]"
1798,failed,"['05Dec@2', '02Dec@1']","['DecentralizingAgent', 'DecentralizingAgent']",103,102,AgentMechanismInterface,False,False,True,2,0.044537379406392574,0.15,True,False,,,2,False,,"(9, 103, 1)",a28eb261-50c2-475f-b862-2eb7001c5f5f,0,[]
1799,failed,"['03MyA@1', '00Ind@0']","['MyAgent', 'IndDecentralizingAgent']",103,102,AgentMechanismInterface,False,False,True,2,0.216852106153965,0.15,False,False,"(56, 113, 16)",,2,False,,"(56, 113, 16)",fe2a5a24-c088-448d-80e5-1352a1555842,0,[]
1800,failed,"['02Dec@1', '01Ran@0']","['DecentralizingAgent', 'RandomAgent']",103,102,AgentMechanismInterface,False,False,True,2,0.07916265446692705,0.15,True,False,,,2,False,,,e91e9806-4427-420a-89c8-20aa4788a174,0,[]
1801,failed,"['05Dec@2', '02Dec@1']","['DecentralizingAgent', 'DecentralizingAgent']",103,102,AgentMechanismInterface,False,False,True,2,0.030044428072869778,0.15,True,False,,,2,False,,"(8, 103, 1)",08aea161-f063-42c5-a231-db2144f59e9d,0,[]
1802,failed,"['02Dec@1', '04Ran@2']","['DecentralizingAgent', 'RandomAgent']",103,102,AgentMechanismInterface,False,False,True,10,0.055204154923558235,0.55,False,False,"(2, 107, 42)",,2,False,,"(2, 107, 42)",1f6cb41b-1a81-42d2-a59f-c4b33fcfc4f9,0,[]
1803,failed,"['02Dec@1', '01Ran@0']","['DecentralizingAgent', 'RandomAgent']",103,102,AgentMechanismInterface,False,False,True,12,0.0723531311377883,0.65,False,False,"(1, 106, 1)",,2,False,,"(1, 106, 1)",1da26d4c-6c40-4d40-bb26-952d5b0d0168,0,"[('1da26d4c-6c40-4d40-bb26-952d5b0d0168', (1, 106, 1))]"
1804,failed,"['04Ran@2', '02Dec@1']","['RandomAgent', 'DecentralizingAgent']",103,102,AgentMechanismInterface,False,False,True,14,0.19337916374206543,0.75,False,False,"(6, 104, 21)",,2,False,,"(6, 104, 21)",29df2209-9263-46db-bf12-117b1673be6d,0,"[('29df2209-9263-46db-bf12-117b1673be6d', (6, 104, 21))]"
1805,failed,"['02Dec@1', '05Dec@2']","['DecentralizingAgent', 'DecentralizingAgent']",103,102,AgentMechanismInterface,False,False,True,17,0.18743821419775486,0.9,False,False,"(5, 108, 31)",,2,False,,"(5, 108, 31)",2d0df8f9-c2ac-4228-a96f-2a86d085ce75,0,"[('2d0df8f9-c2ac-4228-a96f-2a86d085ce75', (5, 108, 31))]"
1806,failed,"['02Dec@1', '00Ind@0']","['DecentralizingAgent', 'IndDecentralizingAgent']",103,102,AgentMechanismInterface,False,False,True,17,0.20084509998559952,0.9,False,False,"(5, 105, 8)",,2,False,,"(5, 105, 8)",e0ac0029-cc7c-44ce-89fe-85815a391c82,0,"[('e0ac0029-cc7c-44ce-89fe-85815a391c82', (5, 105, 8))]"
1807,failed,"['02Dec@1', '00Ind@0']","['DecentralizingAgent', 'IndDecentralizingAgent']",104,103,AgentMechanismInterface,False,False,True,2,0.023387967608869076,0.15,True,False,,,2,False,,,2963811a-6c48-4249-bdd2-4bbcb0ea2d24,0,[]
1808,failed,"['02Dec@1', '04Ran@2']","['DecentralizingAgent', 'RandomAgent']",104,103,AgentMechanismInterface,False,False,True,2,0.0736777363345027,0.15,False,False,"(53, 106, 41)",,2,False,,"(53, 106, 41)",6455a2ed-6c3e-478a-90d8-e7673162bbb5,0,"[('6455a2ed-6c3e-478a-90d8-e7673162bbb5', (53, 106, 41))]"
1809,failed,"['05Dec@2', '02Dec@1']","['DecentralizingAgent', 'DecentralizingAgent']",104,103,AgentMechanismInterface,False,False,True,2,0.06998018734157085,0.15,False,False,"(9, 108, 21)",,2,False,,"(9, 108, 21)",9a69c0b0-06ba-434f-9c2b-0386baba5868,0,[]
1810,failed,"['04Ran@2', '02Dec@1']","['RandomAgent', 'DecentralizingAgent']",104,103,AgentMechanismInterface,False,False,True,9,0.2970263659954071,0.5,False,False,"(6, 107, 21)",,2,False,,"(6, 107, 21)",4b48b34a-ee21-4e9d-8088-e6427bff1ee0,0,"[('4b48b34a-ee21-4e9d-8088-e6427bff1ee0', (6, 107, 21))]"
1811,failed,"['02Dec@1', '04Ran@2']","['DecentralizingAgent', 'RandomAgent']",104,103,AgentMechanismInterface,False,False,True,12,0.2614780915901065,0.65,False,False,"(13, 112, 40)",,2,False,,"(13, 112, 40)",9fbd596a-ea10-402c-9b61-2b7245544c77,0,[]
1812,failed,"['02Dec@1', '01Ran@0']","['DecentralizingAgent', 'RandomAgent']",104,103,AgentMechanismInterface,False,False,True,13,0.22301490418612957,0.7,False,False,"(2, 108, 1)",,2,False,,"(2, 108, 1)",ba83843c-a7a8-436b-8166-239aee9eb844,0,"[('ba83843c-a7a8-436b-8166-239aee9eb844', (2, 108, 1))]"
1813,failed,"['00Ind@0', '03MyA@1']","['IndDecentralizingAgent', 'MyAgent']",104,103,AgentMechanismInterface,False,False,True,17,0.3857661699876189,0.9,False,False,"(16, 111, 25)",,2,False,,"(16, 111, 25)",e01af335-8a79-431a-a935-99171b700a33,0,[]
1814,failed,"['05Dec@2', '02Dec@1']","['DecentralizingAgent', 'DecentralizingAgent']",104,103,AgentMechanismInterface,False,False,True,17,0.3245080094784498,0.9,False,False,"(10, 105, 12)",,2,False,,"(10, 105, 12)",a8388a18-2ba4-421e-a244-085ee56eb208,0,"[('a8388a18-2ba4-421e-a244-085ee56eb208', (10, 105, 12))]"
1815,failed,"['02Dec@1', '05Dec@2']","['DecentralizingAgent', 'DecentralizingAgent']",104,103,AgentMechanismInterface,False,False,True,17,0.33975396025925875,0.9,False,False,"(19, 109, 33)",,2,False,,"(19, 109, 33)",f9eb47be-8677-4fed-8bc1-34a4d0112d47,0,[]
1816,failed,"['02Dec@1', '00Ind@0']","['DecentralizingAgent', 'IndDecentralizingAgent']",104,103,AgentMechanismInterface,False,False,True,17,0.47541650105267763,0.9,False,False,"(5, 106, 8)",,2,False,,"(5, 106, 8)",c88dc3b1-181e-4136-a30e-f71508caa8ca,0,"[('c88dc3b1-181e-4136-a30e-f71508caa8ca', (5, 106, 8))]"
1817,failed,"['00Ind@0', '02Dec@1']","['IndDecentralizingAgent', 'DecentralizingAgent']",104,103,AgentMechanismInterface,False,False,True,17,0.5266773924231529,0.9,False,False,"(16, 111, 25)",,2,False,,"(16, 111, 25)",88fb52f6-00e4-447b-9676-7be7492191f9,0,[]
1818,failed,"['02Dec@1', '04Ran@2']","['DecentralizingAgent', 'RandomAgent']",105,104,AgentMechanismInterface,False,False,True,2,0.05769581254571676,0.15,False,False,"(33, 106, 42)",,2,False,,"(33, 106, 42)",59f57a5d-d73e-4067-8b5b-f194cb6c2b38,0,[]
1819,failed,"['02Dec@1', '04Ran@2']","['DecentralizingAgent', 'RandomAgent']",105,104,AgentMechanismInterface,False,False,True,2,0.0903081875294447,0.15,False,False,"(15, 105, 32)",,2,False,,"(15, 105, 32)",ffff69fb-3390-4060-ae15-3aec0d1619c3,0,"[('ffff69fb-3390-4060-ae15-3aec0d1619c3', (15, 105, 32))]"
1820,failed,"['03MyA@1', '01Ran@0']","['MyAgent', 'RandomAgent']",105,104,AgentMechanismInterface,False,False,True,2,0.21180473919957876,0.15,False,False,"(8, 109, 15)",,2,False,,"(8, 109, 15)",5dd88c59-695b-4547-ad5f-23a2651cb4fb,0,"[('5dd88c59-695b-4547-ad5f-23a2651cb4fb', (8, 109, 15))]"
1821,failed,"['02Dec@1', '01Ran@0']","['DecentralizingAgent', 'RandomAgent']",105,104,AgentMechanismInterface,False,False,True,2,0.1410783901810646,0.15,False,False,"(7, 111, 8)",,2,False,,"(7, 111, 8)",81bb6e6c-4368-4ddb-b80f-14bedc05bdf3,0,[]
1822,failed,"['05Dec@2', '02Dec@1']","['DecentralizingAgent', 'DecentralizingAgent']",105,104,AgentMechanismInterface,False,False,True,2,0.14298759493976831,0.15,True,False,,,2,False,,,93efe4e4-1ed4-48cb-97e7-d24b0ab088ee,0,[]
1823,failed,"['02Dec@1', '01Ran@0']","['DecentralizingAgent', 'RandomAgent']",105,104,AgentMechanismInterface,False,False,True,2,0.1440249914303422,0.15,True,False,,,2,False,,,729b11c2-4725-4272-a48e-5c07b024af1b,0,[]
1824,failed,"['05Dec@2', '02Dec@1']","['DecentralizingAgent', 'DecentralizingAgent']",105,104,AgentMechanismInterface,False,False,True,2,0.1810513036325574,0.15,False,False,"(10, 109, 21)",,2,False,,"(10, 109, 21)",f81774f1-5364-4b63-bbc5-c556c45d0e58,0,[]
1825,failed,"['02Dec@1', '04Ran@2']","['DecentralizingAgent', 'RandomAgent']",105,104,AgentMechanismInterface,False,False,True,8,0.1279043024405837,0.45,False,False,"(5, 112, 42)",,2,False,,"(5, 112, 42)",bb36df89-bbc7-405e-a14e-7dba565f0512,0,[]
1826,failed,"['02Dec@1', '05Dec@2']","['DecentralizingAgent', 'DecentralizingAgent']",105,104,AgentMechanismInterface,False,False,True,8,0.16042985953390598,0.45,True,False,,,2,False,,"(5, 115, 21)",dae98c68-46e2-475b-b8bc-990be44d51a5,0,"[('dae98c68-46e2-475b-b8bc-990be44d51a5', (5, 115, 21))]"
1827,failed,"['04Ran@2', '02Dec@1']","['RandomAgent', 'DecentralizingAgent']",105,104,AgentMechanismInterface,False,False,True,13,0.2516709649935365,0.7,False,False,"(9, 106, 20)",,2,False,,"(9, 106, 20)",bbc5c769-499c-43ca-affa-8c21e59b0e7e,0,"[('bbc5c769-499c-43ca-affa-8c21e59b0e7e', (9, 106, 20))]"
1828,failed,"['03MyA@1', '01Ran@0']","['MyAgent', 'RandomAgent']",106,105,AgentMechanismInterface,False,False,True,2,0.07362096942961216,0.15,False,False,"(25, 112, 7)",,2,False,,"(25, 112, 7)",fce14d03-bdc7-4800-a899-94ced624d6fd,0,"[('fce14d03-bdc7-4800-a899-94ced624d6fd', (25, 112, 7))]"
1829,failed,"['02Dec@1', '05Dec@2']","['DecentralizingAgent', 'DecentralizingAgent']",106,105,AgentMechanismInterface,False,False,True,2,0.19741636235266924,0.15,True,False,,,2,False,,,999168f3-87f5-4dbc-a9b1-b7bfd25ebb26,0,[]
1830,failed,"['02Dec@1', '04Ran@2']","['DecentralizingAgent', 'RandomAgent']",106,105,AgentMechanismInterface,False,False,True,2,0.20105692464858294,0.15,False,False,"(25, 106, 39)",,2,False,,"(25, 106, 39)",1f80c83c-db0f-44b5-8d0a-dc5210b880da,0,"[('1f80c83c-db0f-44b5-8d0a-dc5210b880da', (25, 106, 39))]"
1831,failed,"['05Dec@2', '02Dec@1']","['DecentralizingAgent', 'DecentralizingAgent']",106,105,AgentMechanismInterface,False,False,True,2,0.12296242546290159,0.15,True,False,,,2,False,,,a949ea9a-e277-4800-a6a4-266df943492a,0,[]
1832,failed,"['02Dec@1', '01Ran@0']","['DecentralizingAgent', 'RandomAgent']",106,105,AgentMechanismInterface,False,False,True,2,0.20178510714322329,0.15,False,False,"(4, 113, 11)",,2,False,,"(4, 113, 11)",a7f8f115-ca03-47f7-af31-f68f1afbff52,0,[]
1833,failed,"['02Dec@1', '05Dec@2']","['DecentralizingAgent', 'DecentralizingAgent']",106,105,AgentMechanismInterface,False,False,True,2,0.21359079517424107,0.15,True,False,,,2,False,,,621d8665-6362-4833-a7ff-e6d66633c00d,0,[]
1834,failed,"['02Dec@1', '04Ran@2']","['DecentralizingAgent', 'RandomAgent']",106,105,AgentMechanismInterface,False,False,True,11,0.26176035311073065,0.6,False,False,"(4, 116, 42)",,2,False,,"(4, 116, 42)",583908b8-2747-4292-a009-c4691fe16ceb,0,"[('583908b8-2747-4292-a009-c4691fe16ceb', (4, 116, 42))]"
1835,failed,"['02Dec@1', '01Ran@0']","['DecentralizingAgent', 'RandomAgent']",106,105,AgentMechanismInterface,False,False,True,12,0.1170773645862937,0.65,False,False,"(5, 110, 2)",,2,False,,"(5, 110, 2)",105464dd-e5a5-4ffe-bbe5-a55fdaf9ff76,0,[]
1836,failed,"['02Dec@1', '00Ind@0']","['DecentralizingAgent', 'IndDecentralizingAgent']",106,105,AgentMechanismInterface,False,False,True,12,0.23338459711521864,0.65,True,False,,,2,False,,"(5, 109, 15)",1b5e52b1-61d3-49b2-b8ce-4619a31e91e8,0,[]
1837,failed,"['02Dec@1', '04Ran@2']","['DecentralizingAgent', 'RandomAgent']",106,105,AgentMechanismInterface,False,False,True,13,0.13407006952911615,0.7,False,False,"(1, 110, 39)",,2,False,,"(1, 110, 39)",ef768dc7-e7f5-4d23-bb35-7b56da3f7f0c,0,"[('ef768dc7-e7f5-4d23-bb35-7b56da3f7f0c', (1, 110, 39))]"
1838,failed,"['04Ran@2', '02Dec@1']","['RandomAgent', 'DecentralizingAgent']",106,105,AgentMechanismInterface,False,False,True,16,0.34908860735595226,0.85,False,False,"(9, 106, 15)",,2,False,,"(9, 106, 15)",f598f6ea-465a-49ba-93e0-084f5581a6c3,0,[]
1839,failed,"['02Dec@1', '05Dec@2']","['DecentralizingAgent', 'DecentralizingAgent']",106,105,AgentMechanismInterface,False,False,True,17,0.2756045004352927,0.9,False,False,"(19, 111, 33)",,2,False,,"(19, 111, 33)",9732b61c-ab94-41fa-aed4-05b5e42a7121,0,[]
1840,failed,"['02Dec@1', '05Dec@2']","['DecentralizingAgent', 'DecentralizingAgent']",106,105,AgentMechanismInterface,False,False,True,17,0.28540381602942944,0.9,False,False,"(5, 114, 32)",,2,False,,"(5, 114, 32)",f8626a5d-b420-4794-a0c0-3ba9ee3fbca4,0,"[('f8626a5d-b420-4794-a0c0-3ba9ee3fbca4', (5, 114, 32))]"
1841,failed,"['02Dec@1', '01Ran@0']","['DecentralizingAgent', 'RandomAgent']",107,106,AgentMechanismInterface,False,False,True,2,0.0853372048586607,0.15,True,False,,,2,False,,,c818eb64-d499-4943-b5fc-3dc745140c9d,0,[]
1842,failed,"['02Dec@1', '04Ran@2']","['DecentralizingAgent', 'RandomAgent']",107,106,AgentMechanismInterface,False,False,True,2,0.09119636751711369,0.15,True,False,,,2,False,,,fb14cc57-46bf-4ccc-b4d9-49aba704c82b,0,[]
1843,failed,"['02Dec@1', '05Dec@2']","['DecentralizingAgent', 'DecentralizingAgent']",107,106,AgentMechanismInterface,False,False,True,2,0.05197515431791544,0.15,True,False,,,2,False,,,d2738c7a-795d-4060-bbbf-afede6b572d5,0,[]
1844,failed,"['02Dec@1', '05Dec@2']","['DecentralizingAgent', 'DecentralizingAgent']",107,106,AgentMechanismInterface,False,False,True,2,0.09634636621922255,0.15,True,False,,,2,False,,"(13, 110, 21)",b51fdceb-4c1a-4b80-9aa6-9992d76d4add,0,[]
1845,failed,"['02Dec@1', '05Dec@2']","['DecentralizingAgent', 'DecentralizingAgent']",107,106,AgentMechanismInterface,False,False,True,2,0.11272653937339783,0.15,True,False,,,2,False,,,5e2f8821-99a1-400e-9394-38abb04583ac,0,[]
1846,failed,"['05Dec@2', '02Dec@1']","['DecentralizingAgent', 'DecentralizingAgent']",107,106,AgentMechanismInterface,False,False,True,2,0.059855472296476364,0.15,False,False,"(11, 111, 21)",,2,False,,"(11, 111, 21)",659070a1-c747-4801-852a-dbdc70a5097f,0,"[('659070a1-c747-4801-852a-dbdc70a5097f', (11, 111, 21))]"
1847,failed,"['05Dec@2', '02Dec@1']","['DecentralizingAgent', 'DecentralizingAgent']",107,106,AgentMechanismInterface,False,False,True,2,0.06058705411851406,0.15,True,False,,,2,False,,,9c32225c-1755-4c79-a6e8-291f045ecbb7,0,[]
1848,failed,"['03MyA@1', '00Ind@0']","['MyAgent', 'IndDecentralizingAgent']",107,106,AgentMechanismInterface,False,False,True,6,0.20618785172700882,0.35,False,False,"(21, 114, 16)",,2,False,,"(21, 114, 16)",4eb54bd4-7f09-42cd-b70d-820616014b1e,0,"[('4eb54bd4-7f09-42cd-b70d-820616014b1e', (21, 114, 16))]"
1849,failed,"['02Dec@1', '01Ran@0']","['DecentralizingAgent', 'RandomAgent']",107,106,AgentMechanismInterface,False,False,True,9,0.14860622864216566,0.5,False,False,"(3, 111, 1)",,2,False,,"(3, 111, 1)",26e6fd32-6007-40f3-8691-151b7941c39b,0,[]
1850,failed,"['02Dec@1', '01Ran@0']","['DecentralizingAgent', 'RandomAgent']",107,106,AgentMechanismInterface,False,False,True,9,0.12119074445217848,0.5,False,False,"(5, 111, 1)",,2,False,,"(5, 111, 1)",42a26780-3e31-4b4c-ad56-954701961f54,0,[]
1851,failed,"['02Dec@1', '00Ind@0']","['DecentralizingAgent', 'IndDecentralizingAgent']",107,106,AgentMechanismInterface,False,False,True,10,0.19833797961473465,0.55,True,False,,,2,False,,"(5, 107, 16)",affa845d-881a-42b4-8bf1-4ae0f83b63cf,0,[]
1852,failed,"['04Ran@2', '02Dec@1']","['RandomAgent', 'DecentralizingAgent']",107,106,AgentMechanismInterface,False,False,True,12,0.2080826899036765,0.65,False,False,"(9, 107, 20)",,2,False,,"(9, 107, 20)",24986e0a-0e9b-4d1d-85b5-4c5fec42d39b,0,"[('24986e0a-0e9b-4d1d-85b5-4c5fec42d39b', (9, 107, 20))]"
1853,failed,"['02Dec@1', '00Ind@0']","['DecentralizingAgent', 'IndDecentralizingAgent']",107,106,AgentMechanismInterface,False,False,True,17,0.24617132544517517,0.9,False,False,"(5, 109, 9)",,2,False,,"(5, 109, 9)",50a2fea9-c0a2-4943-a83e-3b95c12a9f25,0,"[('50a2fea9-c0a2-4943-a83e-3b95c12a9f25', (5, 109, 9))]"
1854,failed,"['00Ind@0', '03MyA@1']","['IndDecentralizingAgent', 'MyAgent']",107,106,AgentMechanismInterface,False,False,True,17,0.24415847100317478,0.9,False,False,"(17, 113, 25)",,2,False,,"(17, 113, 25)",6f22be45-905f-4e86-8347-abef41a6abec,0,[]
1855,failed,"['00Ind@0', '02Dec@1']","['IndDecentralizingAgent', 'DecentralizingAgent']",107,106,AgentMechanismInterface,False,False,True,17,0.36188840959221125,0.9,False,False,"(17, 113, 25)",,2,False,,"(17, 113, 25)",d05f4787-f746-486f-9c19-3908ca6e5b4f,0,[]
1856,failed,"['02Dec@1', '05Dec@2']","['DecentralizingAgent', 'DecentralizingAgent']",108,107,AgentMechanismInterface,False,False,True,2,0.23380165454000235,0.15,True,False,,,2,False,,,324c986d-0141-4c5b-81b5-309ca1498498,0,[]
1857,failed,"['02Dec@1', '00Ind@0']","['DecentralizingAgent', 'IndDecentralizingAgent']",108,107,AgentMechanismInterface,False,False,True,2,0.10807331185787916,0.15,True,False,,,2,False,,"(14, 118, 16)",3582b0d2-d6a5-4c33-be1e-e6d5b534e2c4,0,[]
1858,failed,"['05Dec@2', '02Dec@1']","['DecentralizingAgent', 'DecentralizingAgent']",108,107,AgentMechanismInterface,False,False,True,2,0.020800957456231117,0.15,True,False,,,2,False,,,89c9ca32-5091-4e48-9107-76fb68ecf408,0,[]
1859,failed,"['02Dec@1', '00Ind@0']","['DecentralizingAgent', 'IndDecentralizingAgent']",108,107,AgentMechanismInterface,False,False,True,2,0.1460886960849166,0.15,True,False,,,2,False,,"(1, 115, 16)",9c435c1e-1238-42a1-ad13-fef9c50bdee5,0,[]
1860,failed,"['03MyA@1', '00Ind@0']","['MyAgent', 'IndDecentralizingAgent']",108,107,AgentMechanismInterface,False,False,True,2,0.25697749573737383,0.15,False,False,"(53, 118, 16)",,2,False,,"(53, 118, 16)",7661367f-e3d9-44ee-a900-7968b4333ee7,0,[]
1861,failed,"['02Dec@1', '04Ran@2']","['DecentralizingAgent', 'RandomAgent']",108,107,AgentMechanismInterface,False,False,True,2,0.3259461596608162,0.15,False,False,"(25, 109, 38)",,2,False,,"(25, 109, 38)",c12a9cae-8ce8-49b6-b08b-6f61ab6341e5,0,"[('c12a9cae-8ce8-49b6-b08b-6f61ab6341e5', (25, 109, 38))]"
1862,failed,"['02Dec@1', '05Dec@2']","['DecentralizingAgent', 'DecentralizingAgent']",108,107,AgentMechanismInterface,False,False,True,2,0.048573095351457596,0.15,True,False,,,2,False,,,2aeba41d-416b-4c95-b6ed-8e48d6342a68,0,[]
1863,failed,"['02Dec@1', '05Dec@2']","['DecentralizingAgent', 'DecentralizingAgent']",108,107,AgentMechanismInterface,False,False,True,2,0.3134525092318654,0.15,True,False,,,2,False,,,cae65501-6ad4-4c9d-87ba-fff1975ce3c0,0,[]
1864,failed,"['02Dec@1', '01Ran@0']","['DecentralizingAgent', 'RandomAgent']",108,107,AgentMechanismInterface,False,False,True,10,0.13131267949938774,0.55,False,False,"(1, 112, 1)",,2,False,,"(1, 112, 1)",89812d37-e302-4f02-b5b3-38dde3aa51aa,0,"[('89812d37-e302-4f02-b5b3-38dde3aa51aa', (1, 112, 1))]"
1865,failed,"['02Dec@1', '00Ind@0']","['DecentralizingAgent', 'IndDecentralizingAgent']",108,107,AgentMechanismInterface,False,False,True,10,0.1325722774490714,0.55,True,False,,,2,False,,"(1, 108, 16)",9c16afc4-1697-455f-b672-c1ea6293b051,0,"[('9c16afc4-1697-455f-b672-c1ea6293b051', (1, 108, 16))]"
1866,failed,"['04Ran@2', '02Dec@1']","['RandomAgent', 'DecentralizingAgent']",108,107,AgentMechanismInterface,False,False,True,11,0.3895980194211006,0.6,False,False,"(12, 109, 20)",,2,False,,"(12, 109, 20)",3e9ad439-542a-48aa-a7de-581cb7e22641,0,[]
1867,failed,"['02Dec@1', '04Ran@2']","['DecentralizingAgent', 'RandomAgent']",108,107,AgentMechanismInterface,False,False,True,15,0.18483063764870167,0.8,False,False,"(4, 118, 37)",,2,False,,"(4, 118, 37)",28013ff7-96af-4968-9b6c-ca592d2b3505,0,"[('28013ff7-96af-4968-9b6c-ca592d2b3505', (4, 118, 37))]"
1868,failed,"['02Dec@1', '01Ran@0']","['DecentralizingAgent', 'RandomAgent']",108,107,AgentMechanismInterface,False,False,True,16,0.16592676378786564,0.85,False,False,"(5, 108, 3)",,2,False,,"(5, 108, 3)",b402d459-73e0-4a34-860c-b4609aa5bf22,0,[]
1869,failed,"['02Dec@1', '00Ind@0']","['DecentralizingAgent', 'IndDecentralizingAgent']",108,107,AgentMechanismInterface,False,False,True,16,0.19818177167326212,0.85,True,False,,,2,False,,"(5, 113, 11)",2e220718-5ad8-4588-8d2b-cd20f304a673,0,[]
1870,failed,"['00Ind@0', '03MyA@1']","['IndDecentralizingAgent', 'MyAgent']",108,107,AgentMechanismInterface,False,False,True,17,0.29295548144727945,0.9,False,False,"(13, 115, 25)",,2,False,,"(13, 115, 25)",f5ba43be-5a7d-414c-aaba-6b95c758e0e7,0,"[('f5ba43be-5a7d-414c-aaba-6b95c758e0e7', (13, 115, 25))]"
1871,failed,"['00Ind@0', '02Dec@1']","['IndDecentralizingAgent', 'DecentralizingAgent']",108,107,AgentMechanismInterface,False,False,True,17,0.37242050375789404,0.9,False,False,"(13, 115, 25)",,2,False,,"(13, 115, 25)",6be1cb16-d397-4df1-a9f9-89c1b8fb484b,0,"[('6be1cb16-d397-4df1-a9f9-89c1b8fb484b', (13, 115, 25))]"
1872,failed,"['02Dec@1', '05Dec@2']","['DecentralizingAgent', 'DecentralizingAgent']",108,107,AgentMechanismInterface,False,False,True,17,0.5619659228250384,0.9,False,False,"(5, 114, 31)",,2,False,,"(5, 114, 31)",90e6ba2c-911c-48e5-a01d-9293d488c5ae,0,"[('90e6ba2c-911c-48e5-a01d-9293d488c5ae', (5, 114, 31))]"
1873,failed,"['02Dec@1', '00Ind@0']","['DecentralizingAgent', 'IndDecentralizingAgent']",109,108,AgentMechanismInterface,False,False,True,2,0.19212848879396915,0.15,True,False,,,2,False,,,88ad991c-8342-413f-99a4-125fcc16047d,0,[]
1874,failed,"['02Dec@1', '05Dec@2']","['DecentralizingAgent', 'DecentralizingAgent']",109,108,AgentMechanismInterface,False,False,True,2,0.19760872144252062,0.15,True,False,,,2,False,,,e02f1a4b-df32-4496-a95d-d89c8d907a46,0,[]
1875,failed,"['02Dec@1', '04Ran@2']","['DecentralizingAgent', 'RandomAgent']",109,108,AgentMechanismInterface,False,False,True,2,0.15413660928606987,0.15,False,False,"(14, 111, 30)",,2,False,,"(14, 111, 30)",90ea3b90-0a0e-4384-a9aa-cf10f4d23840,0,"[('90ea3b90-0a0e-4384-a9aa-cf10f4d23840', (14, 111, 30))]"
1876,failed,"['02Dec@1', '05Dec@2']","['DecentralizingAgent', 'DecentralizingAgent']",109,108,AgentMechanismInterface,False,False,True,2,0.1766352029517293,0.15,True,False,,,2,False,,,bdfd395f-082c-4d39-afbf-901aa2472a23,0,[]
1877,failed,"['05Dec@2', '02Dec@1']","['DecentralizingAgent', 'DecentralizingAgent']",109,108,AgentMechanismInterface,False,False,True,2,0.2722357902675867,0.15,True,False,,,2,False,,"(3, 113, 21)",669b1470-1c46-4ef5-b769-a4ebf4a9cd58,0,[]
1878,failed,"['02Dec@1', '00Ind@0']","['DecentralizingAgent', 'IndDecentralizingAgent']",109,108,AgentMechanismInterface,False,False,True,2,0.2576173357665539,0.15,True,False,,,2,False,,"(14, 118, 16)",f64f457c-6608-4774-ace6-5012a0462e1c,0,[]
1879,failed,"['03MyA@1', '01Ran@0']","['MyAgent', 'RandomAgent']",109,108,AgentMechanismInterface,False,False,True,2,0.13965549413114786,0.15,False,False,"(53, 113, 12)",,2,False,,"(53, 113, 12)",2a0dbe96-4343-402d-acff-f0a80678a89f,0,"[('2a0dbe96-4343-402d-acff-f0a80678a89f', (53, 113, 12))]"
1880,failed,"['02Dec@1', '04Ran@2']","['DecentralizingAgent', 'RandomAgent']",109,108,AgentMechanismInterface,False,False,True,2,0.291857966221869,0.15,False,False,"(23, 109, 27)",,2,False,,"(23, 109, 27)",28bfbff1-607b-4724-805d-71617c6cbdb7,0,"[('28bfbff1-607b-4724-805d-71617c6cbdb7', (23, 109, 27))]"
1881,failed,"['02Dec@1', '00Ind@0']","['DecentralizingAgent', 'IndDecentralizingAgent']",109,108,AgentMechanismInterface,False,False,True,6,0.22618420235812664,0.35,False,False,"(18, 118, 16)",,2,False,,"(18, 118, 16)",ed1fbdc6-2208-4faa-ad73-3e9f5d4c5457,0,"[('ed1fbdc6-2208-4faa-ad73-3e9f5d4c5457', (18, 118, 16))]"
1882,failed,"['04Ran@2', '02Dec@1']","['RandomAgent', 'DecentralizingAgent']",109,108,AgentMechanismInterface,False,False,True,9,0.35995029378682375,0.5,False,False,"(1, 109, 21)",,2,False,,"(1, 109, 21)",379157e2-2032-4f39-af5e-8cbf53ce2994,0,"[('379157e2-2032-4f39-af5e-8cbf53ce2994', (1, 109, 21))]"
1883,failed,"['02Dec@1', '01Ran@0']","['DecentralizingAgent', 'RandomAgent']",109,108,AgentMechanismInterface,False,False,True,13,0.34572602063417435,0.7,False,False,"(5, 109, 3)",,2,False,,"(5, 109, 3)",9cd8788e-738a-4768-a2d0-00cdeeda0341,0,[]
1884,failed,"['02Dec@1', '01Ran@0']","['DecentralizingAgent', 'RandomAgent']",109,108,AgentMechanismInterface,False,False,True,13,0.387529737316072,0.7,False,False,"(5, 109, 3)",,2,False,,"(5, 109, 3)",cc0c33f5-3b0d-49e9-ab4f-eefd7388150b,0,[]
1885,failed,"['02Dec@1', '00Ind@0']","['DecentralizingAgent', 'IndDecentralizingAgent']",109,108,AgentMechanismInterface,False,False,True,13,0.3070071628317237,0.7,True,False,,,2,False,,"(5, 113, 14)",637d943e-2a74-4ef4-aaee-7625c1fdd740,0,[]
1886,failed,"['02Dec@1', '00Ind@0']","['DecentralizingAgent', 'IndDecentralizingAgent']",109,108,AgentMechanismInterface,False,False,True,13,0.31454126071184874,0.7,True,False,,,2,False,,"(1, 109, 14)",94265742-366a-41f7-8a7f-2b14fe6f17e0,0,"[('94265742-366a-41f7-8a7f-2b14fe6f17e0', (1, 109, 14))]"
1887,failed,"['02Dec@1', '01Ran@0']","['DecentralizingAgent', 'RandomAgent']",109,108,AgentMechanismInterface,False,False,True,16,0.40929636266082525,0.85,False,False,"(1, 111, 7)",,2,False,,"(1, 111, 7)",b5fee973-aa43-4efa-90d3-273b4e71a376,0,"[('b5fee973-aa43-4efa-90d3-273b4e71a376', (1, 111, 7))]"
1888,failed,"['02Dec@1', '00Ind@0']","['DecentralizingAgent', 'IndDecentralizingAgent']",109,108,AgentMechanismInterface,False,False,True,17,0.3351149596273899,0.9,True,False,,,2,False,,"(1, 109, 9)",0d02cc1a-8b20-4ae4-b208-bc1ec031ef2c,0,"[('0d02cc1a-8b20-4ae4-b208-bc1ec031ef2c', (1, 109, 9))]"
1889,failed,"['00Ind@0', '03MyA@1']","['IndDecentralizingAgent', 'MyAgent']",109,108,AgentMechanismInterface,False,False,True,17,0.27734079118818045,0.9,False,False,"(13, 116, 25)",,2,False,,"(13, 116, 25)",cc925336-63da-4007-8d67-9900894662f2,0,"[('cc925336-63da-4007-8d67-9900894662f2', (13, 116, 25))]"
1890,failed,"['00Ind@0', '02Dec@1']","['IndDecentralizingAgent', 'DecentralizingAgent']",109,108,AgentMechanismInterface,False,False,True,17,0.45454497914761305,0.9,False,False,"(13, 117, 23)",,2,False,,"(13, 117, 23)",3f6b8ad3-27c5-4c53-a3e3-b85facae99fc,0,"[('3f6b8ad3-27c5-4c53-a3e3-b85facae99fc', (13, 117, 23))]"
1891,failed,"['02Dec@1', '05Dec@2']","['DecentralizingAgent', 'DecentralizingAgent']",110,109,AgentMechanismInterface,False,False,True,2,0.09623079467564821,0.15,True,False,,,2,False,,,556f8272-58e0-4f5a-821f-188069ecde9a,0,[]
1892,failed,"['05Dec@2', '02Dec@1']","['DecentralizingAgent', 'DecentralizingAgent']",110,109,AgentMechanismInterface,False,False,True,2,0.14655106142163277,0.15,True,False,,,2,False,,"(9, 114, 21)",21de6cc8-2b90-409a-bd11-b2867d253c68,0,[]
1893,failed,"['02Dec@1', '04Ran@2']","['DecentralizingAgent', 'RandomAgent']",110,109,AgentMechanismInterface,False,False,True,2,0.1472269408404827,0.15,False,False,"(9, 110, 38)",,2,False,,"(9, 110, 38)",efc6ce29-466c-499a-b6bb-4b4e384ae7e5,0,"[('efc6ce29-466c-499a-b6bb-4b4e384ae7e5', (9, 110, 38))]"
1894,failed,"['02Dec@1', '00Ind@0']","['DecentralizingAgent', 'IndDecentralizingAgent']",110,109,AgentMechanismInterface,False,False,True,2,0.017557199113070965,0.15,True,False,,,2,False,,,5228d308-9a41-47e2-a9fe-7bcb5925c5ec,0,[]
1895,failed,"['03MyA@1', '01Ran@0']","['MyAgent', 'RandomAgent']",110,109,AgentMechanismInterface,False,False,True,2,0.2570480387657881,0.15,False,False,"(22, 119, 15)",,2,False,,"(22, 119, 15)",3962f447-cb87-4e0e-b793-0a27682effc6,0,[]
1896,failed,"['03MyA@1', '00Ind@0']","['MyAgent', 'IndDecentralizingAgent']",110,109,AgentMechanismInterface,False,False,True,2,0.1326334048062563,0.15,True,False,,,2,False,,"(4, 119, 16)",0206af60-4caf-4a0e-839e-cde424ec6d61,0,[]
1897,failed,"['02Dec@1', '05Dec@2']","['DecentralizingAgent', 'DecentralizingAgent']",110,109,AgentMechanismInterface,False,False,True,2,0.21242241468280554,0.15,False,False,"(19, 110, 21)",,2,False,,"(19, 110, 21)",5b9b06b1-210e-4338-9b78-32ac57903a4f,0,"[('5b9b06b1-210e-4338-9b78-32ac57903a4f', (19, 110, 21))]"
1898,failed,"['02Dec@1', '05Dec@2']","['DecentralizingAgent', 'DecentralizingAgent']",110,109,AgentMechanismInterface,False,False,True,2,0.059215511195361614,0.15,True,False,,,2,False,,,5dfc19f4-1bd1-41b9-bc54-8cac9d824391,0,[]
1899,failed,"['02Dec@1', '01Ran@0']","['DecentralizingAgent', 'RandomAgent']",110,109,AgentMechanismInterface,False,False,True,2,0.1403289120644331,0.15,False,False,"(1, 111, 3)",,2,False,,"(1, 111, 3)",8b2bcf3f-efd7-4ab1-b903-045d8149d2f6,0,[]
1900,failed,"['02Dec@1', '01Ran@0']","['DecentralizingAgent', 'RandomAgent']",110,109,AgentMechanismInterface,False,False,True,2,0.1885139625519514,0.15,False,False,"(14, 117, 10)",,2,False,,"(14, 117, 10)",afd2d8b3-1486-420f-88c1-6595e19c15ff,0,"[('afd2d8b3-1486-420f-88c1-6595e19c15ff', (14, 117, 10))]"
1901,failed,"['02Dec@1', '01Ran@0']","['DecentralizingAgent', 'RandomAgent']",110,109,AgentMechanismInterface,False,False,True,9,0.27311643678694963,0.5,False,False,"(4, 113, 1)",,2,False,,"(4, 113, 1)",eb0062f5-c0ec-4001-b516-7743b488c438,0,[]
1902,failed,"['02Dec@1', '01Ran@0']","['DecentralizingAgent', 'RandomAgent']",110,109,AgentMechanismInterface,False,False,True,12,0.414485203102231,0.65,False,False,"(5, 114, 2)",,2,False,,"(5, 114, 2)",4ccb71c5-07b8-4948-bd2c-a5ca3daf24ac,0,[]
1903,failed,"['02Dec@1', '00Ind@0']","['DecentralizingAgent', 'IndDecentralizingAgent']",110,109,AgentMechanismInterface,False,False,True,13,0.21306423842906952,0.7,True,False,,,2,False,,"(5, 118, 14)",5d127bab-972d-4219-94ea-142e34e41091,0,[]
1904,failed,"['04Ran@2', '02Dec@1']","['RandomAgent', 'DecentralizingAgent']",110,109,AgentMechanismInterface,False,False,True,15,0.43631723057478666,0.8,False,False,"(6, 110, 15)",,2,False,,"(6, 110, 15)",7562ffe9-026a-41dc-8547-904e6d3229ae,0,"[('7562ffe9-026a-41dc-8547-904e6d3229ae', (6, 110, 15))]"
1905,failed,"['02Dec@1', '01Ran@0']","['DecentralizingAgent', 'RandomAgent']",110,109,AgentMechanismInterface,False,False,True,15,0.3407843541353941,0.8,False,False,"(1, 111, 1)",,2,False,,"(1, 111, 1)",10a8a856-51fc-4f80-9591-9e81936c9cff,0,[]
1906,failed,"['02Dec@1', '04Ran@2']","['DecentralizingAgent', 'RandomAgent']",110,109,AgentMechanismInterface,False,False,True,15,0.33086169324815273,0.8,False,False,"(4, 118, 36)",,2,False,,"(4, 118, 36)",2554c68e-430c-410a-a1aa-fbed03ecabe4,0,"[('2554c68e-430c-410a-a1aa-fbed03ecabe4', (4, 118, 36))]"
1907,failed,"['02Dec@1', '00Ind@0']","['DecentralizingAgent', 'IndDecentralizingAgent']",110,109,AgentMechanismInterface,False,False,True,15,0.35736246313899755,0.8,True,False,,,2,False,,"(1, 110, 13)",b414d44c-da5e-4290-b887-08e120b6f3cc,0,[]
1908,failed,"['00Ind@0', '03MyA@1']","['IndDecentralizingAgent', 'MyAgent']",110,109,AgentMechanismInterface,False,False,True,17,0.5704887267202139,0.9,False,False,"(16, 117, 25)",,2,False,,"(16, 117, 25)",6cfb6218-a931-4c60-8fa5-bbef527de853,0,[]
1909,failed,"['02Dec@1', '00Ind@0']","['DecentralizingAgent', 'IndDecentralizingAgent']",110,109,AgentMechanismInterface,False,False,True,17,0.369010042399168,0.9,False,False,"(5, 112, 8)",,2,False,,"(5, 112, 8)",12241915-9467-4e7f-8482-3816ef1bc1a5,0,"[('12241915-9467-4e7f-8482-3816ef1bc1a5', (5, 112, 8))]"
1910,failed,"['02Dec@1', '05Dec@2']","['DecentralizingAgent', 'DecentralizingAgent']",110,109,AgentMechanismInterface,False,False,True,17,0.33069637324661016,0.9,False,False,"(5, 119, 32)",,2,False,,"(5, 119, 32)",c4417ff2-d1c8-4a0e-957a-a8590dd65822,0,"[('c4417ff2-d1c8-4a0e-957a-a8590dd65822', (5, 119, 32))]"
1911,failed,"['00Ind@0', '02Dec@1']","['IndDecentralizingAgent', 'DecentralizingAgent']",110,109,AgentMechanismInterface,False,False,True,17,0.3859759056940675,0.9,False,False,"(16, 118, 23)",,2,False,,"(16, 118, 23)",cbfd7a71-d1cb-4e87-ba26-3d0e543a996d,0,[]
1912,failed,"['02Dec@1', '05Dec@2']","['DecentralizingAgent', 'DecentralizingAgent']",111,110,AgentMechanismInterface,False,False,True,2,0.16815489158034325,0.15,True,False,,,2,False,,,0827be64-6087-42d5-bc4d-2cdb3e59ce6e,0,[]
1913,failed,"['03MyA@1', '01Ran@0']","['MyAgent', 'RandomAgent']",111,110,AgentMechanismInterface,False,False,True,2,0.11175605840981007,0.15,False,False,"(5, 120, 7)",,2,False,,"(5, 120, 7)",6625efe6-7302-4493-aabe-a5c1d4843657,0,[]
1914,failed,"['02Dec@1', '00Ind@0']","['DecentralizingAgent', 'IndDecentralizingAgent']",111,110,AgentMechanismInterface,False,False,True,2,0.21718348655849695,0.15,True,False,,,2,False,,"(13, 118, 16)",38ff3ad3-480d-494b-add5-30be6a86d03b,0,[]
1915,failed,"['03MyA@1', '00Ind@0']","['MyAgent', 'IndDecentralizingAgent']",111,110,AgentMechanismInterface,False,False,True,2,0.1385898431763053,0.15,True,False,,,2,False,,"(4, 119, 16)",9f2709d4-bbe0-475c-936f-9752014b9104,0,[]
1916,failed,"['02Dec@1', '01Ran@0']","['DecentralizingAgent', 'RandomAgent']",111,110,AgentMechanismInterface,False,False,True,2,0.24501503817737103,0.15,True,False,,,2,False,,,aa7d1900-1a1a-4fcf-8a21-248f58fee4ff,0,[]
1917,failed,"['02Dec@1', '05Dec@2']","['DecentralizingAgent', 'DecentralizingAgent']",111,110,AgentMechanismInterface,False,False,True,2,0.08032676670700312,0.15,True,False,,,2,False,,,cf6f5ea1-aee6-4d89-a9d8-1b3a94f9f0e1,0,[]
1918,failed,"['03MyA@1', '00Ind@0']","['MyAgent', 'IndDecentralizingAgent']",111,110,AgentMechanismInterface,False,False,True,2,0.32964955270290375,0.15,False,False,"(35, 120, 16)",,2,False,,"(35, 120, 16)",16b31ee4-ac94-47b2-8564-118e9ad11f30,0,"[('16b31ee4-ac94-47b2-8564-118e9ad11f30', (35, 120, 16))]"
1919,failed,"['05Dec@2', '02Dec@1']","['DecentralizingAgent', 'DecentralizingAgent']",111,110,AgentMechanismInterface,False,False,True,2,0.1515723466873169,0.15,True,False,,,2,False,,,724a0a94-5407-4770-95ff-d4c0a8462851,0,[]
1920,failed,"['02Dec@1', '00Ind@0']","['DecentralizingAgent', 'IndDecentralizingAgent']",111,110,AgentMechanismInterface,False,False,True,2,0.17663548327982426,0.15,True,False,,,2,False,,,7c08730a-11d6-4a52-8723-3d8dbe56b004,0,[]
1921,failed,"['02Dec@1', '00Ind@0']","['DecentralizingAgent', 'IndDecentralizingAgent']",111,110,AgentMechanismInterface,False,False,True,2,0.2782904915511608,0.15,True,False,,,2,False,,"(8, 120, 16)",4adfb19c-63d9-4ae5-9fc2-e1cd07438758,0,[]
1922,failed,"['02Dec@1', '05Dec@2']","['DecentralizingAgent', 'DecentralizingAgent']",111,110,AgentMechanismInterface,False,False,True,2,0.3493959940969944,0.15,True,False,,,2,False,,,46364c18-193a-4c60-a8ce-fdb417c47d8c,0,[]
1923,failed,"['02Dec@1', '01Ran@0']","['DecentralizingAgent', 'RandomAgent']",111,110,AgentMechanismInterface,False,False,True,10,0.14925033506006002,0.55,False,False,"(1, 115, 1)",,2,False,,"(1, 115, 1)",cf3c188c-b09c-4788-b07c-530ea437aba9,0,[]
1924,failed,"['02Dec@1', '04Ran@2']","['DecentralizingAgent', 'RandomAgent']",111,110,AgentMechanismInterface,False,False,True,12,0.3289488945156336,0.65,False,False,"(1, 118, 41)",,2,False,,"(1, 118, 41)",482f6311-3c0a-4e91-b54e-2d647aa82781,0,[]
1925,failed,"['02Dec@1', '05Dec@2']","['DecentralizingAgent', 'DecentralizingAgent']",111,110,AgentMechanismInterface,False,False,True,12,0.30703113693743944,0.65,True,False,,,2,False,,"(1, 121, 22)",54ebe97c-3f03-4f74-b487-c940764c1240,0,[]
1926,failed,"['04Ran@2', '02Dec@1']","['RandomAgent', 'DecentralizingAgent']",111,110,AgentMechanismInterface,False,False,True,14,0.34808178059756756,0.75,False,False,"(2, 113, 20)",,2,False,,"(2, 113, 20)",bbae1ef5-f660-4158-8f04-9a4935f928fc,0,"[('bbae1ef5-f660-4158-8f04-9a4935f928fc', (2, 113, 20))]"
1927,failed,"['02Dec@1', '01Ran@0']","['DecentralizingAgent', 'RandomAgent']",111,110,AgentMechanismInterface,False,False,True,14,0.3519966248422861,0.75,False,False,"(1, 111, 3)",,2,False,,"(1, 111, 3)",54007924-e84c-4ec0-8331-c425748badcf,0,[]
1928,failed,"['02Dec@1', '00Ind@0']","['DecentralizingAgent', 'IndDecentralizingAgent']",111,110,AgentMechanismInterface,False,False,True,15,0.1995013877749443,0.8,True,False,,,2,False,,"(1, 111, 13)",c3e1e8e3-f8aa-483f-b43e-b625566a0c38,0,[]
1929,failed,"['00Ind@0', '03MyA@1']","['IndDecentralizingAgent', 'MyAgent']",111,110,AgentMechanismInterface,False,False,True,17,0.3651386210694909,0.9,False,False,"(15, 118, 25)",,2,False,,"(15, 118, 25)",942b1bd2-935a-4fda-8113-5457aa25f3bd,0,[]
1930,failed,"['02Dec@1', '00Ind@0']","['DecentralizingAgent', 'IndDecentralizingAgent']",111,110,AgentMechanismInterface,False,False,True,17,0.32469116896390915,0.9,False,False,"(5, 115, 8)",,2,False,,"(5, 115, 8)",bcdc2cf2-3735-4f82-b0d4-0e9a2c444327,0,"[('bcdc2cf2-3735-4f82-b0d4-0e9a2c444327', (5, 115, 8))]"
1931,failed,"['02Dec@1', '05Dec@2']","['DecentralizingAgent', 'DecentralizingAgent']",112,111,AgentMechanismInterface,False,False,True,2,0.04842967540025711,0.15,True,False,,,2,False,,,3947b490-18f9-4743-89d5-2c8f5bae6656,0,[]
1932,failed,"['03MyA@1', '00Ind@0']","['MyAgent', 'IndDecentralizingAgent']",112,111,AgentMechanismInterface,False,False,True,2,0.16879819985479116,0.15,False,False,"(55, 122, 16)",,2,False,,"(55, 122, 16)",f6e1583a-aef4-43d5-96d6-b27f09cfed08,0,"[('f6e1583a-aef4-43d5-96d6-b27f09cfed08', (55, 122, 16))]"
1933,failed,"['02Dec@1', '04Ran@2']","['DecentralizingAgent', 'RandomAgent']",112,111,AgentMechanismInterface,False,False,True,2,0.029409022070467472,0.15,False,False,"(2, 114, 35)",,2,False,,"(2, 114, 35)",059839f9-a4c1-4ec3-9517-96d3758d8966,0,[]
1934,failed,"['03MyA@1', '01Ran@0']","['MyAgent', 'RandomAgent']",112,111,AgentMechanismInterface,False,False,True,2,0.24674163479357958,0.15,False,False,"(22, 115, 3)",,2,False,,"(22, 115, 3)",04820c3d-ed0a-4716-a600-82bde8d42382,0,"[('04820c3d-ed0a-4716-a600-82bde8d42382', (22, 115, 3))]"
1935,failed,"['05Dec@2', '02Dec@1']","['DecentralizingAgent', 'DecentralizingAgent']",112,111,AgentMechanismInterface,False,False,True,2,0.08483481500297785,0.15,True,False,,,2,False,,,7b25964d-3210-43a4-9638-53d68ab9e0c8,0,[]
1936,failed,"['03MyA@1', '01Ran@0']","['MyAgent', 'RandomAgent']",112,111,AgentMechanismInterface,False,False,True,2,0.05277266539633274,0.15,True,False,,,2,False,,,890fa51e-c062-4383-a59b-6c0df74dbd1b,0,[]
1937,failed,"['02Dec@1', '01Ran@0']","['DecentralizingAgent', 'RandomAgent']",112,111,AgentMechanismInterface,False,False,True,2,0.2902499381452799,0.15,True,False,,,2,False,,,5b700f84-a6c0-446c-84c9-4330558803db,0,[]
1938,failed,"['02Dec@1', '01Ran@0']","['DecentralizingAgent', 'RandomAgent']",112,111,AgentMechanismInterface,False,False,True,2,0.09804049134254456,0.15,False,False,"(1, 117, 10)",,2,False,,"(1, 117, 10)",e285af1f-4b0b-4383-81e6-0cc76a8e4b9f,0,[]
1939,failed,"['02Dec@1', '04Ran@2']","['DecentralizingAgent', 'RandomAgent']",112,111,AgentMechanismInterface,False,False,True,2,0.11464248783886433,0.15,False,False,"(6, 112, 40)",,2,False,,"(6, 112, 40)",33d0811e-fcb7-4f8b-b561-0b6a0f46725f,0,[]
1940,failed,"['04Ran@2', '02Dec@1']","['RandomAgent', 'DecentralizingAgent']",112,111,AgentMechanismInterface,False,False,True,8,0.10163206327706575,0.45,False,False,"(8, 113, 21)",,2,False,,"(8, 113, 21)",9606a641-e909-4db0-8dc5-b1a1e9eb823f,0,[]
1941,failed,"['02Dec@1', '04Ran@2']","['DecentralizingAgent', 'RandomAgent']",112,111,AgentMechanismInterface,False,False,True,14,0.2746008839458227,0.75,False,False,"(1, 119, 39)",,2,False,,"(1, 119, 39)",33b59442-27f8-4fb9-a034-51572a6df6b6,0,[]
1942,failed,"['02Dec@1', '05Dec@2']","['DecentralizingAgent', 'DecentralizingAgent']",112,111,AgentMechanismInterface,False,False,True,14,0.2860335800796747,0.75,True,False,,,2,False,,"(1, 117, 26)",79e0eeab-8c3a-4796-a8b8-b236720fc2a2,0,"[('79e0eeab-8c3a-4796-a8b8-b236720fc2a2', (1, 117, 26))]"
1943,failed,"['02Dec@1', '04Ran@2']","['DecentralizingAgent', 'RandomAgent']",112,111,AgentMechanismInterface,False,False,True,16,0.35028801020234823,0.85,False,False,"(4, 121, 35)",,2,False,,"(4, 121, 35)",01baa211-e6a5-4bba-a3b4-91723f3c5837,0,[]
1944,failed,"['02Dec@1', '05Dec@2']","['DecentralizingAgent', 'DecentralizingAgent']",112,111,AgentMechanismInterface,False,False,True,17,0.19472493045032024,0.9,False,False,"(5, 121, 32)",,2,False,,"(5, 121, 32)",fd89347c-b5a7-4c91-a527-0f176ff28b69,0,"[('fd89347c-b5a7-4c91-a527-0f176ff28b69', (5, 121, 32))]"
1945,failed,"['03MyA@1', '01Ran@0']","['MyAgent', 'RandomAgent']",113,112,AgentMechanismInterface,False,False,True,2,0.042694821022450924,0.15,False,False,"(3, 120, 12)",,2,False,,"(3, 120, 12)",20c8d897-ed94-4474-b6f5-715cd7672bea,0,"[('20c8d897-ed94-4474-b6f5-715cd7672bea', (3, 120, 12))]"
1946,failed,"['02Dec@1', '01Ran@0']","['DecentralizingAgent', 'RandomAgent']",113,112,AgentMechanismInterface,False,False,True,2,0.12102312780916691,0.15,True,False,,,2,False,,,4fe2c18a-a90b-4429-9d76-f0b1c5646333,0,[]
1947,failed,"['05Dec@2', '02Dec@1']","['DecentralizingAgent', 'DecentralizingAgent']",113,112,AgentMechanismInterface,False,False,True,2,0.07707169279456139,0.15,False,False,"(7, 117, 21)",,2,False,,"(7, 117, 21)",eb166dde-f47f-4cb7-8a2b-a4967fe1ad55,0,"[('eb166dde-f47f-4cb7-8a2b-a4967fe1ad55', (7, 117, 21))]"
1948,failed,"['03MyA@1', '01Ran@0']","['MyAgent', 'RandomAgent']",113,112,AgentMechanismInterface,False,False,True,2,0.05925002507865429,0.15,True,False,,,2,False,,,bb46a73b-8137-40cd-bc94-8c58cf21928b,0,[]
1949,failed,"['02Dec@1', '05Dec@2']","['DecentralizingAgent', 'DecentralizingAgent']",113,112,AgentMechanismInterface,False,False,True,2,0.166507326066494,0.15,True,False,,,2,False,,,768ac591-c119-4f2e-8440-886ed0909c2a,0,[]
1950,failed,"['02Dec@1', '00Ind@0']","['DecentralizingAgent', 'IndDecentralizingAgent']",113,112,AgentMechanismInterface,False,False,True,2,0.18693077377974987,0.15,True,False,,,2,False,,"(7, 120, 16)",8f1a9ef6-2126-4013-831c-6b823f182d77,0,[]
1951,failed,"['02Dec@1', '05Dec@2']","['DecentralizingAgent', 'DecentralizingAgent']",113,112,AgentMechanismInterface,False,False,True,2,0.08340570516884327,0.15,True,False,,,2,False,,,291b1e56-5329-41bc-b55a-2357a5523fe8,0,[]
1952,failed,"['05Dec@2', '02Dec@1']","['DecentralizingAgent', 'DecentralizingAgent']",113,112,AgentMechanismInterface,False,False,True,2,0.08367952238768339,0.15,True,False,,,2,False,,,92a5e36f-b6f6-4099-bcb7-739d0f39a599,0,[]
1953,failed,"['02Dec@1', '04Ran@2']","['DecentralizingAgent', 'RandomAgent']",113,112,AgentMechanismInterface,False,False,True,12,0.1699939463287592,0.65,False,False,"(1, 116, 40)",,2,False,,"(1, 116, 40)",9b97b44d-21cc-455d-99e8-d39163200f37,0,"[('9b97b44d-21cc-455d-99e8-d39163200f37', (1, 116, 40))]"
1954,failed,"['02Dec@1', '05Dec@2']","['DecentralizingAgent', 'DecentralizingAgent']",113,112,AgentMechanismInterface,False,False,True,12,0.19312789384275675,0.65,True,False,,,2,False,,"(1, 121, 22)",a3295f32-04ca-4e7f-8c28-6c9c0b15149b,0,[]
1955,failed,"['04Ran@2', '02Dec@1']","['RandomAgent', 'DecentralizingAgent']",113,112,AgentMechanismInterface,False,False,True,13,0.22569150291383266,0.7,False,False,"(4, 113, 19)",,2,False,,"(4, 113, 19)",38be14b0-c0e4-44c4-bd28-d8e82c1561d6,0,[]
1956,failed,"['02Dec@1', '04Ran@2']","['DecentralizingAgent', 'RandomAgent']",113,112,AgentMechanismInterface,False,False,True,14,0.2640392370522022,0.75,False,False,"(2, 123, 39)",,2,False,,"(2, 123, 39)",e7662142-6042-4a12-a3cf-fd102ce7017b,0,[]
1957,failed,"['02Dec@1', '05Dec@2']","['DecentralizingAgent', 'DecentralizingAgent']",113,112,AgentMechanismInterface,False,False,True,17,0.25924714654684067,0.9,False,False,"(10, 123, 32)",,2,False,,"(10, 123, 32)",ec681549-f2c3-4fad-9e04-22f37492c8b7,0,"[('ec681549-f2c3-4fad-9e04-22f37492c8b7', (10, 123, 32))]"
1958,failed,"['02Dec@1', '04Ran@2']","['DecentralizingAgent', 'RandomAgent']",114,113,AgentMechanismInterface,False,False,True,2,0.16429991088807583,0.15,False,False,"(49, 117, 35)",,2,False,,"(49, 117, 35)",d4f4728d-0a80-4926-9c73-ce9d4700dc8f,0,[]
1959,failed,"['03MyA@1', '00Ind@0']","['MyAgent', 'IndDecentralizingAgent']",114,113,AgentMechanismInterface,False,False,True,2,0.011556684039533138,0.15,True,False,,,2,False,,,350147f1-5635-4ebd-a441-054a8a8c6f53,0,[]
1960,failed,"['02Dec@1', '05Dec@2']","['DecentralizingAgent', 'DecentralizingAgent']",114,113,AgentMechanismInterface,False,False,True,2,0.03802724927663803,0.15,True,False,,,2,False,,,ca9c4495-e4bb-4ac9-9f0f-02b50e2b41c6,0,[]
1961,failed,"['05Dec@2', '02Dec@1']","['DecentralizingAgent', 'DecentralizingAgent']",114,113,AgentMechanismInterface,False,False,True,2,0.17205668799579144,0.15,False,False,"(13, 118, 21)",,2,False,,"(13, 118, 21)",3057d5c2-6899-40d6-a07d-8ad46592039a,0,[]
1962,failed,"['02Dec@1', '01Ran@0']","['DecentralizingAgent', 'RandomAgent']",114,113,AgentMechanismInterface,False,False,True,2,0.22021345514804125,0.15,False,False,"(4, 117, 14)",,2,False,,"(4, 117, 14)",65b3173c-76d9-4ec5-b721-752899625e7a,0,[]
1963,failed,"['03MyA@1', '00Ind@0']","['MyAgent', 'IndDecentralizingAgent']",114,113,AgentMechanismInterface,False,False,True,2,0.1753240842372179,0.15,False,False,"(24, 121, 16)",,2,False,,"(24, 121, 16)",658039cc-b320-4e00-9ec8-c1aa70bf1b1c,0,[]
1964,failed,"['02Dec@1', '04Ran@2']","['DecentralizingAgent', 'RandomAgent']",114,113,AgentMechanismInterface,False,False,True,2,0.28110091760754585,0.15,False,False,"(5, 114, 39)",,2,False,,"(5, 114, 39)",8791294d-21c8-4f65-a3b1-cc4207204797,0,[]
1965,failed,"['02Dec@1', '00Ind@0']","['DecentralizingAgent', 'IndDecentralizingAgent']",114,113,AgentMechanismInterface,False,False,True,2,0.3259126599878073,0.15,True,False,,,2,False,,,a64c2837-8a13-4577-ae21-7c1956ade1dc,0,[]
1966,failed,"['02Dec@1', '01Ran@0']","['DecentralizingAgent', 'RandomAgent']",114,113,AgentMechanismInterface,False,False,True,2,0.3369912412017584,0.15,False,False,"(1, 120, 14)",,2,False,,"(1, 120, 14)",26292c73-7738-4f9d-a81f-2b3fd91073f8,0,[]
1967,failed,"['02Dec@1', '04Ran@2']","['DecentralizingAgent', 'RandomAgent']",114,113,AgentMechanismInterface,False,False,True,2,0.27787805814296007,0.15,True,False,,,2,False,,,2327304b-f335-4f7b-bacd-4927381ebad0,0,[]
1968,failed,"['02Dec@1', '04Ran@2']","['DecentralizingAgent', 'RandomAgent']",114,113,AgentMechanismInterface,False,False,True,9,0.13147425279021263,0.5,False,False,"(17, 120, 42)",,2,False,,"(17, 120, 42)",ed8cce7c-5af8-4878-8562-b72403dcf725,0,[]
1969,failed,"['04Ran@2', '02Dec@1']","['RandomAgent', 'DecentralizingAgent']",114,113,AgentMechanismInterface,False,False,True,11,0.352186287753284,0.6,False,False,"(1, 118, 20)",,2,False,,"(1, 118, 20)",5efe15cf-6c5d-4d2b-8355-b6fd06c1476a,0,[]
1970,failed,"['02Dec@1', '04Ran@2']","['DecentralizingAgent', 'RandomAgent']",114,113,AgentMechanismInterface,False,False,True,15,0.16952117905020714,0.8,False,False,"(1, 121, 39)",,2,False,,"(1, 121, 39)",59e0df19-83a9-4749-92a4-a45a5b932c0a,0,[]
1971,failed,"['02Dec@1', '05Dec@2']","['DecentralizingAgent', 'DecentralizingAgent']",114,113,AgentMechanismInterface,False,False,True,15,0.18255851697176695,0.8,True,False,,,2,False,,"(1, 117, 26)",5c6518af-9901-4f99-a659-29d3f9ba34e2,0,[]
1972,failed,"['05Dec@2', '02Dec@1']","['DecentralizingAgent', 'DecentralizingAgent']",114,113,AgentMechanismInterface,False,False,True,17,0.3630054099485278,0.9,False,False,"(9, 118, 10)",,2,False,,"(9, 118, 10)",3c08da9a-7038-4c81-ab1d-31a0d01fe707,0,"[('3c08da9a-7038-4c81-ab1d-31a0d01fe707', (9, 118, 10))]"
1973,failed,"['02Dec@1', '05Dec@2']","['DecentralizingAgent', 'DecentralizingAgent']",114,113,AgentMechanismInterface,False,False,True,17,0.309276164509356,0.9,False,False,"(20, 119, 33)",,2,False,,"(20, 119, 33)",41ab136d-aab8-48ef-b111-dcf3c2d850e6,0,[]
1974,failed,"['00Ind@0', '02Dec@1']","['IndDecentralizingAgent', 'DecentralizingAgent']",114,113,AgentMechanismInterface,False,False,True,17,0.4617906557396054,0.9,False,False,"(15, 121, 25)",,2,False,,"(15, 121, 25)",a1046071-25d8-4ecc-8aac-bc402cc291f3,0,[]
1975,failed,"['00Ind@0', '03MyA@1']","['IndDecentralizingAgent', 'MyAgent']",114,113,AgentMechanismInterface,False,False,True,17,0.5497316606342793,0.9,False,False,"(15, 122, 23)",,2,False,,"(15, 122, 23)",9dd9ad12-dbb1-4471-b1e2-de9e3294a509,0,[]
1976,failed,"['02Dec@1', '04Ran@2']","['DecentralizingAgent', 'RandomAgent']",115,114,AgentMechanismInterface,False,False,True,2,0.04408574290573597,0.15,False,False,"(2, 115, 27)",,2,False,,"(2, 115, 27)",1d09ee5c-ccf1-4501-83b7-1328a947e342,0,"[('1d09ee5c-ccf1-4501-83b7-1328a947e342', (2, 115, 27))]"
1977,failed,"['02Dec@1', '00Ind@0']","['DecentralizingAgent', 'IndDecentralizingAgent']",115,114,AgentMechanismInterface,False,False,True,2,0.01221808884292841,0.15,True,False,,,2,False,,"(6, 120, 16)",6d09d710-c03c-4f32-aae6-6b99efd8084a,0,[]
1978,failed,"['05Dec@2', '02Dec@1']","['DecentralizingAgent', 'DecentralizingAgent']",115,114,AgentMechanismInterface,False,False,True,2,0.3275290625169873,0.15,False,False,"(38, 124, 21)",,2,False,,"(38, 124, 21)",b4d6a46e-0ddd-4ceb-b039-9023033366a5,0,"[('b4d6a46e-0ddd-4ceb-b039-9023033366a5', (38, 124, 21))]"
1979,failed,"['02Dec@1', '05Dec@2']","['DecentralizingAgent', 'DecentralizingAgent']",115,114,AgentMechanismInterface,False,False,True,2,0.017457530833780766,0.15,True,False,,,2,False,,"(7, 117, 21)",f8ff2ba1-2b04-49ac-b740-cf31c6b2250d,0,[]
1980,failed,"['02Dec@1', '01Ran@0']","['DecentralizingAgent', 'RandomAgent']",115,114,AgentMechanismInterface,False,False,True,2,0.09175924398005009,0.15,False,False,"(2, 124, 1)",,2,False,,"(2, 124, 1)",aa9f9de0-013c-453c-a096-4512f4686332,0,"[('aa9f9de0-013c-453c-a096-4512f4686332', (2, 124, 1))]"
1981,failed,"['03MyA@1', '00Ind@0']","['MyAgent', 'IndDecentralizingAgent']",115,114,AgentMechanismInterface,False,False,True,2,0.25625796522945166,0.15,False,False,"(55, 125, 16)",,2,False,,"(55, 125, 16)",f99118f7-46b9-45ed-808d-3a801f9477c3,0,[]
1982,failed,"['02Dec@1', '05Dec@2']","['DecentralizingAgent', 'DecentralizingAgent']",115,114,AgentMechanismInterface,False,False,True,2,0.04188746213912964,0.15,True,False,,,2,False,,,bc4ae1c8-931c-47b9-a6b9-ea6b2a0ae42f,0,[]
1983,failed,"['02Dec@1', '04Ran@2']","['DecentralizingAgent', 'RandomAgent']",115,114,AgentMechanismInterface,False,False,True,2,0.4360562963411212,0.15,False,False,"(12, 118, 22)",,2,False,,"(12, 118, 22)",bce0d524-2040-4250-99dd-7a15070177b5,0,[]
1984,failed,"['05Dec@2', '02Dec@1']","['DecentralizingAgent', 'DecentralizingAgent']",115,114,AgentMechanismInterface,False,False,True,2,0.3006939450278878,0.15,True,False,,,2,False,,"(20, 119, 21)",7087510e-b7f2-4a18-97ff-242fbf9738ec,0,[]
1985,failed,"['05Dec@2', '02Dec@1']","['DecentralizingAgent', 'DecentralizingAgent']",115,114,AgentMechanismInterface,False,False,True,2,0.12370073981583118,0.15,True,False,,,2,False,,,76b2d0b0-8bdf-478a-8fba-69d4342eb390,0,[]
1986,failed,"['04Ran@2', '02Dec@1']","['RandomAgent', 'DecentralizingAgent']",115,114,AgentMechanismInterface,False,False,True,2,0.1283289147540927,0.15,True,False,,,2,False,,"(1, 116, 1)",90b420ea-a54e-4f45-910d-5d3e9a8b30ca,0,[]
1987,failed,"['02Dec@1', '04Ran@2']","['DecentralizingAgent', 'RandomAgent']",115,114,AgentMechanismInterface,False,False,True,6,0.14092193823307753,0.35,False,False,"(4, 125, 42)",,2,False,,"(4, 125, 42)",9f5f2490-9edf-43e2-9319-2c54e2ac8324,0,[]
1988,failed,"['02Dec@1', '01Ran@0']","['DecentralizingAgent', 'RandomAgent']",115,114,AgentMechanismInterface,False,False,True,7,0.4853393929079175,0.4,False,False,"(3, 116, 1)",,2,False,,"(3, 116, 1)",77021440-d6ee-481a-854d-24e011771cb3,0,"[('77021440-d6ee-481a-854d-24e011771cb3', (3, 116, 1))]"
1989,failed,"['02Dec@1', '04Ran@2']","['DecentralizingAgent', 'RandomAgent']",115,114,AgentMechanismInterface,False,False,True,9,0.19404517114162445,0.5,False,False,"(1, 116, 42)",,2,False,,"(1, 116, 42)",690d39ca-a4be-40f7-b957-431d416b7bdc,0,[]
1990,failed,"['02Dec@1', '05Dec@2']","['DecentralizingAgent', 'DecentralizingAgent']",115,114,AgentMechanismInterface,False,False,True,10,0.1428975434973836,0.55,True,False,,,2,False,,"(1, 119, 22)",1c8e4a42-7132-43d6-8a10-ae0e281d7c03,0,"[('1c8e4a42-7132-43d6-8a10-ae0e281d7c03', (1, 119, 22))]"
1991,failed,"['00Ind@0', '02Dec@1']","['IndDecentralizingAgent', 'DecentralizingAgent']",115,114,AgentMechanismInterface,False,False,True,17,0.29773824382573366,0.9,False,False,"(14, 123, 23)",,2,False,,"(14, 123, 23)",2fa87fe5-8582-47f6-8682-772d121a6ca6,0,"[('2fa87fe5-8582-47f6-8682-772d121a6ca6', (14, 123, 23))]"
1992,failed,"['02Dec@1', '00Ind@0']","['DecentralizingAgent', 'IndDecentralizingAgent']",115,114,AgentMechanismInterface,False,False,True,17,0.4253897499293089,0.9,False,False,"(4, 118, 8)",,2,False,,"(4, 118, 8)",67af4b9b-dbb6-4ad0-9c72-4a84b500ed4e,0,"[('67af4b9b-dbb6-4ad0-9c72-4a84b500ed4e', (4, 118, 8))]"
1993,failed,"['00Ind@0', '03MyA@1']","['IndDecentralizingAgent', 'MyAgent']",115,114,AgentMechanismInterface,False,False,True,17,0.6176848653703928,0.9,False,False,"(14, 122, 25)",,2,False,,"(14, 122, 25)",4492870c-4998-41c6-9720-f642d2b4d170,0,"[('4492870c-4998-41c6-9720-f642d2b4d170', (14, 122, 25))]"
1994,failed,"['02Dec@1', '05Dec@2']","['DecentralizingAgent', 'DecentralizingAgent']",115,114,AgentMechanismInterface,False,False,True,17,0.31008299347013235,0.9,False,False,"(5, 121, 31)",,2,False,,"(5, 121, 31)",97e99adf-ee03-44d8-bd3e-c95785aa0ceb,0,"[('97e99adf-ee03-44d8-bd3e-c95785aa0ceb', (5, 121, 31))]"
1995,failed,"['02Dec@1', '00Ind@0']","['DecentralizingAgent', 'IndDecentralizingAgent']",116,115,AgentMechanismInterface,False,False,True,2,0.21818281803280115,0.15,True,False,,,2,False,,,6b098668-338e-4339-ae31-569bd4fc2be7,0,[]
1996,failed,"['02Dec@1', '05Dec@2']","['DecentralizingAgent', 'DecentralizingAgent']",116,115,AgentMechanismInterface,False,False,True,2,0.22035022545605898,0.15,True,False,,,2,False,,,85753d5e-bedb-41bb-a0d7-0f57a736612e,0,[]
1997,failed,"['05Dec@2', '02Dec@1']","['DecentralizingAgent', 'DecentralizingAgent']",116,115,AgentMechanismInterface,False,False,True,2,0.2262947792187333,0.15,True,False,,,2,False,,,1b9daa98-538e-4f00-a275-18c629b360ce,0,[]
1998,failed,"['05Dec@2', '02Dec@1']","['DecentralizingAgent', 'DecentralizingAgent']",116,115,AgentMechanismInterface,False,False,True,2,0.20574179105460644,0.15,False,False,"(20, 119, 21)",,2,False,,"(20, 119, 21)",68f9be6b-5233-463a-8fc5-96feb87ddb2a,0,[]
1999,failed,"['02Dec@1', '05Dec@2']","['DecentralizingAgent', 'DecentralizingAgent']",116,115,AgentMechanismInterface,False,False,True,2,0.1013030232861638,0.15,True,False,,,2,False,,,8b973a12-6e0d-4710-827a-a9df61ddf7f9,0,[]
2000,failed,"['02Dec@1', '01Ran@0']","['DecentralizingAgent', 'RandomAgent']",116,115,AgentMechanismInterface,False,False,True,2,0.21074248477816582,0.15,True,False,,,2,False,,"(4, 119, 16)",07e3edb9-2133-406b-ad47-849240d89983,0,[]
2001,failed,"['02Dec@1', '01Ran@0']","['DecentralizingAgent', 'RandomAgent']",116,115,AgentMechanismInterface,False,False,True,2,0.23372116591781378,0.15,False,False,"(18, 121, 9)",,2,False,,"(18, 121, 9)",e3fc4867-ff36-4915-bfa3-4c986f6ddb8e,0,[]
2002,failed,"['02Dec@1', '04Ran@2']","['DecentralizingAgent', 'RandomAgent']",116,115,AgentMechanismInterface,False,False,True,2,0.15581750217825174,0.15,False,False,"(21, 118, 25)",,2,False,,"(21, 118, 25)",bbe22d13-9f2d-42da-8278-a190cb71a081,0,[]
2003,failed,"['02Dec@1', '04Ran@2']","['DecentralizingAgent', 'RandomAgent']",116,115,AgentMechanismInterface,False,False,True,2,0.2604926759377122,0.15,True,False,,,2,False,,,19af2b2d-a2e8-4517-a3ef-7cd3acb127fd,0,[]
2004,failed,"['03MyA@1', '01Ran@0']","['MyAgent', 'RandomAgent']",116,115,AgentMechanismInterface,False,False,True,2,0.2508741281926632,0.15,False,False,"(25, 121, 11)",,2,False,,"(25, 121, 11)",58526564-241d-44c1-b3e3-c63748b4ab58,0,"[('58526564-241d-44c1-b3e3-c63748b4ab58', (25, 121, 11))]"
2005,failed,"['02Dec@1', '04Ran@2']","['DecentralizingAgent', 'RandomAgent']",116,115,AgentMechanismInterface,False,False,True,7,0.2958903284743428,0.4,False,False,"(1, 119, 42)",,2,False,,"(1, 119, 42)",73a1360f-fa67-49e9-997e-22ad11161f6a,0,"[('73a1360f-fa67-49e9-997e-22ad11161f6a', (1, 119, 42))]"
2006,failed,"['02Dec@1', '00Ind@0']","['DecentralizingAgent', 'IndDecentralizingAgent']",116,115,AgentMechanismInterface,False,False,True,7,0.14109471067786217,0.4,False,False,"(18, 124, 16)",,2,False,,"(18, 124, 16)",d9bf4ee0-eb88-4bea-aff1-4afa57c0b3c4,0,[]
2007,failed,"['02Dec@1', '05Dec@2']","['DecentralizingAgent', 'DecentralizingAgent']",116,115,AgentMechanismInterface,False,False,True,7,0.34122737124562263,0.4,True,False,,,2,False,,"(1, 117, 21)",b8ceb639-e6d8-4184-bc7b-4f3c37796d07,0,[]
2008,failed,"['04Ran@2', '02Dec@1']","['RandomAgent', 'DecentralizingAgent']",116,115,AgentMechanismInterface,False,False,True,14,0.40317751467227936,0.75,False,False,"(5, 116, 18)",,2,False,,"(5, 116, 18)",46a0a688-d950-4db0-a454-64de2a1954aa,0,[]
2009,failed,"['00Ind@0', '03MyA@1']","['IndDecentralizingAgent', 'MyAgent']",116,115,AgentMechanismInterface,False,False,True,17,0.3013747790828347,0.9,False,False,"(15, 124, 23)",,2,False,,"(15, 124, 23)",3128bc5f-bbd8-499b-9efe-acf9c7c44760,0,[]
2010,failed,"['00Ind@0', '02Dec@1']","['IndDecentralizingAgent', 'DecentralizingAgent']",116,115,AgentMechanismInterface,False,False,True,17,0.34446191135793924,0.9,False,False,"(15, 123, 25)",,2,False,,"(15, 123, 25)",e80840a0-36f9-4b3b-826d-41e9bbd475b2,0,[]
2011,failed,"['02Dec@1', '00Ind@0']","['DecentralizingAgent', 'IndDecentralizingAgent']",117,116,AgentMechanismInterface,False,False,True,2,0.049959778785705566,0.15,True,False,,,2,False,,"(2, 126, 16)",8f3b0735-2f3d-4b73-a550-c724fb0c6b2e,0,[]
2012,failed,"['05Dec@2', '02Dec@1']","['DecentralizingAgent', 'DecentralizingAgent']",117,116,AgentMechanismInterface,False,False,True,2,0.12619286496192217,0.15,True,False,,,2,False,,"(10, 121, 21)",56964449-5abb-4ac3-ab3b-e22c3806e633,0,[]
2013,failed,"['02Dec@1', '04Ran@2']","['DecentralizingAgent', 'RandomAgent']",117,116,AgentMechanismInterface,False,False,True,2,0.08383412193506956,0.15,True,False,,,2,False,,"(3, 119, 21)",40b0a548-1404-47ab-b9fc-ac10eb867685,0,[]
2014,failed,"['03MyA@1', '00Ind@0']","['MyAgent', 'IndDecentralizingAgent']",117,116,AgentMechanismInterface,False,False,True,2,0.1988731026649475,0.15,False,False,"(31, 126, 16)",,2,False,,"(31, 126, 16)",75223e95-02d1-488c-b4ad-a70747a52a96,0,[]
2015,failed,"['02Dec@1', '05Dec@2']","['DecentralizingAgent', 'DecentralizingAgent']",117,116,AgentMechanismInterface,False,False,True,2,0.04089928697794676,0.15,True,False,,,2,False,,,54676332-c332-4838-b31d-ec77529f87ab,0,[]
2016,failed,"['02Dec@1', '04Ran@2']","['DecentralizingAgent', 'RandomAgent']",117,116,AgentMechanismInterface,False,False,True,2,0.09209233336150646,0.15,False,False,"(1, 117, 36)",,2,False,,"(1, 117, 36)",e76af061-320e-4ec2-9f49-ad8ff753529d,0,[]
2017,failed,"['02Dec@1', '04Ran@2']","['DecentralizingAgent', 'RandomAgent']",117,116,AgentMechanismInterface,False,False,True,2,0.12533618789166212,0.15,False,False,"(9, 118, 39)",,2,False,,"(9, 118, 39)",c04ed39c-6d42-4862-8e37-59db7884ba61,0,[]
2018,failed,"['03MyA@1', '01Ran@0']","['MyAgent', 'RandomAgent']",117,116,AgentMechanismInterface,False,False,True,2,1.303463832475245,0.15,False,False,"(33, 122, 7)",,2,False,,"(33, 122, 7)",5ed4f72c-3e7b-4782-b745-6ef20c351fa9,0,"[('5ed4f72c-3e7b-4782-b745-6ef20c351fa9', (33, 122, 7))]"
2019,failed,"['02Dec@1', '01Ran@0']","['DecentralizingAgent', 'RandomAgent']",117,116,AgentMechanismInterface,False,False,True,2,0.15184222906827927,0.15,True,False,,,2,False,,,bcc1f618-db51-4be6-a779-6250b72053c4,0,[]
2020,failed,"['02Dec@1', '01Ran@0']","['DecentralizingAgent', 'RandomAgent']",117,116,AgentMechanismInterface,False,False,True,13,0.2141143847256899,0.7,False,False,"(5, 125, 3)",,2,False,,"(5, 125, 3)",7ae2edde-a7e4-43bb-ade9-06bdc779426e,0,"[('7ae2edde-a7e4-43bb-ade9-06bdc779426e', (5, 125, 3))]"
2021,failed,"['04Ran@2', '02Dec@1']","['RandomAgent', 'DecentralizingAgent']",117,116,AgentMechanismInterface,False,False,True,13,0.22588417679071426,0.7,False,False,"(6, 117, 18)",,2,False,,"(6, 117, 18)",9fd9b06a-7d4f-4a28-abd4-48984c0b0cc9,0,"[('9fd9b06a-7d4f-4a28-abd4-48984c0b0cc9', (6, 117, 18))]"
2022,failed,"['02Dec@1', '01Ran@0']","['DecentralizingAgent', 'RandomAgent']",117,116,AgentMechanismInterface,False,False,True,13,0.22202518675476313,0.7,False,False,"(2, 117, 1)",,2,False,,"(2, 117, 1)",c712410f-d17e-47a1-b180-d635ab4219c1,0,"[('c712410f-d17e-47a1-b180-d635ab4219c1', (2, 117, 1))]"
2023,failed,"['02Dec@1', '00Ind@0']","['DecentralizingAgent', 'IndDecentralizingAgent']",117,116,AgentMechanismInterface,False,False,True,14,0.2943079089745879,0.75,True,False,,,2,False,,"(5, 117, 14)",8ab1f086-c291-4eeb-91bb-fabf95207936,0,[]
2024,failed,"['02Dec@1', '04Ran@2']","['DecentralizingAgent', 'RandomAgent']",117,116,AgentMechanismInterface,False,False,True,15,0.20078441686928272,0.8,False,False,"(1, 122, 36)",,2,False,,"(1, 122, 36)",c0ac0df0-3884-451a-a4b9-83b3c6437008,0,"[('c0ac0df0-3884-451a-a4b9-83b3c6437008', (1, 122, 36))]"
2025,failed,"['02Dec@1', '05Dec@2']","['DecentralizingAgent', 'DecentralizingAgent']",117,116,AgentMechanismInterface,False,False,True,17,0.4343404471874237,0.9,False,False,"(5, 126, 32)",,2,False,,"(5, 126, 32)",47c43f9e-c0d5-48cd-8705-e6f3c38c982c,0,"[('47c43f9e-c0d5-48cd-8705-e6f3c38c982c', (5, 126, 32))]"
2026,failed,"['02Dec@1', '00Ind@0']","['DecentralizingAgent', 'IndDecentralizingAgent']",117,116,AgentMechanismInterface,False,False,True,17,0.33101042453199625,0.9,False,False,"(5, 119, 9)",,2,False,,"(5, 119, 9)",4f646754-bc80-4ab8-9454-17743e2a4286,0,"[('4f646754-bc80-4ab8-9454-17743e2a4286', (5, 119, 9))]"
2027,failed,"['00Ind@0', '03MyA@1']","['IndDecentralizingAgent', 'MyAgent']",117,116,AgentMechanismInterface,False,False,True,17,0.34625100158154964,0.9,False,False,"(14, 124, 25)",,2,False,,"(14, 124, 25)",d14a6f59-4091-4eb1-a137-4c128e7b4503,0,"[('d14a6f59-4091-4eb1-a137-4c128e7b4503', (14, 124, 25))]"
2028,failed,"['03MyA@1', '01Ran@0']","['MyAgent', 'RandomAgent']",118,117,AgentMechanismInterface,False,False,True,2,0.18733598571270704,0.15,False,False,"(5, 126, 8)",,2,False,,"(5, 126, 8)",5f3c5b97-0696-40d1-8cb3-8614d93b3891,0,[]
2029,failed,"['02Dec@1', '05Dec@2']","['DecentralizingAgent', 'DecentralizingAgent']",118,117,AgentMechanismInterface,False,False,True,2,0.1245803888887167,0.15,True,False,,,2,False,,,f673b035-b16b-42eb-be19-8ccd693fba22,0,[]
2030,failed,"['02Dec@1', '00Ind@0']","['DecentralizingAgent', 'IndDecentralizingAgent']",118,117,AgentMechanismInterface,False,False,True,2,0.049957613460719585,0.15,True,False,,,2,False,,"(4, 127, 16)",75b8b13e-e796-48b7-9521-23b3b386b78e,0,[]
2031,failed,"['02Dec@1', '05Dec@2']","['DecentralizingAgent', 'DecentralizingAgent']",118,117,AgentMechanismInterface,False,False,True,2,0.17775474954396486,0.15,True,False,,,2,False,,,bacbf712-3750-4173-a682-9e5e49e54135,0,[]
2032,failed,"['02Dec@1', '04Ran@2']","['DecentralizingAgent', 'RandomAgent']",118,117,AgentMechanismInterface,False,False,True,2,0.03356292191892862,0.15,True,False,,,2,False,,,921ba6ad-02c6-4b00-9f34-25f2c7fb3a26,0,[]
2033,failed,"['05Dec@2', '02Dec@1']","['DecentralizingAgent', 'DecentralizingAgent']",118,117,AgentMechanismInterface,False,False,True,2,0.1531618507578969,0.15,False,False,"(9, 124, 21)",,2,False,,"(9, 124, 21)",1f89f030-8fc1-48d8-a715-408273085638,0,[]
2034,failed,"['02Dec@1', '00Ind@0']","['DecentralizingAgent', 'IndDecentralizingAgent']",118,117,AgentMechanismInterface,False,False,True,2,0.1908128885552287,0.15,True,False,,,2,False,,,1bd29a91-91ca-4605-a88c-e3117cc0a43e,0,[]
2035,failed,"['03MyA@1', '01Ran@0']","['MyAgent', 'RandomAgent']",118,117,AgentMechanismInterface,False,False,True,2,0.19383721519261599,0.15,False,False,"(11, 123, 15)",,2,False,,"(11, 123, 15)",2d507cce-b93c-4a40-8eff-1d892f15939c,0,[]
2036,failed,"['04Ran@2', '02Dec@1']","['RandomAgent', 'DecentralizingAgent']",118,117,AgentMechanismInterface,False,False,True,2,0.2194247841835022,0.15,True,False,,,2,False,,,cf393397-b9a6-41cf-9c6d-5a6c1554edc7,0,[]
2037,failed,"['02Dec@1', '04Ran@2']","['DecentralizingAgent', 'RandomAgent']",118,117,AgentMechanismInterface,False,False,True,2,0.2642197022214532,0.15,False,False,"(5, 119, 42)",,2,False,,"(5, 119, 42)",7013cab4-4b58-4b64-982a-1d7291a605a8,0,[]
2038,failed,"['02Dec@1', '04Ran@2']","['DecentralizingAgent', 'RandomAgent']",118,117,AgentMechanismInterface,False,False,True,6,0.15010190848261118,0.35,False,False,"(5, 118, 38)",,2,False,,"(5, 118, 38)",3854d10c-bbeb-44b5-8884-5043530b1d76,0,[]
2039,failed,"['02Dec@1', '01Ran@0']","['DecentralizingAgent', 'RandomAgent']",118,117,AgentMechanismInterface,False,False,True,16,0.16932457499206066,0.85,False,False,"(2, 118, 5)",,2,False,,"(2, 118, 5)",e6e19b11-e870-42bb-b13d-7ad3a0fcd220,0,[]
2040,failed,"['05Dec@2', '02Dec@1']","['DecentralizingAgent', 'DecentralizingAgent']",118,117,AgentMechanismInterface,False,False,True,17,0.33240036852657795,0.9,False,False,"(9, 123, 10)",,2,False,,"(9, 123, 10)",9dc8f617-8c57-4f21-a7e0-d2cdec1f5906,0,"[('9dc8f617-8c57-4f21-a7e0-d2cdec1f5906', (9, 123, 10))]"
2041,failed,"['02Dec@1', '00Ind@0']","['DecentralizingAgent', 'IndDecentralizingAgent']",118,117,AgentMechanismInterface,False,False,True,17,0.2901906054466963,0.9,False,False,"(5, 121, 8)",,2,False,,"(5, 121, 8)",eadf86fd-d038-4999-9a0c-331d91e4b5e8,0,"[('eadf86fd-d038-4999-9a0c-331d91e4b5e8', (5, 121, 8))]"
2042,failed,"['03MyA@1', '00Ind@0']","['MyAgent', 'IndDecentralizingAgent']",119,118,AgentMechanismInterface,False,False,True,2,0.10827493760734797,0.15,False,False,"(45, 128, 16)",,2,False,,"(45, 128, 16)",249dd6ef-fa81-445c-9d4b-1cba77598e5a,0,"[('249dd6ef-fa81-445c-9d4b-1cba77598e5a', (45, 128, 16))]"
2043,failed,"['02Dec@1', '01Ran@0']","['DecentralizingAgent', 'RandomAgent']",119,118,AgentMechanismInterface,False,False,True,2,0.026704296469688416,0.15,True,False,,,2,False,,,05d095ec-484f-430b-b17d-7510a5cc597e,0,[]
2044,failed,"['02Dec@1', '04Ran@2']","['DecentralizingAgent', 'RandomAgent']",119,118,AgentMechanismInterface,False,False,True,2,0.009342863224446774,0.15,True,False,,,2,False,,,d4251da7-1ac1-4c8e-851e-5d852680e219,0,[]
2045,failed,"['02Dec@1', '04Ran@2']","['DecentralizingAgent', 'RandomAgent']",119,118,AgentMechanismInterface,False,False,True,2,0.025811227038502693,0.15,False,False,"(7, 121, 29)",,2,False,,"(7, 121, 29)",f6aa4cc4-f0f4-40b5-910d-b3de350fcab0,0,[]
2046,failed,"['05Dec@2', '02Dec@1']","['DecentralizingAgent', 'DecentralizingAgent']",119,118,AgentMechanismInterface,False,False,True,2,0.02903883531689644,0.15,True,False,,,2,False,,,7563aca0-125b-45c7-8c30-27dc1f27690d,0,[]
2047,failed,"['05Dec@2', '02Dec@1']","['DecentralizingAgent', 'DecentralizingAgent']",119,118,AgentMechanismInterface,False,False,True,2,0.061688623391091824,0.15,True,False,,,2,False,,,ea121568-20c8-4e93-adda-ca4d4ead2136,0,[]
2048,failed,"['02Dec@1', '04Ran@2']","['DecentralizingAgent', 'RandomAgent']",119,118,AgentMechanismInterface,False,False,True,2,0.24402527324855328,0.15,True,False,,,2,False,,,41d6ac4f-d8b5-4c7c-a933-630b5c59c61a,0,[]
2049,failed,"['02Dec@1', '05Dec@2']","['DecentralizingAgent', 'DecentralizingAgent']",119,118,AgentMechanismInterface,False,False,True,2,0.06418124213814735,0.15,True,False,,,2,False,,,fcf9d675-1b16-4e52-b8cb-2b388a268797,0,[]
2050,failed,"['02Dec@1', '00Ind@0']","['DecentralizingAgent', 'IndDecentralizingAgent']",119,118,AgentMechanismInterface,False,False,True,2,0.21491704229265451,0.15,True,False,,,2,False,,"(4, 127, 16)",154dd4e9-b250-4a9f-be95-62ea6be689e9,0,[]
2051,failed,"['02Dec@1', '05Dec@2']","['DecentralizingAgent', 'DecentralizingAgent']",119,118,AgentMechanismInterface,False,False,True,2,0.08298058994114399,0.15,True,False,,,2,False,,,ebefcf03-a6c0-4d2b-9306-5bbb70715665,0,[]
2052,failed,"['04Ran@2', '02Dec@1']","['RandomAgent', 'DecentralizingAgent']",119,118,AgentMechanismInterface,False,False,True,2,0.09101347252726555,0.15,True,False,,,2,False,,"(4, 123, 6)",5da76938-c367-4a06-aa8a-147b26ffc7e6,0,[]
2053,failed,"['03MyA@1', '00Ind@0']","['MyAgent', 'IndDecentralizingAgent']",119,118,AgentMechanismInterface,False,False,True,8,0.22219703532755375,0.45,False,False,"(17, 125, 16)",,2,False,,"(17, 125, 16)",822e25c8-e97a-43f7-9b8d-7175497cd39b,0,[]
2054,failed,"['02Dec@1', '04Ran@2']","['DecentralizingAgent', 'RandomAgent']",119,118,AgentMechanismInterface,False,False,True,10,0.25788551568984985,0.55,False,False,"(21, 124, 42)",,2,False,,"(21, 124, 42)",e04cf82b-6db4-4235-b51d-c3e078691f56,0,[]
2055,failed,"['02Dec@1', '05Dec@2']","['DecentralizingAgent', 'DecentralizingAgent']",119,118,AgentMechanismInterface,False,False,True,17,0.4006442176178098,0.9,False,False,"(23, 129, 30)",,2,False,,"(23, 129, 30)",e107ca81-74a4-40b5-bad7-316133c4f202,0,[]
2056,failed,"['02Dec@1', '01Ran@0']","['DecentralizingAgent', 'RandomAgent']",120,119,AgentMechanismInterface,False,False,True,2,0.031824301928281784,0.15,True,False,,,2,False,,,8f850287-d4e6-4521-b381-7980b4bb07a2,0,[]
2057,failed,"['02Dec@1', '04Ran@2']","['DecentralizingAgent', 'RandomAgent']",120,119,AgentMechanismInterface,False,False,True,2,0.026128007099032402,0.15,False,False,"(27, 121, 24)",,2,False,,"(27, 121, 24)",a305471f-56cd-41c2-8913-a59c99ea3ac9,0,[]
2058,failed,"['05Dec@2', '02Dec@1']","['DecentralizingAgent', 'DecentralizingAgent']",120,119,AgentMechanismInterface,False,False,True,2,0.04057422839105129,0.15,True,False,,,2,False,,,e80908d4-7e76-442a-8f73-17dc84790789,0,[]
2059,failed,"['02Dec@1', '05Dec@2']","['DecentralizingAgent', 'DecentralizingAgent']",120,119,AgentMechanismInterface,False,False,True,2,0.02083798125386238,0.15,True,False,,,2,False,,,e2241870-d946-4503-9712-df5f53da3a10,0,[]
2060,failed,"['02Dec@1', '00Ind@0']","['DecentralizingAgent', 'IndDecentralizingAgent']",120,119,AgentMechanismInterface,False,False,True,2,0.04959580581635237,0.15,True,False,,,2,False,,,14c9e3f5-cb90-496d-81b3-a44545df4b21,0,[]
2061,failed,"['02Dec@1', '04Ran@2']","['DecentralizingAgent', 'RandomAgent']",120,119,AgentMechanismInterface,False,False,True,2,0.029586522839963436,0.15,True,False,,,2,False,,,b3d3eea0-8aa7-435d-aa51-2cc90ea011c7,0,[]
2062,failed,"['04Ran@2', '02Dec@1']","['RandomAgent', 'DecentralizingAgent']",120,119,AgentMechanismInterface,False,False,True,11,0.1156717287376523,0.6,False,False,"(13, 122, 20)",,2,False,,"(13, 122, 20)",617b8e65-0f4f-47fb-946b-15b9d657aacb,0,[]
2063,failed,"['02Dec@1', '04Ran@2']","['DecentralizingAgent', 'RandomAgent']",120,119,AgentMechanismInterface,False,False,True,13,0.13209455832839012,0.7,False,False,"(1, 125, 40)",,2,False,,"(1, 125, 40)",ff6a9330-3bbb-4c7d-b6e4-6c99d8a4005d,0,[]
2064,failed,"['02Dec@1', '05Dec@2']","['DecentralizingAgent', 'DecentralizingAgent']",120,119,AgentMechanismInterface,False,False,True,14,0.11221272312104702,0.75,True,False,,,2,False,,"(1, 130, 24)",dad0104d-b5a4-4683-a269-473bc6e8d21c,0,[]
2065,failed,"['00Ind@0', '03MyA@1']","['IndDecentralizingAgent', 'MyAgent']",120,119,AgentMechanismInterface,False,False,True,17,0.28394131176173687,0.9,False,False,"(15, 127, 25)",,2,False,,"(15, 127, 25)",00416540-70f9-4abb-8f85-acdff19274ff,0,[]
2066,failed,"['00Ind@0', '02Dec@1']","['IndDecentralizingAgent', 'DecentralizingAgent']",120,119,AgentMechanismInterface,False,False,True,17,0.25828982796519995,0.9,False,False,"(15, 127, 25)",,2,False,,"(15, 127, 25)",637c2947-7cbc-4978-b16f-a87409541b11,0,[]
2067,failed,"['02Dec@1', '00Ind@0']","['DecentralizingAgent', 'IndDecentralizingAgent']",121,120,AgentMechanismInterface,False,False,True,2,0.007152607664465904,0.15,True,False,,,2,False,,,f2908517-4ace-4d79-b4d2-32ff09d260a5,0,[]
2068,failed,"['02Dec@1', '05Dec@2']","['DecentralizingAgent', 'DecentralizingAgent']",121,120,AgentMechanismInterface,False,False,True,2,0.1844978155568242,0.15,True,False,,,2,False,,,b412729c-524a-4de8-bdc2-eb096f597da5,0,[]
2069,failed,"['02Dec@1', '04Ran@2']","['DecentralizingAgent', 'RandomAgent']",121,120,AgentMechanismInterface,False,False,True,2,0.11615986656397581,0.15,False,False,"(2, 121, 23)",,2,False,,"(2, 121, 23)",96487984-683c-449a-ae07-89f3dfa6f3fe,0,[]
2070,failed,"['03MyA@1', '01Ran@0']","['MyAgent', 'RandomAgent']",121,120,AgentMechanismInterface,False,False,True,2,0.11947526503354311,0.15,False,False,"(47, 124, 13)",,2,False,,"(47, 124, 13)",6e2c6706-1a61-4a6b-b3b7-caba766b812b,0,"[('6e2c6706-1a61-4a6b-b3b7-caba766b812b', (47, 124, 13))]"
2071,failed,"['02Dec@1', '01Ran@0']","['DecentralizingAgent', 'RandomAgent']",121,120,AgentMechanismInterface,False,False,True,2,0.14407273195683956,0.15,True,False,,,2,False,,,fa1f3d3d-3d5c-4534-8552-b9d34d1ba14d,0,[]
2072,failed,"['02Dec@1', '00Ind@0']","['DecentralizingAgent', 'IndDecentralizingAgent']",121,120,AgentMechanismInterface,False,False,True,8,0.2571253878995776,0.45,False,False,"(15, 127, 16)",,2,False,,"(15, 127, 16)",c1160b21-61dc-427c-9a17-d69cc7a8d40f,0,[]
2073,failed,"['02Dec@1', '04Ran@2']","['DecentralizingAgent', 'RandomAgent']",121,120,AgentMechanismInterface,False,False,True,11,0.20622840896248817,0.6,False,False,"(1, 125, 41)",,2,False,,"(1, 125, 41)",bf8aa6dd-5872-4f6f-8706-0c842babaf9a,0,"[('bf8aa6dd-5872-4f6f-8706-0c842babaf9a', (1, 125, 41))]"
2074,failed,"['02Dec@1', '05Dec@2']","['DecentralizingAgent', 'DecentralizingAgent']",121,120,AgentMechanismInterface,False,False,True,12,0.25501070637255907,0.65,True,False,,,2,False,,"(1, 130, 22)",f48d5229-d2a3-43d4-a552-3ed3c9179f5f,0,[]
2075,failed,"['02Dec@1', '01Ran@0']","['DecentralizingAgent', 'RandomAgent']",121,120,AgentMechanismInterface,False,False,True,14,0.12799836415797472,0.75,False,False,"(2, 122, 4)",,2,False,,"(2, 122, 4)",1ff11639-e5f4-40da-8718-2f06a532ea88,0,[]
2076,failed,"['00Ind@0', '03MyA@1']","['IndDecentralizingAgent', 'MyAgent']",121,120,AgentMechanismInterface,False,False,True,17,0.22489992156624794,0.9,False,False,"(12, 127, 25)",,2,False,,"(12, 127, 25)",491c4b65-c340-40c2-924c-19a84c47d3e7,0,"[('491c4b65-c340-40c2-924c-19a84c47d3e7', (12, 127, 25))]"
2077,failed,"['00Ind@0', '02Dec@1']","['IndDecentralizingAgent', 'DecentralizingAgent']",121,120,AgentMechanismInterface,False,False,True,17,0.3408766044303775,0.9,False,False,"(12, 130, 23)",,2,False,,"(12, 130, 23)",f56efe58-d5fa-4485-aede-850c22177624,0,"[('f56efe58-d5fa-4485-aede-850c22177624', (12, 130, 23))]"
2078,failed,"['02Dec@1', '00Ind@0']","['DecentralizingAgent', 'IndDecentralizingAgent']",121,120,AgentMechanismInterface,False,False,True,17,0.3049441361799836,0.9,False,False,"(5, 123, 8)",,2,False,,"(5, 123, 8)",f8466808-8e86-497f-a2e8-4062e89b9fa7,0,"[('f8466808-8e86-497f-a2e8-4062e89b9fa7', (5, 123, 8))]"
2079,failed,"['05Dec@2', '02Dec@1']","['DecentralizingAgent', 'DecentralizingAgent']",122,121,AgentMechanismInterface,False,False,True,2,0.03542466089129448,0.15,True,False,,,2,False,,,9c2e9835-36a8-4cd6-8b1c-8c2e80834cc6,0,[]
2080,failed,"['03MyA@1', '01Ran@0']","['MyAgent', 'RandomAgent']",122,121,AgentMechanismInterface,False,False,True,2,0.06614211853593588,0.15,False,False,"(7, 124, 13)",,2,False,,"(7, 124, 13)",97c48546-8720-47f4-bfe2-fb55bbd0c15b,0,[]
2081,failed,"['02Dec@1', '00Ind@0']","['DecentralizingAgent', 'IndDecentralizingAgent']",122,121,AgentMechanismInterface,False,False,True,2,0.06642817053943872,0.15,True,False,,,2,False,,"(8, 132, 16)",295281ef-968a-405e-82b3-41451de23480,0,[]
2082,failed,"['02Dec@1', '04Ran@2']","['DecentralizingAgent', 'RandomAgent']",122,121,AgentMechanismInterface,False,False,True,2,0.07211264129728079,0.15,False,False,"(4, 122, 26)",,2,False,,"(4, 122, 26)",57f2c88c-5038-47c6-80f6-df133934fb18,0,[]
2083,failed,"['03MyA@1', '01Ran@0']","['MyAgent', 'RandomAgent']",122,121,AgentMechanismInterface,False,False,True,2,0.20308729354292154,0.15,False,False,"(23, 130, 12)",,2,False,,"(23, 130, 12)",25614cb0-ccb7-4786-b902-0563f1c8a891,0,"[('25614cb0-ccb7-4786-b902-0563f1c8a891', (23, 130, 12))]"
2084,failed,"['02Dec@1', '01Ran@0']","['DecentralizingAgent', 'RandomAgent']",122,121,AgentMechanismInterface,False,False,True,2,0.13019344583153725,0.15,False,False,"(1, 125, 11)",,2,False,,"(1, 125, 11)",2327b5a3-44ce-4513-ab10-aaf9873270d5,0,[]
2085,failed,"['04Ran@2', '02Dec@1']","['RandomAgent', 'DecentralizingAgent']",122,121,AgentMechanismInterface,False,False,True,13,0.22352414671331644,0.7,False,False,"(3, 124, 19)",,2,False,,"(3, 124, 19)",095203bf-e9e0-485f-97ca-ffdcfd7a13f9,0,[]
2086,failed,"['02Dec@1', '04Ran@2']","['DecentralizingAgent', 'RandomAgent']",122,121,AgentMechanismInterface,False,False,True,13,0.1862221136689186,0.7,False,False,"(1, 128, 42)",,2,False,,"(1, 128, 42)",948122c7-10c3-4fbe-85f5-c67265eb3cd1,0,[]
2087,failed,"['02Dec@1', '04Ran@2']","['DecentralizingAgent', 'RandomAgent']",122,121,AgentMechanismInterface,False,False,True,14,0.1557585308328271,0.75,False,False,"(5, 130, 37)",,2,False,,"(5, 130, 37)",cd265966-d59f-4e81-9708-8e469186d011,0,"[('cd265966-d59f-4e81-9708-8e469186d011', (5, 130, 37))]"
2088,failed,"['02Dec@1', '05Dec@2']","['DecentralizingAgent', 'DecentralizingAgent']",122,121,AgentMechanismInterface,False,False,True,14,0.201895403675735,0.75,True,False,,,2,False,,"(1, 126, 26)",69281898-88f2-42ef-9fce-0d38feadc0c5,0,"[('69281898-88f2-42ef-9fce-0d38feadc0c5', (1, 126, 26))]"
2089,failed,"['02Dec@1', '05Dec@2']","['DecentralizingAgent', 'DecentralizingAgent']",122,121,AgentMechanismInterface,False,False,True,15,0.20449372567236423,0.8,True,False,,,2,False,,"(5, 129, 26)",0b731815-a992-4fef-9d25-36046e4acad8,0,[]
2090,failed,"['02Dec@1', '00Ind@0']","['DecentralizingAgent', 'IndDecentralizingAgent']",122,121,AgentMechanismInterface,False,False,True,17,0.18788754008710384,0.9,False,False,"(5, 127, 9)",,2,False,,"(5, 127, 9)",c11d968a-6e3b-434b-b335-445574421a5a,0,"[('c11d968a-6e3b-434b-b335-445574421a5a', (5, 127, 9))]"
2091,failed,"['02Dec@1', '01Ran@0']","['DecentralizingAgent', 'RandomAgent']",122,121,AgentMechanismInterface,False,False,True,17,0.26151180546730757,0.9,False,False,"(5, 128, 7)",,2,False,,"(5, 128, 7)",815a3129-304f-4f91-9dc2-d8891c21c916,0,[]
2092,failed,"['03MyA@1', '00Ind@0']","['MyAgent', 'IndDecentralizingAgent']",123,122,AgentMechanismInterface,False,False,True,2,0.08400418609380722,0.15,True,False,,,2,False,,"(1, 131, 16)",b283800a-45a2-4ecc-b02a-42282296aee2,0,[]
2093,failed,"['02Dec@1', '01Ran@0']","['DecentralizingAgent', 'RandomAgent']",123,122,AgentMechanismInterface,False,False,True,2,0.059880590066313744,0.15,False,False,"(6, 125, 4)",,2,False,,"(6, 125, 4)",99daac5a-0539-43c9-8d66-0722267d7e7f,0,[]
2094,failed,"['03MyA@1', '01Ran@0']","['MyAgent', 'RandomAgent']",123,122,AgentMechanismInterface,False,False,True,2,0.07454951480031013,0.15,False,False,"(23, 132, 2)",,2,False,,"(23, 132, 2)",a4391894-ec39-49d2-b301-a80ab2fd8932,0,"[('a4391894-ec39-49d2-b301-a80ab2fd8932', (23, 132, 2))]"
2095,failed,"['04Ran@2', '02Dec@1']","['RandomAgent', 'DecentralizingAgent']",123,122,AgentMechanismInterface,False,False,True,2,0.04144733026623726,0.15,True,False,,,2,False,,"(3, 124, 15)",e516c9b1-b06e-4903-b80b-cd64bea10fe4,0,[]
2096,failed,"['02Dec@1', '04Ran@2']","['DecentralizingAgent', 'RandomAgent']",123,122,AgentMechanismInterface,False,False,True,2,0.16067441646009684,0.15,False,False,"(14, 124, 37)",,2,False,,"(14, 124, 37)",f5f0f9a7-141e-46a8-b2d3-4f54bf9fd9d0,0,[]
2097,failed,"['02Dec@1', '04Ran@2']","['DecentralizingAgent', 'RandomAgent']",123,122,AgentMechanismInterface,False,False,True,12,0.11871465761214495,0.65,False,False,"(3, 130, 40)",,2,False,,"(3, 130, 40)",ed5f348c-45c5-436d-b134-f5e4c96c13b0,0,"[('ed5f348c-45c5-436d-b134-f5e4c96c13b0', (3, 130, 40))]"
2098,failed,"['02Dec@1', '04Ran@2']","['DecentralizingAgent', 'RandomAgent']",123,122,AgentMechanismInterface,False,False,True,13,0.18098014034330845,0.7,False,False,"(14, 132, 40)",,2,False,,"(14, 132, 40)",97d81d3c-dcde-4876-9bdb-89670e820b14,0,[]
2099,failed,"['02Dec@1', '04Ran@2']","['DecentralizingAgent', 'RandomAgent']",123,122,AgentMechanismInterface,False,False,True,13,0.2914135381579399,0.7,False,False,"(1, 127, 40)",,2,False,,"(1, 127, 40)",3162fee4-214f-42f8-90e5-40b7c977692f,0,"[('3162fee4-214f-42f8-90e5-40b7c977692f', (1, 127, 40))]"
2100,failed,"['02Dec@1', '05Dec@2']","['DecentralizingAgent', 'DecentralizingAgent']",123,122,AgentMechanismInterface,False,False,True,13,0.2104984251782298,0.7,True,False,,,2,False,,"(1, 130, 23)",fc0b4345-45d8-413c-b9f1-d7f2eaaedb17,0,[]
2101,failed,"['00Ind@0', '02Dec@1']","['IndDecentralizingAgent', 'DecentralizingAgent']",123,122,AgentMechanismInterface,False,False,True,17,0.3868726724758744,0.9,False,False,"(18, 132, 23)",,2,False,,"(18, 132, 23)",f2443ee9-018b-4be9-ba9d-2cf3ad25e205,0,[]
2102,failed,"['00Ind@0', '03MyA@1']","['IndDecentralizingAgent', 'MyAgent']",123,122,AgentMechanismInterface,False,False,True,17,0.37471099477261305,0.9,False,False,"(18, 132, 23)",,2,False,,"(18, 132, 23)",be4c1f40-d210-49ad-8789-84cd4ffd054e,0,[]
2103,failed,"['02Dec@1', '05Dec@2']","['DecentralizingAgent', 'DecentralizingAgent']",123,122,AgentMechanismInterface,False,False,True,17,0.310959167778492,0.9,False,False,"(5, 128, 31)",,2,False,,"(5, 128, 31)",2ebed260-178f-4211-a3d0-91f184f074c5,0,"[('2ebed260-178f-4211-a3d0-91f184f074c5', (5, 128, 31))]"
2104,failed,"['02Dec@1', '05Dec@2']","['DecentralizingAgent', 'DecentralizingAgent']",123,122,AgentMechanismInterface,False,False,True,17,0.5293765459209681,0.9,False,False,"(19, 133, 30)",,2,False,,"(19, 133, 30)",69f7c42a-67f3-4747-bf23-4d20de09fa14,0,[]
2105,failed,"['05Dec@2', '02Dec@1']","['DecentralizingAgent', 'DecentralizingAgent']",123,122,AgentMechanismInterface,False,False,True,17,0.38076816964894533,0.9,False,False,"(13, 125, 12)",,2,False,,"(13, 125, 12)",9d2ccb07-ebc3-491f-85df-1c9eca3fb856,0,"[('9d2ccb07-ebc3-491f-85df-1c9eca3fb856', (13, 125, 12))]"
2106,failed,"['03MyA@1', '00Ind@0']","['MyAgent', 'IndDecentralizingAgent']",124,123,AgentMechanismInterface,False,False,True,2,0.024122821167111397,0.15,True,False,,,2,False,,,6662d4f5-3c44-4c52-9351-db6b4d33d508,0,[]
2107,failed,"['02Dec@1', '00Ind@0']","['DecentralizingAgent', 'IndDecentralizingAgent']",124,123,AgentMechanismInterface,False,False,True,2,0.2089174622669816,0.15,True,False,,,2,False,,,756433f8-a006-410f-9fb7-dafccb720f5a,0,[]
2108,failed,"['05Dec@2', '02Dec@1']","['DecentralizingAgent', 'DecentralizingAgent']",124,123,AgentMechanismInterface,False,False,True,2,0.22254113666713238,0.15,False,False,"(42, 133, 21)",,2,False,,"(42, 133, 21)",22e98865-78b2-460f-a8ee-5c5989477afb,0,[]
2109,failed,"['02Dec@1', '04Ran@2']","['DecentralizingAgent', 'RandomAgent']",124,123,AgentMechanismInterface,False,False,True,2,0.09512813203036785,0.15,False,False,"(17, 126, 23)",,2,False,,"(17, 126, 23)",d527c4be-eed0-4cca-89d8-915dec6336ac,0,[]
2110,failed,"['02Dec@1', '04Ran@2']","['DecentralizingAgent', 'RandomAgent']",124,123,AgentMechanismInterface,False,False,True,2,0.04623174946755171,0.15,False,False,"(1, 126, 31)",,2,False,,"(1, 126, 31)",9a6dfff1-ff00-4161-a15c-f3cc5f7e327d,0,[]
2111,failed,"['03MyA@1', '00Ind@0']","['MyAgent', 'IndDecentralizingAgent']",124,123,AgentMechanismInterface,False,False,True,2,0.36233952548354864,0.15,False,False,"(52, 134, 16)",,2,False,,"(52, 134, 16)",67bf3faa-f59d-4a28-98a8-19a05b20eee1,0,[]
2112,failed,"['04Ran@2', '02Dec@1']","['RandomAgent', 'DecentralizingAgent']",124,123,AgentMechanismInterface,False,False,True,2,0.12234434764832258,0.15,True,False,,,2,False,,"(3, 124, 12)",fe63e649-cb6c-4be5-9422-8b9555a64e37,0,[]
2113,failed,"['03MyA@1', '00Ind@0']","['MyAgent', 'IndDecentralizingAgent']",124,123,AgentMechanismInterface,False,False,True,8,0.18811303935945034,0.45,False,False,"(12, 130, 16)",,2,False,,"(12, 130, 16)",3e99d9f0-2015-4054-a0a0-fe74462d610b,0,[]
2114,failed,"['02Dec@1', '01Ran@0']","['DecentralizingAgent', 'RandomAgent']",124,123,AgentMechanismInterface,False,False,True,12,0.12733361218124628,0.65,False,False,"(5, 124, 3)",,2,False,,"(5, 124, 3)",0f54b9c8-3693-4a64-94f7-288bb6f49cc3,0,"[('0f54b9c8-3693-4a64-94f7-288bb6f49cc3', (5, 124, 3))]"
2115,failed,"['02Dec@1', '04Ran@2']","['DecentralizingAgent', 'RandomAgent']",124,123,AgentMechanismInterface,False,False,True,13,0.4495249716565013,0.7,False,False,"(1, 125, 40)",,2,False,,"(1, 125, 40)",84d594d9-7289-4b6c-8a65-83c3db3f64bb,0,[]
2116,failed,"['02Dec@1', '05Dec@2']","['DecentralizingAgent', 'DecentralizingAgent']",124,123,AgentMechanismInterface,False,False,True,13,0.45976256020367146,0.7,True,False,,,2,False,,"(1, 130, 24)",0ad1f5d1-d38f-4e0c-8d0d-26550e827620,0,"[('0ad1f5d1-d38f-4e0c-8d0d-26550e827620', (1, 130, 24))]"
2117,failed,"['02Dec@1', '01Ran@0']","['DecentralizingAgent', 'RandomAgent']",124,123,AgentMechanismInterface,False,False,True,13,0.48115369863808155,0.7,False,False,"(5, 125, 2)",,2,False,,"(5, 125, 2)",e6b298c1-5689-4956-b433-51a0c5d0a722,0,[]
2118,failed,"['02Dec@1', '00Ind@0']","['DecentralizingAgent', 'IndDecentralizingAgent']",124,123,AgentMechanismInterface,False,False,True,13,0.1775805065408349,0.7,True,False,,,2,False,,"(5, 133, 14)",11fd8c46-d6a0-4ebd-a959-3358152001a3,0,[]
2119,failed,"['02Dec@1', '00Ind@0']","['DecentralizingAgent', 'IndDecentralizingAgent']",124,123,AgentMechanismInterface,False,False,True,13,0.3828718429431319,0.7,True,False,,,2,False,,"(5, 128, 14)",266aa0d1-c593-48c3-a57f-d5a254d1099e,0,[]
2120,failed,"['00Ind@0', '03MyA@1']","['IndDecentralizingAgent', 'MyAgent']",124,123,AgentMechanismInterface,False,False,True,17,0.6102964896708727,0.9,False,False,"(13, 132, 23)",,2,False,,"(13, 132, 23)",b01c8678-ad0e-4cad-82d4-c50f8cf861c6,0,"[('b01c8678-ad0e-4cad-82d4-c50f8cf861c6', (13, 132, 23))]"
2121,failed,"['00Ind@0', '02Dec@1']","['IndDecentralizingAgent', 'DecentralizingAgent']",124,123,AgentMechanismInterface,False,False,True,17,0.28743257094174623,0.9,False,False,"(13, 131, 25)",,2,False,,"(13, 131, 25)",e62db653-06cd-4b72-b30d-c2dbe634ac14,0,"[('e62db653-06cd-4b72-b30d-c2dbe634ac14', (13, 131, 25))]"
2122,failed,"['04Ran@2', '02Dec@1']","['RandomAgent', 'DecentralizingAgent']",125,124,AgentMechanismInterface,False,False,True,2,0.04521172773092985,0.15,True,False,,,2,False,,"(8, 125, 19)",4afc468d-1cd3-40a6-82fc-7aea0679939d,0,[]
2123,failed,"['02Dec@1', '05Dec@2']","['DecentralizingAgent', 'DecentralizingAgent']",125,124,AgentMechanismInterface,False,False,True,2,0.062031310983002186,0.15,True,False,,,2,False,,,a1525322-997b-4558-a0f2-ff512eebee60,0,[]
2124,failed,"['05Dec@2', '02Dec@1']","['DecentralizingAgent', 'DecentralizingAgent']",125,124,AgentMechanismInterface,False,False,True,2,0.035286324098706245,0.15,True,False,,,2,False,,,313a475d-4c94-4610-a5c6-f3fd21d8afea,0,[]
2125,failed,"['02Dec@1', '05Dec@2']","['DecentralizingAgent', 'DecentralizingAgent']",125,124,AgentMechanismInterface,False,False,True,2,0.05018361937254667,0.15,True,False,,,2,False,,,5e8ca957-e45f-4ac1-b7f4-71f7324e89d3,0,[]
2126,failed,"['02Dec@1', '05Dec@2']","['DecentralizingAgent', 'DecentralizingAgent']",125,124,AgentMechanismInterface,False,False,True,2,0.07336347736418247,0.15,True,False,,,2,False,,,45426aca-175d-4acb-8aab-e7b9e70d5041,0,[]
2127,failed,"['03MyA@1', '01Ran@0']","['MyAgent', 'RandomAgent']",125,124,AgentMechanismInterface,False,False,True,2,0.07664268370717764,0.15,False,False,"(1, 125, 2)",,2,False,,"(1, 125, 2)",71fd50e0-e630-404d-8d07-9e903eab68ff,0,[]
2128,failed,"['02Dec@1', '00Ind@0']","['DecentralizingAgent', 'IndDecentralizingAgent']",125,124,AgentMechanismInterface,False,False,True,2,0.04776319768279791,0.15,True,False,,,2,False,,,c87fbdf9-6704-45b3-8021-de75183ba90a,0,[]
2129,failed,"['03MyA@1', '01Ran@0']","['MyAgent', 'RandomAgent']",125,124,AgentMechanismInterface,False,False,True,2,0.20372077729552984,0.15,False,False,"(19, 125, 11)",,2,False,,"(19, 125, 11)",36385db6-ba9b-4c3d-bfeb-6f0924fffaa5,0,[]
2130,failed,"['02Dec@1', '04Ran@2']","['DecentralizingAgent', 'RandomAgent']",125,124,AgentMechanismInterface,False,False,True,14,0.17656593676656485,0.75,False,False,"(1, 125, 39)",,2,False,,"(1, 125, 39)",519e9b49-ff35-4d8a-9e61-7cea33dddb8c,0,[]
2131,failed,"['02Dec@1', '05Dec@2']","['DecentralizingAgent', 'DecentralizingAgent']",125,124,AgentMechanismInterface,False,False,True,14,0.20791070535779,0.75,True,False,,,2,False,,"(1, 126, 26)",c00611a1-e913-4f1f-9c05-736f5f2fe58b,0,"[('c00611a1-e913-4f1f-9c05-736f5f2fe58b', (1, 126, 26))]"
2132,failed,"['02Dec@1', '01Ran@0']","['DecentralizingAgent', 'RandomAgent']",125,124,AgentMechanismInterface,False,False,True,15,0.3209804520010948,0.8,False,False,"(1, 128, 4)",,2,False,,"(1, 128, 4)",d5027c0e-7be5-474d-af8e-bf69f9a7c8b9,0,[]
2133,failed,"['02Dec@1', '01Ran@0']","['DecentralizingAgent', 'RandomAgent']",125,124,AgentMechanismInterface,False,False,True,16,0.22221378330141306,0.85,False,False,"(4, 127, 5)",,2,False,,"(4, 127, 5)",cad6a8e2-857c-463c-8310-161d25e61e1e,0,[]
2134,failed,"['02Dec@1', '00Ind@0']","['DecentralizingAgent', 'IndDecentralizingAgent']",125,124,AgentMechanismInterface,False,False,True,17,0.35750678181648254,0.9,False,False,"(5, 130, 9)",,2,False,,"(5, 130, 9)",c832ca27-e4eb-42b5-ac9d-458e1fe2f1b9,0,"[('c832ca27-e4eb-42b5-ac9d-458e1fe2f1b9', (5, 130, 9))]"
2135,failed,"['02Dec@1', '00Ind@0']","['DecentralizingAgent', 'IndDecentralizingAgent']",125,124,AgentMechanismInterface,False,False,True,17,0.2208848325535655,0.9,False,False,"(5, 127, 8)",,2,False,,"(5, 127, 8)",1e4eceb7-49dd-441f-af09-b9baade89119,0,"[('1e4eceb7-49dd-441f-af09-b9baade89119', (5, 127, 8))]"
2136,failed,"['00Ind@0', '02Dec@1']","['IndDecentralizingAgent', 'DecentralizingAgent']",125,124,AgentMechanismInterface,False,False,True,17,0.26179583091288805,0.9,False,False,"(1, 135, 24)",,2,False,,"(1, 135, 24)",fd5fe428-773c-40e1-ba29-3f4ef9a101bf,0,"[('fd5fe428-773c-40e1-ba29-3f4ef9a101bf', (1, 135, 24))]"
2137,failed,"['00Ind@0', '03MyA@1']","['IndDecentralizingAgent', 'MyAgent']",125,124,AgentMechanismInterface,False,False,True,17,0.3344253795221448,0.9,False,False,"(1, 130, 24)",,2,False,,"(1, 130, 24)",2384e0c1-2479-466a-a0bb-0e92b99aef94,0,"[('2384e0c1-2479-466a-a0bb-0e92b99aef94', (1, 130, 24))]"
2138,failed,"['05Dec@2', '02Dec@1']","['DecentralizingAgent', 'DecentralizingAgent']",125,124,AgentMechanismInterface,False,False,True,17,0.37708075530827045,0.9,False,False,"(12, 127, 12)",,2,False,,"(12, 127, 12)",7871948f-90d2-4f9d-a629-12f873573fa1,0,"[('7871948f-90d2-4f9d-a629-12f873573fa1', (12, 127, 12))]"
2139,failed,"['02Dec@1', '01Ran@0']","['DecentralizingAgent', 'RandomAgent']",126,125,AgentMechanismInterface,False,False,True,2,0.19014389626681805,0.15,False,False,"(16, 135, 14)",,2,False,,"(16, 135, 14)",0512a19a-787e-4e9c-bc9e-57b59b4bd6c7,0,"[('0512a19a-787e-4e9c-bc9e-57b59b4bd6c7', (16, 135, 14))]"
2140,failed,"['03MyA@1', '00Ind@0']","['MyAgent', 'IndDecentralizingAgent']",126,125,AgentMechanismInterface,False,False,True,2,0.4041009331122041,0.15,False,False,"(69, 136, 16)",,2,False,,"(69, 136, 16)",451ce561-9a8a-473b-935c-5ca52105adc7,0,[]
2141,failed,"['05Dec@2', '02Dec@1']","['DecentralizingAgent', 'DecentralizingAgent']",126,125,AgentMechanismInterface,False,False,True,2,0.2528098924085498,0.15,True,False,,,2,False,,"(8, 130, 21)",39324ff6-193e-4dda-8471-4b32c3dbede6,0,[]
2142,failed,"['03MyA@1', '00Ind@0']","['MyAgent', 'IndDecentralizingAgent']",126,125,AgentMechanismInterface,False,False,True,2,0.108726991340518,0.15,False,False,"(38, 135, 16)",,2,False,,"(38, 135, 16)",0c694978-eeaa-490e-ab98-4a785b44e7e9,0,"[('0c694978-eeaa-490e-ab98-4a785b44e7e9', (38, 135, 16))]"
2143,failed,"['02Dec@1', '04Ran@2']","['DecentralizingAgent', 'RandomAgent']",126,125,AgentMechanismInterface,False,False,True,2,0.270494076423347,0.15,True,False,,,2,False,,,f99fa625-3024-416e-88c1-058eee3311f0,0,[]
2144,failed,"['02Dec@1', '04Ran@2']","['DecentralizingAgent', 'RandomAgent']",126,125,AgentMechanismInterface,False,False,True,2,0.433797013014555,0.15,False,False,"(16, 128, 35)",,2,False,,"(16, 128, 35)",37386e23-2866-4e79-a225-906e6c3f2808,0,[]
2145,failed,"['02Dec@1', '05Dec@2']","['DecentralizingAgent', 'DecentralizingAgent']",126,125,AgentMechanismInterface,False,False,True,2,0.4531961251050234,0.15,True,False,,,2,False,,"(12, 129, 21)",091a4dc1-c17d-4bcd-9cd2-a3976172049d,0,[]
2146,failed,"['02Dec@1', '04Ran@2']","['DecentralizingAgent', 'RandomAgent']",126,125,AgentMechanismInterface,False,False,True,2,0.4470568159595132,0.15,True,False,,,2,False,,,f74763e7-87b9-46cc-8d5a-326652a3f23e,0,[]
2147,failed,"['02Dec@1', '01Ran@0']","['DecentralizingAgent', 'RandomAgent']",126,125,AgentMechanismInterface,False,False,True,2,0.4607001906260848,0.15,True,False,,,2,False,,,8f4a27eb-712b-413f-9614-f5a2d2e31f7d,0,[]
2148,failed,"['04Ran@2', '02Dec@1']","['RandomAgent', 'DecentralizingAgent']",126,125,AgentMechanismInterface,False,False,True,7,0.2671619523316622,0.4,False,False,"(5, 130, 21)",,2,False,,"(5, 130, 21)",cb2d93be-5ee0-4e07-a83d-67b12bfedce3,0,[]
2149,failed,"['02Dec@1', '01Ran@0']","['DecentralizingAgent', 'RandomAgent']",126,125,AgentMechanismInterface,False,False,True,13,0.5136688509956002,0.7,False,False,"(5, 126, 3)",,2,False,,"(5, 126, 3)",b439bad3-4caf-4d6a-bbff-65b2ebb0b884,0,[]
2150,failed,"['02Dec@1', '04Ran@2']","['DecentralizingAgent', 'RandomAgent']",126,125,AgentMechanismInterface,False,False,True,13,0.23931585531681776,0.7,False,False,"(4, 132, 40)",,2,False,,"(4, 132, 40)",c355547f-837d-47f2-9871-b295c66b9bb2,0,"[('c355547f-837d-47f2-9871-b295c66b9bb2', (4, 132, 40))]"
2151,failed,"['02Dec@1', '00Ind@0']","['DecentralizingAgent', 'IndDecentralizingAgent']",126,125,AgentMechanismInterface,False,False,True,14,0.3730291938409209,0.75,True,False,,,2,False,,"(2, 126, 13)",90b54d65-dd33-47aa-8b8c-987d03d7f1ca,0,"[('90b54d65-dd33-47aa-8b8c-987d03d7f1ca', (2, 126, 13))]"
2152,failed,"['00Ind@0', '03MyA@1']","['IndDecentralizingAgent', 'MyAgent']",126,125,AgentMechanismInterface,False,False,True,17,0.3998717786744237,0.9,False,False,"(17, 135, 23)",,2,False,,"(17, 135, 23)",7519b9c3-6a99-461f-9c51-396ee15f4b42,0,[]
2153,failed,"['00Ind@0', '02Dec@1']","['IndDecentralizingAgent', 'DecentralizingAgent']",126,125,AgentMechanismInterface,False,False,True,17,0.6666823057457805,0.9,False,False,"(17, 135, 23)",,2,False,,"(17, 135, 23)",ab17447c-b21e-442c-8b1f-ac3e6d7dd46a,0,[]
2154,failed,"['02Dec@1', '01Ran@0']","['DecentralizingAgent', 'RandomAgent']",127,126,AgentMechanismInterface,False,False,True,2,0.31943002343177795,0.15,False,False,"(13, 128, 15)",,2,False,,"(13, 128, 15)",a8b6e686-580b-4254-9074-61c0457131c2,0,"[('a8b6e686-580b-4254-9074-61c0457131c2', (13, 128, 15))]"
2155,failed,"['03MyA@1', '00Ind@0']","['MyAgent', 'IndDecentralizingAgent']",127,126,AgentMechanismInterface,False,False,True,2,0.22584423702210188,0.15,False,False,"(53, 137, 16)",,2,False,,"(53, 137, 16)",6b28fc79-c23d-4da0-8262-bf155b8f5eaa,0,"[('6b28fc79-c23d-4da0-8262-bf155b8f5eaa', (53, 137, 16))]"
2156,failed,"['02Dec@1', '05Dec@2']","['DecentralizingAgent', 'DecentralizingAgent']",127,126,AgentMechanismInterface,False,False,True,2,0.22833596635609865,0.15,True,False,,,2,False,,,8c321f40-31d8-4eeb-8d28-d15259251a0c,0,[]
2157,failed,"['02Dec@1', '05Dec@2']","['DecentralizingAgent', 'DecentralizingAgent']",127,126,AgentMechanismInterface,False,False,True,2,0.2427276773378253,0.15,True,False,,,2,False,,,b02aed08-38d6-466b-b6ff-035e3af2eac4,0,[]
2158,failed,"['05Dec@2', '02Dec@1']","['DecentralizingAgent', 'DecentralizingAgent']",127,126,AgentMechanismInterface,False,False,True,2,0.3120258990675211,0.15,True,False,,,2,False,,,6f0b7c03-1edd-4e59-857e-178eb4ba7e74,0,[]
2159,failed,"['02Dec@1', '04Ran@2']","['DecentralizingAgent', 'RandomAgent']",127,126,AgentMechanismInterface,False,False,True,2,0.0959126753732562,0.15,False,False,"(22, 127, 25)",,2,False,,"(22, 127, 25)",3a4c453d-1459-4451-95c1-686507ea758d,0,[]
2160,failed,"['02Dec@1', '05Dec@2']","['DecentralizingAgent', 'DecentralizingAgent']",127,126,AgentMechanismInterface,False,False,True,2,0.32178821973502636,0.15,True,False,,,2,False,,,cd1b40dd-b7c4-4c3d-b818-db0ffe74dabb,0,[]
2161,failed,"['02Dec@1', '01Ran@0']","['DecentralizingAgent', 'RandomAgent']",127,126,AgentMechanismInterface,False,False,True,2,0.27490426413714886,0.15,False,False,"(2, 132, 4)",,2,False,,"(2, 132, 4)",1623fb8d-cb1c-491c-8f1f-0d2ed4151761,0,[]
2162,failed,"['02Dec@1', '01Ran@0']","['DecentralizingAgent', 'RandomAgent']",127,126,AgentMechanismInterface,False,False,True,2,0.16966126300394535,0.15,False,False,"(37, 128, 9)",,2,False,,"(37, 128, 9)",4ebd4e7b-405f-47d9-9592-43c07f99f13e,0,"[('4ebd4e7b-405f-47d9-9592-43c07f99f13e', (37, 128, 9))]"
2163,failed,"['04Ran@2', '02Dec@1']","['RandomAgent', 'DecentralizingAgent']",127,126,AgentMechanismInterface,False,False,True,8,0.3305845521390438,0.45,False,False,"(9, 128, 21)",,2,False,,"(9, 128, 21)",4531643e-556a-45ec-a6dd-7df10da542a6,0,[]
2164,failed,"['02Dec@1', '01Ran@0']","['DecentralizingAgent', 'RandomAgent']",127,126,AgentMechanismInterface,False,False,True,10,0.3800748735666275,0.55,False,False,"(25, 131, 1)",,2,False,,"(25, 131, 1)",65836a43-a51a-4064-b99b-0b25cc81cf79,0,[]
2165,failed,"['02Dec@1', '04Ran@2']","['DecentralizingAgent', 'RandomAgent']",127,126,AgentMechanismInterface,False,False,True,10,0.16262692026793957,0.55,False,False,"(4, 136, 42)",,2,False,,"(4, 136, 42)",a9d857f0-5136-4cf4-b84b-773b29fc372f,0,"[('a9d857f0-5136-4cf4-b84b-773b29fc372f', (4, 136, 42))]"
2166,failed,"['02Dec@1', '01Ran@0']","['DecentralizingAgent', 'RandomAgent']",127,126,AgentMechanismInterface,False,False,True,14,0.34954316169023514,0.75,False,False,"(4, 129, 1)",,2,False,,"(4, 129, 1)",72388d56-97df-4a5a-9930-318c2796c76a,0,[]
2167,failed,"['02Dec@1', '00Ind@0']","['DecentralizingAgent', 'IndDecentralizingAgent']",127,126,AgentMechanismInterface,False,False,True,17,0.16935727838426828,0.9,False,False,"(5, 128, 9)",,2,False,,"(5, 128, 9)",379b107a-fc7c-4daa-bd37-cdff80b0a695,0,"[('379b107a-fc7c-4daa-bd37-cdff80b0a695', (5, 128, 9))]"
2168,failed,"['02Dec@1', '00Ind@0']","['DecentralizingAgent', 'IndDecentralizingAgent']",127,126,AgentMechanismInterface,False,False,True,17,0.16677900590002537,0.9,False,False,"(28, 131, 8)",,2,False,,"(28, 131, 8)",4df8bc9d-9b0c-4c2f-93a4-fda3ce3bfbd9,0,[]
2169,failed,"['02Dec@1', '04Ran@2']","['DecentralizingAgent', 'RandomAgent']",128,127,AgentMechanismInterface,False,False,True,2,0.10973325464874506,0.15,False,False,"(2, 128, 30)",,2,False,,"(2, 128, 30)",2e6e5bcf-7b35-48a7-aa7b-5b3efea60e4c,0,[]
2170,failed,"['02Dec@1', '01Ran@0']","['DecentralizingAgent', 'RandomAgent']",128,127,AgentMechanismInterface,False,False,True,2,0.02544852625578642,0.15,False,False,"(15, 131, 16)",,2,False,,"(15, 131, 16)",9d4b58e9-cd86-4592-afd2-36a2f9e7c45b,0,"[('9d4b58e9-cd86-4592-afd2-36a2f9e7c45b', (15, 131, 16))]"
2171,failed,"['02Dec@1', '04Ran@2']","['DecentralizingAgent', 'RandomAgent']",128,127,AgentMechanismInterface,False,False,True,2,0.08126244693994522,0.15,False,False,"(15, 128, 42)",,2,False,,"(15, 128, 42)",2bd37846-f6d3-4505-9f79-c92483c7d35e,0,[]
2172,failed,"['02Dec@1', '04Ran@2']","['DecentralizingAgent', 'RandomAgent']",128,127,AgentMechanismInterface,False,False,True,2,0.15157193504273891,0.15,False,False,"(5, 131, 26)",,2,False,,"(5, 131, 26)",f4564378-a55a-4bb3-b126-fb2f2e3579b6,0,[]
2173,failed,"['02Dec@1', '04Ran@2']","['DecentralizingAgent', 'RandomAgent']",128,127,AgentMechanismInterface,False,False,True,2,0.14571940246969461,0.15,True,False,,,2,False,,,800ba34d-e828-46bc-9e04-8d3dfeeb7a15,0,[]
2174,failed,"['02Dec@1', '01Ran@0']","['DecentralizingAgent', 'RandomAgent']",128,127,AgentMechanismInterface,False,False,True,2,0.05977585352957249,0.15,True,False,,,2,False,,,b743b349-2adc-4a9a-9fdb-96c97dbbd661,0,[]
2175,failed,"['02Dec@1', '01Ran@0']","['DecentralizingAgent', 'RandomAgent']",128,127,AgentMechanismInterface,False,False,True,7,0.17206662334501743,0.4,False,False,"(5, 129, 1)",,2,False,,"(5, 129, 1)",eb327f27-7062-488f-a120-26d2080e98cc,0,[]
2176,failed,"['02Dec@1', '00Ind@0']","['DecentralizingAgent', 'IndDecentralizingAgent']",128,127,AgentMechanismInterface,False,False,True,7,0.17180574033409357,0.4,True,False,,,2,False,,"(5, 130, 16)",5a4fcfd9-d096-4ba0-9edd-080b42151800,0,"[('5a4fcfd9-d096-4ba0-9edd-080b42151800', (5, 130, 16))]"
2177,failed,"['02Dec@1', '00Ind@0']","['DecentralizingAgent', 'IndDecentralizingAgent']",128,127,AgentMechanismInterface,False,False,True,8,0.0872551491484046,0.45,True,False,,,2,False,,"(5, 130, 16)",8401fd8e-41b2-4b3f-beff-77a8e9b3f13f,0,[]
2178,failed,"['02Dec@1', '01Ran@0']","['DecentralizingAgent', 'RandomAgent']",128,127,AgentMechanismInterface,False,False,True,8,0.1848793774843216,0.45,False,False,"(5, 130, 1)",,2,False,,"(5, 130, 1)",1c60c94b-d380-498c-9568-f5f2de7b0ba5,0,[]
2179,failed,"['00Ind@0', '03MyA@1']","['IndDecentralizingAgent', 'MyAgent']",128,127,AgentMechanismInterface,False,False,True,17,0.23839201405644417,0.9,False,False,"(14, 136, 23)",,2,False,,"(14, 136, 23)",f87e95a5-17fc-46dd-b809-a3a25e990d52,0,"[('f87e95a5-17fc-46dd-b809-a3a25e990d52', (14, 136, 23))]"
2180,failed,"['00Ind@0', '02Dec@1']","['IndDecentralizingAgent', 'DecentralizingAgent']",128,127,AgentMechanismInterface,False,False,True,17,0.2060476690530777,0.9,False,False,"(14, 136, 23)",,2,False,,"(14, 136, 23)",7b49d5b2-4a35-41bf-b177-6813b9f547d4,0,"[('7b49d5b2-4a35-41bf-b177-6813b9f547d4', (14, 136, 23))]"
2181,failed,"['02Dec@1', '04Ran@2']","['DecentralizingAgent', 'RandomAgent']",129,128,AgentMechanismInterface,False,False,True,2,0.17213211301714182,0.15,True,False,,,2,False,,,ba690295-f53b-4f7f-b328-fe27a5fb2248,0,[]
2182,failed,"['03MyA@1', '01Ran@0']","['MyAgent', 'RandomAgent']",129,128,AgentMechanismInterface,False,False,True,2,0.12292854581028223,0.15,False,False,"(28, 135, 4)",,2,False,,"(28, 135, 4)",c02a6cb7-e0e2-4750-a6c5-7a777cefbe8f,0,"[('c02a6cb7-e0e2-4750-a6c5-7a777cefbe8f', (28, 135, 4))]"
2183,failed,"['02Dec@1', '04Ran@2']","['DecentralizingAgent', 'RandomAgent']",129,128,AgentMechanismInterface,False,False,True,2,0.04881731141358614,0.15,False,False,"(2, 129, 25)",,2,False,,"(2, 129, 25)",0f60ac4e-4efa-416d-b464-8304b293da62,0,[]
2184,failed,"['02Dec@1', '05Dec@2']","['DecentralizingAgent', 'DecentralizingAgent']",129,128,AgentMechanismInterface,False,False,True,2,0.05277855880558491,0.15,False,False,"(14, 129, 21)",,2,False,,"(14, 129, 21)",ea3a82f5-6e8d-4c97-8927-aef866379775,0,[]
2185,failed,"['02Dec@1', '00Ind@0']","['DecentralizingAgent', 'IndDecentralizingAgent']",129,128,AgentMechanismInterface,False,False,True,2,0.08019499015063047,0.15,True,False,,,2,False,,,f2d88e98-4c1b-4d7a-882f-b535be8a48d3,0,[]
2186,failed,"['02Dec@1', '00Ind@0']","['DecentralizingAgent', 'IndDecentralizingAgent']",129,128,AgentMechanismInterface,False,False,True,8,0.10941057559102774,0.45,False,False,"(1, 134, 16)",,2,False,,"(1, 134, 16)",e83da13a-b214-416b-b4a4-97a59878b051,0,[]
2187,failed,"['02Dec@1', '01Ran@0']","['DecentralizingAgent', 'RandomAgent']",129,128,AgentMechanismInterface,False,False,True,12,0.25540782883763313,0.65,False,False,"(4, 133, 2)",,2,False,,"(4, 133, 2)",59ae04bf-7439-4ac8-b96d-cfd309e0144f,0,"[('59ae04bf-7439-4ac8-b96d-cfd309e0144f', (4, 133, 2))]"
2188,failed,"['02Dec@1', '04Ran@2']","['DecentralizingAgent', 'RandomAgent']",129,128,AgentMechanismInterface,False,False,True,13,0.276565995067358,0.7,False,False,"(2, 134, 40)",,2,False,,"(2, 134, 40)",48b2b372-a9e2-4c59-92ae-95c590c2b25d,0,[]
2189,failed,"['02Dec@1', '05Dec@2']","['DecentralizingAgent', 'DecentralizingAgent']",129,128,AgentMechanismInterface,False,False,True,17,0.24718889500945807,0.9,False,False,"(5, 135, 31)",,2,False,,"(5, 135, 31)",fccfc4c6-cdfb-491b-be5f-abd4cb027b19,0,"[('fccfc4c6-cdfb-491b-be5f-abd4cb027b19', (5, 135, 31))]"
2190,failed,"['02Dec@1', '00Ind@0']","['DecentralizingAgent', 'IndDecentralizingAgent']",129,128,AgentMechanismInterface,False,False,True,17,0.17311195377260447,0.9,False,False,"(5, 131, 8)",,2,False,,"(5, 131, 8)",772cf55f-8a87-4e15-9551-418c4518e1fe,0,"[('772cf55f-8a87-4e15-9551-418c4518e1fe', (5, 131, 8))]"
2191,failed,"['00Ind@0', '03MyA@1']","['IndDecentralizingAgent', 'MyAgent']",129,128,AgentMechanismInterface,False,False,True,17,0.3312898622825742,0.9,False,False,"(18, 138, 23)",,2,False,,"(18, 138, 23)",352b213c-6d44-4cff-9190-4129185cc75a,0,[]
2192,failed,"['03MyA@1', '01Ran@0']","['MyAgent', 'RandomAgent']",130,129,AgentMechanismInterface,False,False,True,2,0.056229581125080585,0.15,False,False,"(27, 132, 1)",,2,False,,"(27, 132, 1)",683d7946-e191-4132-b383-31a7883f7257,0,"[('683d7946-e191-4132-b383-31a7883f7257', (27, 132, 1))]"
2193,failed,"['02Dec@1', '04Ran@2']","['DecentralizingAgent', 'RandomAgent']",130,129,AgentMechanismInterface,False,False,True,2,0.012574811466038227,0.15,True,False,,,2,False,,,f59c6b8a-342f-48ed-a465-8e968b7329bf,0,[]
2194,failed,"['03MyA@1', '00Ind@0']","['MyAgent', 'IndDecentralizingAgent']",130,129,AgentMechanismInterface,False,False,True,2,0.19695627968758345,0.15,False,False,"(52, 140, 16)",,2,False,,"(52, 140, 16)",e81692f1-6584-48e1-913a-aa99d2bd6ec9,0,"[('e81692f1-6584-48e1-913a-aa99d2bd6ec9', (52, 140, 16))]"
2195,failed,"['02Dec@1', '00Ind@0']","['DecentralizingAgent', 'IndDecentralizingAgent']",130,129,AgentMechanismInterface,False,False,True,2,0.08658540900796652,0.15,True,False,,,2,False,,,199dc985-9ce0-4c4a-9104-41489e878834,0,[]
2196,failed,"['02Dec@1', '04Ran@2']","['DecentralizingAgent', 'RandomAgent']",130,129,AgentMechanismInterface,False,False,True,11,0.05308407358825207,0.6,False,False,"(5, 137, 41)",,2,False,,"(5, 137, 41)",b7e356ab-9918-46d8-b5a5-0533d5cc0447,0,[]
2197,failed,"['02Dec@1', '05Dec@2']","['DecentralizingAgent', 'DecentralizingAgent']",130,129,AgentMechanismInterface,False,False,True,11,0.0853215241804719,0.6,True,False,,,2,False,,"(5, 135, 23)",9c224b85-633b-4a15-9976-9b7d165783b9,0,"[('9c224b85-633b-4a15-9976-9b7d165783b9', (5, 135, 23))]"
2198,failed,"['02Dec@1', '01Ran@0']","['DecentralizingAgent', 'RandomAgent']",130,129,AgentMechanismInterface,False,False,True,13,0.07079563569277525,0.7,False,False,"(4, 134, 2)",,2,False,,"(4, 134, 2)",6be86809-8ad0-4599-a010-9dbba7deb829,0,[]
2199,failed,"['02Dec@1', '00Ind@0']","['DecentralizingAgent', 'IndDecentralizingAgent']",130,129,AgentMechanismInterface,False,False,True,17,0.13877874612808228,0.9,False,False,"(5, 133, 8)",,2,False,,"(5, 133, 8)",47f6a1c3-1ab8-4d52-85f3-c6a28811be64,0,"[('47f6a1c3-1ab8-4d52-85f3-c6a28811be64', (5, 133, 8))]"
2200,failed,"['03MyA@1', '00Ind@0']","['MyAgent', 'IndDecentralizingAgent']",131,130,AgentMechanismInterface,False,False,True,2,0.01226398441940546,0.15,True,False,,,2,False,,,b95f8568-8918-4128-b57e-e15bed9e6478,0,[]
2201,failed,"['02Dec@1', '00Ind@0']","['DecentralizingAgent', 'IndDecentralizingAgent']",131,130,AgentMechanismInterface,False,False,True,2,0.01640231441706419,0.15,True,False,,,2,False,,"(3, 137, 16)",53c6c960-0635-4162-b444-432662f4f550,0,[]
2202,failed,"['04Ran@2', '02Dec@1']","['RandomAgent', 'DecentralizingAgent']",131,130,AgentMechanismInterface,False,False,True,6,0.04365125950425863,0.35,False,False,"(5, 134, 21)",,2,False,,"(5, 134, 21)",ddc58c33-9942-4c14-a552-61575ea4b17e,0,"[('ddc58c33-9942-4c14-a552-61575ea4b17e', (5, 134, 21))]"
2203,failed,"['02Dec@1', '04Ran@2']","['DecentralizingAgent', 'RandomAgent']",131,130,AgentMechanismInterface,False,False,True,7,0.07416877523064613,0.4,False,False,"(23, 140, 42)",,2,False,,"(23, 140, 42)",47b21acd-e92b-44dd-bee3-b3ea4a3ca1b0,0,[]
2204,failed,"['02Dec@1', '04Ran@2']","['DecentralizingAgent', 'RandomAgent']",131,130,AgentMechanismInterface,False,False,True,8,0.08021058607846498,0.45,False,False,"(4, 138, 42)",,2,False,,"(4, 138, 42)",5db125ba-4161-4716-8cf3-fd0d28d63b48,0,"[('5db125ba-4161-4716-8cf3-fd0d28d63b48', (4, 138, 42))]"
2205,failed,"['02Dec@1', '05Dec@2']","['DecentralizingAgent', 'DecentralizingAgent']",131,130,AgentMechanismInterface,False,False,True,8,0.20752667635679245,0.45,True,False,,,2,False,,"(23, 139, 21)",0efe3e5d-c8af-43bd-9742-d409e21cc792,0,[]
2206,failed,"['05Dec@2', '02Dec@1']","['DecentralizingAgent', 'DecentralizingAgent']",131,130,AgentMechanismInterface,False,False,True,17,0.15678298100829124,0.9,False,False,"(1, 131, 11)",,2,False,,"(1, 131, 11)",fde464d0-e17e-4bc4-b135-f3707c31f3b2,0,"[('fde464d0-e17e-4bc4-b135-f3707c31f3b2', (1, 131, 11))]"
2207,failed,"['02Dec@1', '05Dec@2']","['DecentralizingAgent', 'DecentralizingAgent']",131,130,AgentMechanismInterface,False,False,True,17,0.16193400602787733,0.9,False,False,"(5, 139, 32)",,2,False,,"(5, 139, 32)",5172423a-cc7d-4755-9ae8-f6d5f5a8ee87,0,"[('5172423a-cc7d-4755-9ae8-f6d5f5a8ee87', (5, 139, 32))]"
2208,failed,"['04Ran@2', '02Dec@1']","['RandomAgent', 'DecentralizingAgent']",132,131,AgentMechanismInterface,False,False,True,2,0.08321871142834425,0.15,True,False,,,2,False,,"(8, 132, 2)",b83bb7b0-93e5-4b3c-ba44-62a6c847fe37,0,[]
2209,failed,"['05Dec@2', '02Dec@1']","['DecentralizingAgent', 'DecentralizingAgent']",132,131,AgentMechanismInterface,False,False,True,2,0.17094684392213821,0.15,True,False,,,2,False,,"(5, 132, 1)",1950802a-fc30-4d62-b8f1-37b2a09f63c9,0,[]
2210,failed,"['02Dec@1', '01Ran@0']","['DecentralizingAgent', 'RandomAgent']",132,131,AgentMechanismInterface,False,False,True,2,0.23742096964269876,0.15,False,False,"(3, 134, 8)",,2,False,,"(3, 134, 8)",4af0c8b2-6701-427d-a0df-360fe2efbadd,0,[]
2211,failed,"['03MyA@1', '00Ind@0']","['MyAgent', 'IndDecentralizingAgent']",132,131,AgentMechanismInterface,False,False,True,2,0.1238050851970911,0.15,True,False,,,2,False,,"(1, 139, 16)",22f57807-7985-466b-aa98-3a72dd1fb733,0,[]
2212,failed,"['02Dec@1', '01Ran@0']","['DecentralizingAgent', 'RandomAgent']",132,131,AgentMechanismInterface,False,False,True,8,0.28000961150974035,0.45,False,False,"(4, 132, 1)",,2,False,,"(4, 132, 1)",5e2c3754-3b7f-4959-b4e5-392c999afbf2,0,[]
2213,failed,"['02Dec@1', '04Ran@2']","['DecentralizingAgent', 'RandomAgent']",132,131,AgentMechanismInterface,False,False,True,13,0.2131423344835639,0.7,False,False,"(5, 138, 41)",,2,False,,"(5, 138, 41)",a4aa7464-faa3-4972-8b25-b86683a00b8b,0,[]
2214,failed,"['02Dec@1', '04Ran@2']","['DecentralizingAgent', 'RandomAgent']",132,131,AgentMechanismInterface,False,False,True,13,0.19674695003777742,0.7,False,False,"(23, 139, 38)",,2,False,,"(23, 139, 38)",b622365d-b7e1-4b18-af89-4a3b7a321f01,0,"[('b622365d-b7e1-4b18-af89-4a3b7a321f01', (23, 139, 38))]"
2215,failed,"['02Dec@1', '05Dec@2']","['DecentralizingAgent', 'DecentralizingAgent']",132,131,AgentMechanismInterface,False,False,True,14,0.2874733218923211,0.75,True,False,,,2,False,,"(22, 141, 26)",b59b4fad-6e38-4343-9573-aafff5ee6ef2,0,"[('b59b4fad-6e38-4343-9573-aafff5ee6ef2', (22, 141, 26))]"
2216,failed,"['00Ind@0', '03MyA@1']","['IndDecentralizingAgent', 'MyAgent']",132,131,AgentMechanismInterface,False,False,True,17,0.27758523635566235,0.9,False,False,"(15, 139, 25)",,2,False,,"(15, 139, 25)",50fc71ba-5d63-4a67-8d18-6895e692f89b,0,[]
2217,failed,"['02Dec@1', '05Dec@2']","['DecentralizingAgent', 'DecentralizingAgent']",132,131,AgentMechanismInterface,False,False,True,17,0.4361421260982752,0.9,False,False,"(10, 142, 32)",,2,False,,"(10, 142, 32)",54faeaba-5266-4e95-81f0-0b4d98d2a970,0,"[('54faeaba-5266-4e95-81f0-0b4d98d2a970', (10, 142, 32))]"
2218,failed,"['00Ind@0', '02Dec@1']","['IndDecentralizingAgent', 'DecentralizingAgent']",132,131,AgentMechanismInterface,False,False,True,17,0.2809049151837826,0.9,False,False,"(15, 140, 23)",,2,False,,"(15, 140, 23)",347fbe43-9b9c-4a76-89d7-856d9331bd50,0,[]
2219,failed,"['02Dec@1', '00Ind@0']","['DecentralizingAgent', 'IndDecentralizingAgent']",132,131,AgentMechanismInterface,False,False,True,17,0.40154308546334505,0.9,False,False,"(5, 134, 9)",,2,False,,"(5, 134, 9)",9158173b-d331-40d6-8bfb-3dd3e7c02163,0,"[('9158173b-d331-40d6-8bfb-3dd3e7c02163', (5, 134, 9))]"
2220,failed,"['03MyA@1', '01Ran@0']","['MyAgent', 'RandomAgent']",133,132,AgentMechanismInterface,False,False,True,2,0.26880569010972977,0.15,False,False,"(21, 133, 1)",,2,False,,"(21, 133, 1)",13b3879c-29d8-4d49-8673-8fde3c8a8996,0,[]
2221,failed,"['03MyA@1', '00Ind@0']","['MyAgent', 'IndDecentralizingAgent']",133,132,AgentMechanismInterface,False,False,True,2,0.17765690386295319,0.15,True,False,,,2,False,,"(1, 139, 16)",02121085-c640-4a32-937f-13bea252c521,0,[]
2222,failed,"['05Dec@2', '02Dec@1']","['DecentralizingAgent', 'DecentralizingAgent']",133,132,AgentMechanismInterface,False,False,True,2,0.1894461903721094,0.15,True,False,,,2,False,,,629c629a-4231-4136-a3e3-ef50949312d7,0,[]
2223,failed,"['04Ran@2', '02Dec@1']","['RandomAgent', 'DecentralizingAgent']",133,132,AgentMechanismInterface,False,False,True,2,0.23920580465346575,0.15,True,False,,,2,False,,,948162c9-f030-48cb-958d-995c70b7673a,0,[]
2224,failed,"['02Dec@1', '01Ran@0']","['DecentralizingAgent', 'RandomAgent']",133,132,AgentMechanismInterface,False,False,True,2,0.17130603920668364,0.15,False,False,"(20, 134, 12)",,2,False,,"(20, 134, 12)",af0eb7f3-2e21-4daa-a49d-e3bc28268fdb,0,"[('af0eb7f3-2e21-4daa-a49d-e3bc28268fdb', (20, 134, 12))]"
2225,failed,"['05Dec@2', '02Dec@1']","['DecentralizingAgent', 'DecentralizingAgent']",133,132,AgentMechanismInterface,False,False,True,2,0.19332898315042257,0.15,True,False,,,2,False,,"(5, 133, 1)",84e4e9ce-4f77-4e4b-a018-dde770d49599,0,[]
2226,failed,"['02Dec@1', '04Ran@2']","['DecentralizingAgent', 'RandomAgent']",133,132,AgentMechanismInterface,False,False,True,12,0.14610472228378057,0.65,False,False,"(1, 138, 41)",,2,False,,"(1, 138, 41)",477a3e94-86f0-412c-a520-7dc501f43cc5,0,[]
2227,failed,"['02Dec@1', '05Dec@2']","['DecentralizingAgent', 'DecentralizingAgent']",133,132,AgentMechanismInterface,False,False,True,12,0.2760811373591423,0.65,True,False,,,2,False,,"(1, 143, 22)",f66cea61-c2ff-408c-8af6-c29c20d7656d,0,[]
2228,failed,"['02Dec@1', '04Ran@2']","['DecentralizingAgent', 'RandomAgent']",133,132,AgentMechanismInterface,False,False,True,13,0.31651864387094975,0.7,False,False,"(23, 141, 39)",,2,False,,"(23, 141, 39)",93aca862-5a15-4987-b04b-5f80a7e4d199,0,[]
2229,failed,"['02Dec@1', '01Ran@0']","['DecentralizingAgent', 'RandomAgent']",133,132,AgentMechanismInterface,False,False,True,14,0.256821159273386,0.75,False,False,"(3, 136, 1)",,2,False,,"(3, 136, 1)",c0cc5f98-ed7a-401a-9f84-740645c957db,0,[]
2230,failed,"['02Dec@1', '05Dec@2']","['DecentralizingAgent', 'DecentralizingAgent']",133,132,AgentMechanismInterface,False,False,True,14,0.3886574460193515,0.75,True,False,,,2,False,,"(23, 138, 25)",20f244c5-c4f2-4a0c-932a-83a0665415f3,0,[]
2231,failed,"['02Dec@1', '01Ran@0']","['DecentralizingAgent', 'RandomAgent']",133,132,AgentMechanismInterface,False,False,True,16,0.3246864480897784,0.85,False,False,"(1, 137, 5)",,2,False,,"(1, 137, 5)",28dcbc60-32bc-4f60-9c34-598c7fa1df5e,0,[]
2232,failed,"['02Dec@1', '00Ind@0']","['DecentralizingAgent', 'IndDecentralizingAgent']",133,132,AgentMechanismInterface,False,False,True,17,0.2974671619012952,0.9,False,False,"(5, 135, 8)",,2,False,,"(5, 135, 8)",2099400a-2930-4910-a07d-da833ef61fb0,0,"[('2099400a-2930-4910-a07d-da833ef61fb0', (5, 135, 8))]"
2233,failed,"['00Ind@0', '02Dec@1']","['IndDecentralizingAgent', 'DecentralizingAgent']",133,132,AgentMechanismInterface,False,False,True,17,0.26923169754445553,0.9,False,False,"(13, 140, 25)",,2,False,,"(13, 140, 25)",ae04ae73-3aba-41bb-9cc4-8ad3f1769334,0,"[('ae04ae73-3aba-41bb-9cc4-8ad3f1769334', (13, 140, 25))]"
2234,failed,"['02Dec@1', '00Ind@0']","['DecentralizingAgent', 'IndDecentralizingAgent']",133,132,AgentMechanismInterface,False,False,True,17,0.3461095495149493,0.9,True,False,,,2,False,,"(5, 133, 10)",747a872c-4628-4a64-9275-652833bc17b1,0,[]
2235,failed,"['00Ind@0', '03MyA@1']","['IndDecentralizingAgent', 'MyAgent']",133,132,AgentMechanismInterface,False,False,True,17,0.3476037150248885,0.9,False,False,"(13, 141, 23)",,2,False,,"(13, 141, 23)",f0d0743e-48b6-437f-91d2-457c26ca7ef5,0,"[('f0d0743e-48b6-437f-91d2-457c26ca7ef5', (13, 141, 23))]"
2236,failed,"['03MyA@1', '01Ran@0']","['MyAgent', 'RandomAgent']",134,133,AgentMechanismInterface,False,False,True,2,0.13196404930204153,0.15,False,False,"(1, 135, 9)",,2,False,,"(1, 135, 9)",5da27193-cbe0-4366-a6af-69220ebff65a,0,[]
2237,failed,"['05Dec@2', '02Dec@1']","['DecentralizingAgent', 'DecentralizingAgent']",134,133,AgentMechanismInterface,False,False,True,2,0.14118413627147675,0.15,False,False,"(14, 137, 21)",,2,False,,"(14, 137, 21)",559fd191-36da-43b7-bfa0-cd1d8cf74b02,0,[]
2238,failed,"['03MyA@1', '00Ind@0']","['MyAgent', 'IndDecentralizingAgent']",134,133,AgentMechanismInterface,False,False,True,2,0.3326463894918561,0.15,False,False,"(57, 144, 16)",,2,False,,"(57, 144, 16)",cfb0bf61-fe66-4cbf-b59b-62f1173b7f2b,0,[]
2239,failed,"['03MyA@1', '00Ind@0']","['MyAgent', 'IndDecentralizingAgent']",134,133,AgentMechanismInterface,False,False,True,2,0.115069386549294,0.15,False,False,"(34, 143, 16)",,2,False,,"(34, 143, 16)",21477f54-afa9-44df-95c1-3078a658bd1e,0,[]
2240,failed,"['02Dec@1', '00Ind@0']","['DecentralizingAgent', 'IndDecentralizingAgent']",134,133,AgentMechanismInterface,False,False,True,2,0.06942386459559202,0.15,True,False,,,2,False,,,33939f31-2c87-40bd-9bc2-2da7524d0386,0,[]
2241,failed,"['02Dec@1', '04Ran@2']","['DecentralizingAgent', 'RandomAgent']",134,133,AgentMechanismInterface,False,False,True,10,0.18947018682956696,0.55,False,False,"(1, 142, 41)",,2,False,,"(1, 142, 41)",76cc8fbe-6238-4e06-8a88-bc18c9f2d7bf,0,"[('76cc8fbe-6238-4e06-8a88-bc18c9f2d7bf', (1, 142, 41))]"
2242,failed,"['02Dec@1', '05Dec@2']","['DecentralizingAgent', 'DecentralizingAgent']",134,133,AgentMechanismInterface,False,False,True,10,0.23698806576430798,0.55,True,False,,,2,False,,"(1, 141, 22)",333f0c2d-5fac-40ac-aa30-65479a55ff92,0,"[('333f0c2d-5fac-40ac-aa30-65479a55ff92', (1, 141, 22))]"
2243,failed,"['04Ran@2', '02Dec@1']","['RandomAgent', 'DecentralizingAgent']",134,133,AgentMechanismInterface,False,False,True,12,0.3050279561430216,0.65,False,False,"(10, 134, 19)",,2,False,,"(10, 134, 19)",e2bfa294-ce32-40aa-b3f1-6c83678a9b25,0,"[('e2bfa294-ce32-40aa-b3f1-6c83678a9b25', (10, 134, 19))]"
2244,failed,"['02Dec@1', '01Ran@0']","['DecentralizingAgent', 'RandomAgent']",134,133,AgentMechanismInterface,False,False,True,13,0.2947720345109701,0.7,False,False,"(5, 135, 3)",,2,False,,"(5, 135, 3)",f60bc334-fa34-4093-a016-b90872c7bec3,0,[]
2245,failed,"['02Dec@1', '01Ran@0']","['DecentralizingAgent', 'RandomAgent']",134,133,AgentMechanismInterface,False,False,True,13,0.3200847674161196,0.7,False,False,"(1, 138, 3)",,2,False,,"(1, 138, 3)",7a8a71e6-d917-47fe-86a2-70bc5d2cae5a,0,"[('7a8a71e6-d917-47fe-86a2-70bc5d2cae5a', (1, 138, 3))]"
2246,failed,"['02Dec@1', '00Ind@0']","['DecentralizingAgent', 'IndDecentralizingAgent']",134,133,AgentMechanismInterface,False,False,True,13,0.2892924724146724,0.7,True,False,,,2,False,,"(5, 142, 14)",171f2d25-f8d8-4a9b-b246-051e0420e562,0,[]
2247,failed,"['02Dec@1', '04Ran@2']","['DecentralizingAgent', 'RandomAgent']",134,133,AgentMechanismInterface,False,False,True,14,0.28770427126437426,0.75,False,False,"(5, 137, 41)",,2,False,,"(5, 137, 41)",3cb2b51c-4f24-4461-9033-d91fc1e8a7c0,0,[]
2248,failed,"['00Ind@0', '03MyA@1']","['IndDecentralizingAgent', 'MyAgent']",134,133,AgentMechanismInterface,False,False,True,17,0.4274376565590501,0.9,False,False,"(13, 141, 25)",,2,False,,"(13, 141, 25)",37f97c9d-ff7a-4643-889b-16077b93377c,0,"[('37f97c9d-ff7a-4643-889b-16077b93377c', (13, 141, 25))]"
2249,failed,"['02Dec@1', '05Dec@2']","['DecentralizingAgent', 'DecentralizingAgent']",134,133,AgentMechanismInterface,False,False,True,17,0.583775163628161,0.9,False,False,"(21, 136, 33)",,2,False,,"(21, 136, 33)",8ca1b01c-b6ce-48c0-814b-903072580ca7,0,[]
2250,failed,"['02Dec@1', '00Ind@0']","['DecentralizingAgent', 'IndDecentralizingAgent']",134,133,AgentMechanismInterface,False,False,True,17,0.4115253733471036,0.9,False,False,"(5, 136, 9)",,2,False,,"(5, 136, 9)",dfad84d4-e5e3-45c9-91b1-f82824d3b81e,0,"[('dfad84d4-e5e3-45c9-91b1-f82824d3b81e', (5, 136, 9))]"
2251,failed,"['00Ind@0', '02Dec@1']","['IndDecentralizingAgent', 'DecentralizingAgent']",134,133,AgentMechanismInterface,False,False,True,17,0.2638628985732794,0.9,False,False,"(13, 141, 25)",,2,False,,"(13, 141, 25)",aafa7391-bce3-4234-9dcc-b9963db446f3,0,"[('aafa7391-bce3-4234-9dcc-b9963db446f3', (13, 141, 25))]"
2252,failed,"['02Dec@1', '00Ind@0']","['DecentralizingAgent', 'IndDecentralizingAgent']",135,134,AgentMechanismInterface,False,False,True,2,0.16180169768631458,0.15,True,False,,,2,False,,"(7, 144, 16)",2c35fb71-31b0-4cf2-b69a-58e97ef10ebe,0,[]
2253,failed,"['02Dec@1', '04Ran@2']","['DecentralizingAgent', 'RandomAgent']",135,134,AgentMechanismInterface,False,False,True,2,0.19824615959078074,0.15,False,False,"(4, 137, 33)",,2,False,,"(4, 137, 33)",9d1941c9-b21f-47d1-bb2e-aea702743157,0,[]
2254,failed,"['05Dec@2', '02Dec@1']","['DecentralizingAgent', 'DecentralizingAgent']",135,134,AgentMechanismInterface,False,False,True,2,0.2083662347868085,0.15,True,False,,,2,False,,"(5, 139, 21)",8b1e03d2-904d-420c-b00f-71ae2eb50c43,0,[]
2255,failed,"['05Dec@2', '02Dec@1']","['DecentralizingAgent', 'DecentralizingAgent']",135,134,AgentMechanismInterface,False,False,True,2,0.05258905794471502,0.15,True,False,,,2,False,,,24a0af82-f962-4a46-86c5-728e5b9c8cf2,0,[]
2256,failed,"['03MyA@1', '00Ind@0']","['MyAgent', 'IndDecentralizingAgent']",135,134,AgentMechanismInterface,False,False,True,2,0.1823046552017331,0.15,False,False,"(57, 145, 16)",,2,False,,"(57, 145, 16)",e32e4656-245b-4fa3-ab78-f4b6850cfbc0,0,[]
2257,failed,"['02Dec@1', '04Ran@2']","['DecentralizingAgent', 'RandomAgent']",135,134,AgentMechanismInterface,False,False,True,9,0.21340193413197994,0.5,False,False,"(1, 143, 42)",,2,False,,"(1, 143, 42)",ed02a68c-f44c-478e-a9cf-1115f27b8255,0,"[('ed02a68c-f44c-478e-a9cf-1115f27b8255', (1, 143, 42))]"
2258,failed,"['02Dec@1', '05Dec@2']","['DecentralizingAgent', 'DecentralizingAgent']",135,134,AgentMechanismInterface,False,False,True,9,0.25987497344613075,0.5,True,False,,,2,False,,"(1, 143, 21)",07cd972a-95d2-431a-a6e9-4a71c6d775a6,0,[]
2259,failed,"['04Ran@2', '02Dec@1']","['RandomAgent', 'DecentralizingAgent']",135,134,AgentMechanismInterface,False,False,True,12,0.2763541378080845,0.65,False,False,"(1, 135, 20)",,2,False,,"(1, 135, 20)",d6fc06df-3da4-4909-999b-554257a89e7a,0,[]
2260,failed,"['02Dec@1', '01Ran@0']","['DecentralizingAgent', 'RandomAgent']",135,134,AgentMechanismInterface,False,False,True,12,0.1113185128197074,0.65,False,False,"(5, 139, 2)",,2,False,,"(5, 139, 2)",1c6ec278-a383-4a9b-b6c7-f0d093eefda3,0,[]
2261,failed,"['02Dec@1', '00Ind@0']","['DecentralizingAgent', 'IndDecentralizingAgent']",135,134,AgentMechanismInterface,False,False,True,13,0.14639366697520018,0.7,True,False,,,2,False,,"(5, 143, 14)",7c6615ea-f40a-4a0f-b1bd-58c258d289c8,0,[]
2262,failed,"['05Dec@2', '02Dec@1']","['DecentralizingAgent', 'DecentralizingAgent']",135,134,AgentMechanismInterface,False,False,True,17,0.16143143642693758,0.9,False,False,"(1, 135, 11)",,2,False,,"(1, 135, 11)",51becd98-918e-411c-80fc-2efb6bfc792a,0,"[('51becd98-918e-411c-80fc-2efb6bfc792a', (1, 135, 11))]"
2263,failed,"['05Dec@2', '02Dec@1']","['DecentralizingAgent', 'DecentralizingAgent']",136,135,AgentMechanismInterface,False,False,True,2,0.25591142009943724,0.15,True,False,,,2,False,,"(5, 140, 21)",d43e20c0-8578-4dfe-aabd-5ea6298bbd9a,0,[]
2264,failed,"['02Dec@1', '04Ran@2']","['DecentralizingAgent', 'RandomAgent']",136,135,AgentMechanismInterface,False,False,True,2,0.29640168976038694,0.15,False,False,"(71, 139, 22)",,2,False,,"(71, 139, 22)",c7fda7ad-7bc7-4c5a-afb8-4976a8ea26e8,0,"[('c7fda7ad-7bc7-4c5a-afb8-4976a8ea26e8', (71, 139, 22))]"
2265,failed,"['02Dec@1', '00Ind@0']","['DecentralizingAgent', 'IndDecentralizingAgent']",136,135,AgentMechanismInterface,False,False,True,2,0.12202766351401806,0.15,True,False,,,2,False,,,5dbffed1-8c23-471f-be49-48e6be683491,0,[]
2266,failed,"['02Dec@1', '04Ran@2']","['DecentralizingAgent', 'RandomAgent']",136,135,AgentMechanismInterface,False,False,True,2,0.03747411631047726,0.15,False,False,"(30, 137, 40)",,2,False,,"(30, 137, 40)",670311d3-a6d0-429d-a5f1-99101670d4d2,0,[]
2267,failed,"['04Ran@2', '02Dec@1']","['RandomAgent', 'DecentralizingAgent']",136,135,AgentMechanismInterface,False,False,True,9,0.33525289222598076,0.5,False,False,"(5, 137, 21)",,2,False,,"(5, 137, 21)",d69e0483-47da-4891-8adb-0c675b2c3cd1,0,"[('d69e0483-47da-4891-8adb-0c675b2c3cd1', (5, 137, 21))]"
2268,failed,"['02Dec@1', '04Ran@2']","['DecentralizingAgent', 'RandomAgent']",136,135,AgentMechanismInterface,False,False,True,11,0.35944724921137094,0.6,False,False,"(1, 140, 41)",,2,False,,"(1, 140, 41)",1cc19554-de55-4a4b-9269-16647f821f7a,0,[]
2269,failed,"['02Dec@1', '05Dec@2']","['DecentralizingAgent', 'DecentralizingAgent']",136,135,AgentMechanismInterface,False,False,True,11,0.22610229440033436,0.6,True,False,,,2,False,,"(1, 143, 22)",f5c2d2ec-4f1d-43f6-b819-7be8db6fe14c,0,"[('f5c2d2ec-4f1d-43f6-b819-7be8db6fe14c', (1, 143, 22))]"
2270,failed,"['02Dec@1', '01Ran@0']","['DecentralizingAgent', 'RandomAgent']",136,135,AgentMechanismInterface,False,False,True,13,0.2953263372182846,0.7,False,False,"(4, 143, 2)",,2,False,,"(4, 143, 2)",834a51a1-6a97-4ce3-af48-55463c077952,0,"[('834a51a1-6a97-4ce3-af48-55463c077952', (4, 143, 2))]"
2271,failed,"['02Dec@1', '04Ran@2']","['DecentralizingAgent', 'RandomAgent']",136,135,AgentMechanismInterface,False,False,True,13,0.3810039395466447,0.7,False,False,"(33, 142, 38)",,2,False,,"(33, 142, 38)",06a42bcd-34be-456c-816e-91f67a1e181b,0,"[('06a42bcd-34be-456c-816e-91f67a1e181b', (33, 142, 38))]"
2272,failed,"['02Dec@1', '05Dec@2']","['DecentralizingAgent', 'DecentralizingAgent']",136,135,AgentMechanismInterface,False,False,True,14,0.33966995775699615,0.75,True,False,,,2,False,,"(29, 146, 26)",adb0bff5-73c1-4482-b323-d679e56092f7,0,"[('adb0bff5-73c1-4482-b323-d679e56092f7', (29, 146, 26))]"
2273,failed,"['00Ind@0', '03MyA@1']","['IndDecentralizingAgent', 'MyAgent']",136,135,AgentMechanismInterface,False,False,True,17,0.2819341691210866,0.9,False,False,"(17, 142, 25)",,2,False,,"(17, 142, 25)",7b1ba9dd-b5ab-47c2-b9f9-473127b2425d,0,[]
2274,failed,"['02Dec@1', '00Ind@0']","['DecentralizingAgent', 'IndDecentralizingAgent']",136,135,AgentMechanismInterface,False,False,True,17,0.5301959589123726,0.9,False,False,"(5, 138, 9)",,2,False,,"(5, 138, 9)",7cd4412d-063e-4b07-b1d4-c8e4b15326a6,0,"[('7cd4412d-063e-4b07-b1d4-c8e4b15326a6', (5, 138, 9))]"
2275,failed,"['02Dec@1', '00Ind@0']","['DecentralizingAgent', 'IndDecentralizingAgent']",136,135,AgentMechanismInterface,False,False,True,17,0.40699725318700075,0.9,False,False,"(5, 139, 8)",,2,False,,"(5, 139, 8)",9809b248-d84d-4d61-9d71-4990b625834d,0,"[('9809b248-d84d-4d61-9d71-4990b625834d', (5, 139, 8))]"
2276,failed,"['00Ind@0', '02Dec@1']","['IndDecentralizingAgent', 'DecentralizingAgent']",136,135,AgentMechanismInterface,False,False,True,17,0.3398306220769882,0.9,False,False,"(17, 142, 25)",,2,False,,"(17, 142, 25)",a1e6fe40-e7d3-46be-afa7-7805573bc846,0,[]
2277,failed,"['02Dec@1', '01Ran@0']","['DecentralizingAgent', 'RandomAgent']",136,135,AgentMechanismInterface,False,False,True,18,0.3120031235739589,0.95,True,False,,,2,False,,"(4, 136, 6)",66da87f0-bb89-4e68-87c0-99dc8eda90af,0,[]
2278,failed,"['03MyA@1', '00Ind@0']","['MyAgent', 'IndDecentralizingAgent']",137,136,AgentMechanismInterface,False,False,True,2,0.1046959524974227,0.15,False,False,"(53, 147, 16)",,2,False,,"(53, 147, 16)",c1ab1aa7-ba26-4ff0-8857-39a172725f37,0,[]
2279,failed,"['05Dec@2', '02Dec@1']","['DecentralizingAgent', 'DecentralizingAgent']",137,136,AgentMechanismInterface,False,False,True,2,0.1167576340958476,0.15,True,False,,,2,False,,,c499c075-5b38-4a4b-8f65-0c5142e6d598,0,[]
2280,failed,"['02Dec@1', '01Ran@0']","['DecentralizingAgent', 'RandomAgent']",137,136,AgentMechanismInterface,False,False,True,2,0.27814613562077284,0.15,False,False,"(5, 140, 10)",,2,False,,"(5, 140, 10)",1b091012-6094-48e5-9a0a-5b3ddf8c188d,0,[]
2281,failed,"['02Dec@1', '04Ran@2']","['DecentralizingAgent', 'RandomAgent']",137,136,AgentMechanismInterface,False,False,True,2,0.12667043693363667,0.15,False,False,"(3, 137, 38)",,2,False,,"(3, 137, 38)",f818d4b9-8006-4708-b450-9e51ff58bae7,0,[]
2282,failed,"['02Dec@1', '04Ran@2']","['DecentralizingAgent', 'RandomAgent']",137,136,AgentMechanismInterface,False,False,True,2,0.15224595088511705,0.15,False,False,"(25, 140, 25)",,2,False,,"(25, 140, 25)",c1ac06a1-300e-4d3d-88a2-cc5377e274bb,0,"[('c1ac06a1-300e-4d3d-88a2-cc5377e274bb', (25, 140, 25))]"
2283,failed,"['02Dec@1', '00Ind@0']","['DecentralizingAgent', 'IndDecentralizingAgent']",137,136,AgentMechanismInterface,False,False,True,8,0.3375241653993726,0.45,False,False,"(18, 143, 16)",,2,False,,"(18, 143, 16)",5c1ce08c-2b4f-4885-9049-7d4fab7d00f9,0,"[('5c1ce08c-2b4f-4885-9049-7d4fab7d00f9', (18, 143, 16))]"
2284,failed,"['02Dec@1', '04Ran@2']","['DecentralizingAgent', 'RandomAgent']",137,136,AgentMechanismInterface,False,False,True,10,0.20743335876613855,0.55,False,False,"(1, 141, 41)",,2,False,,"(1, 141, 41)",1e1a3924-fa98-4913-9203-18356b64e55a,0,[]
2285,failed,"['02Dec@1', '05Dec@2']","['DecentralizingAgent', 'DecentralizingAgent']",137,136,AgentMechanismInterface,False,False,True,10,0.2362465150654316,0.55,True,False,,,2,False,,"(1, 143, 21)",dcd7bdd7-c4d9-404d-a502-c490e3138f42,0,[]
2286,failed,"['02Dec@1', '01Ran@0']","['DecentralizingAgent', 'RandomAgent']",137,136,AgentMechanismInterface,False,False,True,12,0.38576693646609783,0.65,False,False,"(4, 140, 2)",,2,False,,"(4, 140, 2)",8616c812-6e59-4340-9782-9eee15dda7c6,0,[]
2287,failed,"['02Dec@1', '04Ran@2']","['DecentralizingAgent', 'RandomAgent']",137,136,AgentMechanismInterface,False,False,True,13,0.34881244599819183,0.7,False,False,"(33, 142, 38)",,2,False,,"(33, 142, 38)",538b5966-db67-4513-865b-1130157a1279,0,"[('538b5966-db67-4513-865b-1130157a1279', (33, 142, 38))]"
2288,failed,"['04Ran@2', '02Dec@1']","['RandomAgent', 'DecentralizingAgent']",137,136,AgentMechanismInterface,False,False,True,14,0.28009105287492275,0.75,False,False,"(5, 137, 18)",,2,False,,"(5, 137, 18)",c27fe928-5fff-403e-bff4-e906e23c1f3f,0,[]
2289,failed,"['02Dec@1', '05Dec@2']","['DecentralizingAgent', 'DecentralizingAgent']",137,136,AgentMechanismInterface,False,False,True,14,0.32021384593099356,0.75,True,False,,,2,False,,"(29, 146, 26)",a0cdeb72-a083-4974-bb91-5db555ee10f0,0,"[('a0cdeb72-a083-4974-bb91-5db555ee10f0', (29, 146, 26))]"
2290,failed,"['02Dec@1', '00Ind@0']","['DecentralizingAgent', 'IndDecentralizingAgent']",137,136,AgentMechanismInterface,False,False,True,17,0.33114387560635805,0.9,False,False,"(5, 139, 8)",,2,False,,"(5, 139, 8)",04894549-8fd1-4f70-ba01-3cf304fea5b9,0,"[('04894549-8fd1-4f70-ba01-3cf304fea5b9', (5, 139, 8))]"
2291,failed,"['02Dec@1', '05Dec@2']","['DecentralizingAgent', 'DecentralizingAgent']",137,136,AgentMechanismInterface,False,False,True,17,0.31046084593981504,0.9,False,False,"(4, 145, 32)",,2,False,,"(4, 145, 32)",3a685952-6e96-459c-94d8-439bf281f876,0,"[('3a685952-6e96-459c-94d8-439bf281f876', (4, 145, 32))]"
2292,failed,"['02Dec@1', '04Ran@2']","['DecentralizingAgent', 'RandomAgent']",137,136,AgentMechanismInterface,False,False,True,17,0.44658059999346733,0.9,True,False,,,2,False,,"(4, 145, 28)",05b6e5c1-6d8f-4965-b40e-85eba56acb3d,0,"[('05b6e5c1-6d8f-4965-b40e-85eba56acb3d', (4, 145, 28))]"
2293,failed,"['02Dec@1', '04Ran@2']","['DecentralizingAgent', 'RandomAgent']",138,137,AgentMechanismInterface,False,False,True,2,0.007883315905928612,0.15,False,False,"(4, 138, 33)",,2,False,,"(4, 138, 33)",47dd8206-b4ae-459e-a4c9-ae375c1f6a7a,0,[]
2294,failed,"['02Dec@1', '04Ran@2']","['DecentralizingAgent', 'RandomAgent']",138,137,AgentMechanismInterface,False,False,True,2,0.16906127985566854,0.15,False,False,"(6, 140, 33)",,2,False,,"(6, 140, 33)",2a20d822-97eb-4563-a9c6-da11a003b150,0,[]
2295,failed,"['04Ran@2', '02Dec@1']","['RandomAgent', 'DecentralizingAgent']",138,137,AgentMechanismInterface,False,False,True,2,0.17884564958512783,0.15,True,False,,,2,False,,"(8, 140, 19)",e8f7259e-1be9-43e5-8d73-e63103dac8a0,0,[]
2296,failed,"['02Dec@1', '05Dec@2']","['DecentralizingAgent', 'DecentralizingAgent']",138,137,AgentMechanismInterface,False,False,True,2,0.19751295819878578,0.15,True,False,,,2,False,,,9e98b34a-b2e5-4e43-a34e-d7a3a2f07eae,0,[]
2297,failed,"['05Dec@2', '02Dec@1']","['DecentralizingAgent', 'DecentralizingAgent']",138,137,AgentMechanismInterface,False,False,True,2,0.2811985230073333,0.15,False,False,"(31, 148, 21)",,2,False,,"(31, 148, 21)",9bbbecc4-e75f-4655-a81c-155750c665d0,0,[]
2298,failed,"['05Dec@2', '02Dec@1']","['DecentralizingAgent', 'DecentralizingAgent']",138,137,AgentMechanismInterface,False,False,True,2,0.225763987749815,0.15,True,False,,,2,False,,,e1053b51-8e07-4601-8af8-18d76516c102,0,[]
2299,failed,"['02Dec@1', '01Ran@0']","['DecentralizingAgent', 'RandomAgent']",138,137,AgentMechanismInterface,False,False,True,2,0.09165328834205866,0.15,True,False,,,2,False,,"(1, 138, 15)",4ed5ac1c-fddb-4ad7-9de5-71dca931d57b,0,[]
2300,failed,"['02Dec@1', '05Dec@2']","['DecentralizingAgent', 'DecentralizingAgent']",138,137,AgentMechanismInterface,False,False,True,3,0.16633205860853195,0.2,True,False,,,2,False,,"(4, 147, 42)",dece2e21-19ff-4a20-a174-5fec7596e6e8,0,"[('dece2e21-19ff-4a20-a174-5fec7596e6e8', (4, 147, 42))]"
2301,failed,"['02Dec@1', '04Ran@2']","['DecentralizingAgent', 'RandomAgent']",138,137,AgentMechanismInterface,False,False,True,9,0.37414298858493567,0.5,False,False,"(1, 138, 42)",,2,False,,"(1, 138, 42)",d5fd8604-d7b3-4a75-a9a0-2ebcc1268b25,0,"[('d5fd8604-d7b3-4a75-a9a0-2ebcc1268b25', (1, 138, 42))]"
2302,failed,"['02Dec@1', '05Dec@2']","['DecentralizingAgent', 'DecentralizingAgent']",138,137,AgentMechanismInterface,False,False,True,9,0.1304702004417777,0.5,True,False,,,2,False,,"(1, 143, 21)",74d1a030-083d-492f-8332-649a76338335,0,"[('74d1a030-083d-492f-8332-649a76338335', (1, 143, 21))]"
2303,failed,"['02Dec@1', '01Ran@0']","['DecentralizingAgent', 'RandomAgent']",138,137,AgentMechanismInterface,False,False,True,11,0.1386968707665801,0.6,False,False,"(3, 140, 2)",,2,False,,"(3, 140, 2)",f3a1ee83-f3a8-4203-a759-cd593d13203d,0,"[('f3a1ee83-f3a8-4203-a759-cd593d13203d', (3, 140, 2))]"
2304,failed,"['02Dec@1', '04Ran@2']","['DecentralizingAgent', 'RandomAgent']",138,137,AgentMechanismInterface,False,False,True,12,0.4202669197693467,0.65,False,False,"(1, 142, 40)",,2,False,,"(1, 142, 40)",b05b01b5-5b77-40eb-99c6-c7525d3030a8,0,"[('b05b01b5-5b77-40eb-99c6-c7525d3030a8', (1, 142, 40))]"
2305,failed,"['02Dec@1', '04Ran@2']","['DecentralizingAgent', 'RandomAgent']",138,137,AgentMechanismInterface,False,False,True,13,0.19961363915354013,0.7,False,False,"(16, 147, 41)",,2,False,,"(16, 147, 41)",847fcdbf-7e79-4508-b14a-d4a058b524db,0,"[('847fcdbf-7e79-4508-b14a-d4a058b524db', (16, 147, 41))]"
2306,failed,"['02Dec@1', '04Ran@2']","['DecentralizingAgent', 'RandomAgent']",138,137,AgentMechanismInterface,False,False,True,14,0.1926109753549099,0.75,False,False,"(30, 145, 38)",,2,False,,"(30, 145, 38)",f24f7c28-7c3f-47b8-a7f7-8ec8016db058,0,[]
2307,failed,"['02Dec@1', '00Ind@0']","['DecentralizingAgent', 'IndDecentralizingAgent']",138,137,AgentMechanismInterface,False,False,True,17,0.3567595686763525,0.9,False,False,"(5, 142, 8)",,2,False,,"(5, 142, 8)",546174c0-918c-48dc-9dbd-12baaad1bc8e,0,"[('546174c0-918c-48dc-9dbd-12baaad1bc8e', (5, 142, 8))]"
2308,failed,"['02Dec@1', '05Dec@2']","['DecentralizingAgent', 'DecentralizingAgent']",138,137,AgentMechanismInterface,False,False,True,17,0.27574989199638367,0.9,False,False,"(33, 142, 31)",,2,False,,"(33, 142, 31)",67d93603-c116-4166-8006-3636ddb6fa41,0,[]
2309,failed,"['02Dec@1', '05Dec@2']","['DecentralizingAgent', 'DecentralizingAgent']",138,137,AgentMechanismInterface,False,False,True,17,0.3514370461925864,0.9,False,False,"(20, 143, 33)",,2,False,,"(20, 143, 33)",37d7cbf2-d3bd-4835-869e-5a6ea1a621a3,0,[]
2310,failed,"['05Dec@2', '02Dec@1']","['DecentralizingAgent', 'DecentralizingAgent']",139,138,AgentMechanismInterface,False,False,True,1,0.02328626625239849,0.1,True,False,,,2,False,,,,0,[]
2311,failed,"['05Dec@2', '02Dec@1']","['DecentralizingAgent', 'DecentralizingAgent']",139,138,AgentMechanismInterface,False,False,True,2,0.013806971721351147,0.15,True,False,,,2,False,,,9385f5cf-9e88-4162-8b34-fd0da7a2b6c2,0,[]
2312,failed,"['05Dec@2', '02Dec@1']","['DecentralizingAgent', 'DecentralizingAgent']",139,138,AgentMechanismInterface,False,False,True,2,0.04648712184280157,0.15,True,False,,,2,False,,,31c9fc30-cc71-4a4b-903c-38dae05f3b55,0,[]
2313,failed,"['02Dec@1', '05Dec@2']","['DecentralizingAgent', 'DecentralizingAgent']",139,138,AgentMechanismInterface,False,False,True,2,0.06692948192358017,0.15,True,False,,,2,False,,,b0c6fe53-90fe-4802-b4ac-6013d43ae4f1,0,[]
2314,failed,"['02Dec@1', '05Dec@2']","['DecentralizingAgent', 'DecentralizingAgent']",139,138,AgentMechanismInterface,False,False,True,2,0.16078516654670238,0.15,True,False,,,2,False,,,fc72c812-ba6b-4675-b37b-11861a3ded50,0,[]
2315,failed,"['05Dec@2', '02Dec@1']","['DecentralizingAgent', 'DecentralizingAgent']",139,138,AgentMechanismInterface,False,False,True,2,0.15038835164159536,0.15,True,False,,,2,False,,,1c2fd1f9-3ce5-4eba-a1ae-ae62e94b0c09,0,[]
2316,failed,"['02Dec@1', '01Ran@0']","['DecentralizingAgent', 'RandomAgent']",139,138,AgentMechanismInterface,False,False,True,2,0.18837149254977703,0.15,True,False,,,2,False,,"(2, 141, 15)",0641ee2f-c7fa-4d1b-9013-32a5db5b21ad,0,[]
2317,failed,"['04Ran@2', '02Dec@1']","['RandomAgent', 'DecentralizingAgent']",139,138,AgentMechanismInterface,False,False,True,2,0.06078450474888086,0.15,True,False,,,2,False,,,a088cceb-c310-481f-a9c2-7058606c8254,0,[]
2318,failed,"['02Dec@1', '04Ran@2']","['DecentralizingAgent', 'RandomAgent']",139,138,AgentMechanismInterface,False,False,True,2,0.07102625630795956,0.15,True,False,,,2,False,,,6fa9f14a-3606-4e04-acc0-e6cf804d9854,0,[]
2319,failed,"['02Dec@1', '04Ran@2']","['DecentralizingAgent', 'RandomAgent']",139,138,AgentMechanismInterface,False,False,True,10,0.08954880759119987,0.55,False,False,"(5, 146, 41)",,2,False,,"(5, 146, 41)",36743c83-634d-4449-8040-0191429b6719,0,"[('36743c83-634d-4449-8040-0191429b6719', (5, 146, 41))]"
2320,failed,"['02Dec@1', '05Dec@2']","['DecentralizingAgent', 'DecentralizingAgent']",139,138,AgentMechanismInterface,False,False,True,11,0.138650169596076,0.6,True,False,,,2,False,,"(5, 147, 22)",cff7e731-5c9a-4d54-8498-bdf2b8396867,0,[]
2321,failed,"['02Dec@1', '01Ran@0']","['DecentralizingAgent', 'RandomAgent']",139,138,AgentMechanismInterface,False,False,True,11,0.2313737804070115,0.6,False,False,"(1, 143, 1)",,2,False,,"(1, 143, 1)",b7e8995c-cbcd-44d0-b48f-af4fad5b3ca1,0,[]
2322,failed,"['00Ind@0', '03MyA@1']","['IndDecentralizingAgent', 'MyAgent']",139,138,AgentMechanismInterface,False,False,True,17,0.26455091778188944,0.9,False,False,"(16, 147, 23)",,2,False,,"(16, 147, 23)",7626f582-09de-455a-8cef-ebab57aec70d,0,[]
2323,failed,"['02Dec@1', '00Ind@0']","['DecentralizingAgent', 'IndDecentralizingAgent']",139,138,AgentMechanismInterface,False,False,True,17,0.2713855179026723,0.9,False,False,"(5, 141, 9)",,2,False,,"(5, 141, 9)",99dd340f-007b-442b-879b-4648086bf7b9,0,"[('99dd340f-007b-442b-879b-4648086bf7b9', (5, 141, 9))]"
2324,failed,"['00Ind@0', '02Dec@1']","['IndDecentralizingAgent', 'DecentralizingAgent']",139,138,AgentMechanismInterface,False,False,True,17,0.2615729495882988,0.9,False,False,"(16, 146, 25)",,2,False,,"(16, 146, 25)",65e5a96f-072c-4ddf-b742-dd382baedc8b,0,[]
2325,failed,"['03MyA@1', '00Ind@0']","['MyAgent', 'IndDecentralizingAgent']",140,139,AgentMechanismInterface,False,False,True,2,0.3082306385040283,0.15,False,False,"(54, 150, 16)",,2,False,,"(54, 150, 16)",61c7b0bf-d4f0-437d-a366-2606c5c5b71a,0,"[('61c7b0bf-d4f0-437d-a366-2606c5c5b71a', (54, 150, 16))]"
2326,failed,"['05Dec@2', '02Dec@1']","['DecentralizingAgent', 'DecentralizingAgent']",140,139,AgentMechanismInterface,False,False,True,2,0.059883441776037216,0.15,True,False,,,2,False,,,afe9eadd-7e14-4864-9cf3-ea759b03f4f9,0,[]
2327,failed,"['02Dec@1', '00Ind@0']","['DecentralizingAgent', 'IndDecentralizingAgent']",140,139,AgentMechanismInterface,False,False,True,2,0.0528572304174304,0.15,True,False,,,2,False,,"(5, 144, 16)",31f2f149-9a42-40b8-a95f-6c9c492117dd,0,[]
2328,failed,"['05Dec@2', '02Dec@1']","['DecentralizingAgent', 'DecentralizingAgent']",140,139,AgentMechanismInterface,False,False,True,2,0.2164928587153554,0.15,True,False,,,2,False,,"(1, 144, 21)",f0966371-3d1f-4b9e-8edf-253b2d824040,0,[]
2329,failed,"['05Dec@2', '02Dec@1']","['DecentralizingAgent', 'DecentralizingAgent']",140,139,AgentMechanismInterface,False,False,True,2,0.11692082602530718,0.15,True,False,,,2,False,,,8b24c597-5375-4ff3-be63-dff0d355bbe5,0,[]
2330,failed,"['02Dec@1', '00Ind@0']","['DecentralizingAgent', 'IndDecentralizingAgent']",140,139,AgentMechanismInterface,False,False,True,2,0.2296288888901472,0.15,False,False,"(49, 150, 16)",,2,False,,"(49, 150, 16)",e21d1b83-fb35-4606-8934-e6137f4fa045,0,[]
2331,failed,"['02Dec@1', '05Dec@2']","['DecentralizingAgent', 'DecentralizingAgent']",140,139,AgentMechanismInterface,False,False,True,2,0.3501843847334385,0.15,True,False,,,2,False,,,8529b4fd-1382-4d9f-b836-6391c75a5556,0,[]
2332,failed,"['02Dec@1', '04Ran@2']","['DecentralizingAgent', 'RandomAgent']",140,139,AgentMechanismInterface,False,False,True,2,0.09923679381608963,0.15,True,False,,,2,False,,"(2, 146, 30)",72ba7e91-6fbc-400d-84e2-b69e302c6d97,0,[]
2333,failed,"['02Dec@1', '01Ran@0']","['DecentralizingAgent', 'RandomAgent']",140,139,AgentMechanismInterface,False,False,True,2,0.10334748029708862,0.15,False,False,"(3, 143, 4)",,2,False,,"(3, 143, 4)",f71fec7e-ac61-48a7-b3d9-92cd0433177b,0,[]
2334,failed,"['02Dec@1', '05Dec@2']","['DecentralizingAgent', 'DecentralizingAgent']",140,139,AgentMechanismInterface,False,False,True,2,0.1484122248366475,0.15,True,False,,,2,False,,,b86e8941-643e-476b-b5e3-8d041c495af9,0,[]
2335,failed,"['02Dec@1', '04Ran@2']","['DecentralizingAgent', 'RandomAgent']",140,139,AgentMechanismInterface,False,False,True,10,0.09161411691457033,0.55,False,False,"(1, 147, 42)",,2,False,,"(1, 147, 42)",a9d0d7ba-e70f-4238-af5c-739910a2aa3f,0,"[('a9d0d7ba-e70f-4238-af5c-739910a2aa3f', (1, 147, 42))]"
2336,failed,"['02Dec@1', '05Dec@2']","['DecentralizingAgent', 'DecentralizingAgent']",140,139,AgentMechanismInterface,False,False,True,10,0.16037272196263075,0.55,True,False,,,2,False,,"(1, 148, 22)",66a93fa6-a003-499a-aafb-081a74448eab,0,"[('66a93fa6-a003-499a-aafb-081a74448eab', (1, 148, 22))]"
2337,failed,"['02Dec@1', '04Ran@2']","['DecentralizingAgent', 'RandomAgent']",140,139,AgentMechanismInterface,False,False,True,13,0.16059837397187948,0.7,False,False,"(1, 148, 40)",,2,False,,"(1, 148, 40)",d2a52bd7-c1cd-471b-9d8e-2eda8b8de4b7,0,[]
2338,failed,"['04Ran@2', '02Dec@1']","['RandomAgent', 'DecentralizingAgent']",140,139,AgentMechanismInterface,False,False,True,15,0.23142600059509277,0.8,False,False,"(1, 140, 17)",,2,False,,"(1, 140, 17)",e98120ea-5a51-4296-82b9-bd26e8f5f9f5,0,[]
2339,failed,"['00Ind@0', '03MyA@1']","['IndDecentralizingAgent', 'MyAgent']",140,139,AgentMechanismInterface,False,False,True,17,0.2796525424346328,0.9,False,False,"(17, 146, 25)",,2,False,,"(17, 146, 25)",10dd8391-18fd-447d-8c4d-9e6cd910e2be,0,[]
2340,failed,"['00Ind@0', '02Dec@1']","['IndDecentralizingAgent', 'DecentralizingAgent']",140,139,AgentMechanismInterface,False,False,True,17,0.25170032028108835,0.9,False,False,"(17, 149, 23)",,2,False,,"(17, 149, 23)",7b17acb1-077b-4a60-81f7-52f7427fa20a,0,[]
2341,failed,"['02Dec@1', '05Dec@2']","['DecentralizingAgent', 'DecentralizingAgent']",140,139,AgentMechanismInterface,False,False,True,17,0.42938881926238537,0.9,False,False,"(5, 145, 31)",,2,False,,"(5, 145, 31)",87c63a0a-c6a6-4fca-9dba-c4da595ae23a,0,"[('87c63a0a-c6a6-4fca-9dba-c4da595ae23a', (5, 145, 31))]"
2342,failed,"['03MyA@1', '01Ran@0']","['MyAgent', 'RandomAgent']",141,140,AgentMechanismInterface,False,False,True,2,0.0699844416230917,0.15,False,False,"(37, 141, 2)",,2,False,,"(37, 141, 2)",6dca105e-68c1-4c17-a8aa-67378b050f50,0,[]
2343,failed,"['02Dec@1', '01Ran@0']","['DecentralizingAgent', 'RandomAgent']",141,140,AgentMechanismInterface,False,False,True,2,0.15670534782111645,0.15,False,False,"(31, 147, 12)",,2,False,,"(31, 147, 12)",05ce112c-55ea-463d-b156-c7c381e5233c,0,[]
2344,failed,"['02Dec@1', '04Ran@2']","['DecentralizingAgent', 'RandomAgent']",141,140,AgentMechanismInterface,False,False,True,2,0.0896571483463049,0.15,True,False,,,2,False,,"(1, 144, 38)",100c3035-6c5f-46bb-ba45-ac4a4df39c20,0,[]
2345,failed,"['05Dec@2', '02Dec@1']","['DecentralizingAgent', 'DecentralizingAgent']",141,140,AgentMechanismInterface,False,False,True,2,0.09005757886916399,0.15,True,False,,,2,False,,,a6cb543d-1c46-4beb-92f9-1f20f9d8616c,0,[]
2346,failed,"['02Dec@1', '04Ran@2']","['DecentralizingAgent', 'RandomAgent']",141,140,AgentMechanismInterface,False,False,True,2,0.1382180517539382,0.15,True,False,,,2,False,,,341a87f2-9f9e-401b-96aa-6457f6c2caee,0,[]
2347,failed,"['02Dec@1', '05Dec@2']","['DecentralizingAgent', 'DecentralizingAgent']",141,140,AgentMechanismInterface,False,False,True,2,0.11388960760086775,0.15,True,False,,,2,False,,"(1, 144, 21)",ddd06905-a881-488a-acf8-d0cc68010a1e,0,[]
2348,failed,"['04Ran@2', '02Dec@1']","['RandomAgent', 'DecentralizingAgent']",141,140,AgentMechanismInterface,False,False,True,8,0.1315768351778388,0.45,False,False,"(3, 144, 21)",,2,False,,"(3, 144, 21)",d8718852-76c8-473b-b45b-6ad2d028320c,0,"[('d8718852-76c8-473b-b45b-6ad2d028320c', (3, 144, 21))]"
2349,failed,"['02Dec@1', '01Ran@0']","['DecentralizingAgent', 'RandomAgent']",141,140,AgentMechanismInterface,False,False,True,10,0.08603950310498476,0.55,False,False,"(5, 147, 1)",,2,False,,"(5, 147, 1)",e32b0054-41fe-4a1e-ba8d-c9242a1395c8,0,[]
2350,failed,"['02Dec@1', '00Ind@0']","['DecentralizingAgent', 'IndDecentralizingAgent']",141,140,AgentMechanismInterface,False,False,True,10,0.17753379978239536,0.55,True,False,,,2,False,,"(5, 144, 16)",6ca193cc-c3b7-474e-83e5-60ab7e47d35f,0,[]
2351,failed,"['02Dec@1', '04Ran@2']","['DecentralizingAgent', 'RandomAgent']",141,140,AgentMechanismInterface,False,False,True,13,0.16558617819100618,0.7,False,False,"(1, 145, 39)",,2,False,,"(1, 145, 39)",6e8dd5de-01fe-47db-829c-08e375b30cce,0,"[('6e8dd5de-01fe-47db-829c-08e375b30cce', (1, 145, 39))]"
2352,failed,"['02Dec@1', '05Dec@2']","['DecentralizingAgent', 'DecentralizingAgent']",141,140,AgentMechanismInterface,False,False,True,14,0.2550135925412178,0.75,True,False,,,2,False,,"(1, 150, 24)",895bec2e-81f2-4262-9aac-c1a6abbf097a,0,[]
2353,failed,"['05Dec@2', '02Dec@1']","['DecentralizingAgent', 'DecentralizingAgent']",141,140,AgentMechanismInterface,False,False,True,17,0.24692129716277122,0.9,False,False,"(1, 145, 11)",,2,False,,"(1, 145, 11)",a20be760-ca5b-47d6-bdc8-61238e65645d,0,"[('a20be760-ca5b-47d6-bdc8-61238e65645d', (1, 145, 11))]"
2354,failed,"['05Dec@2', '02Dec@1']","['DecentralizingAgent', 'DecentralizingAgent']",142,141,AgentMechanismInterface,False,False,True,2,0.0199396014213562,0.15,True,False,,,2,False,,"(5, 142, 1)",449a0093-327b-4102-8b63-c85df1513683,0,[]
2355,failed,"['05Dec@2', '02Dec@1']","['DecentralizingAgent', 'DecentralizingAgent']",142,141,AgentMechanismInterface,False,False,True,2,0.019152583554387093,0.15,False,False,"(11, 146, 21)",,2,False,,"(11, 146, 21)",d506fd5e-baa9-4d8a-8357-a26e08d6d23b,0,[]
2356,failed,"['03MyA@1', '01Ran@0']","['MyAgent', 'RandomAgent']",142,141,AgentMechanismInterface,False,False,True,2,0.1566790072247386,0.15,False,False,"(15, 144, 11)",,2,False,,"(15, 144, 11)",b10ac7d5-945c-471d-b016-a446e7d60d07,0,[]
2357,failed,"['02Dec@1', '01Ran@0']","['DecentralizingAgent', 'RandomAgent']",142,141,AgentMechanismInterface,False,False,True,2,0.027299026027321815,0.15,True,False,,,2,False,,,c1c4e42e-f8f6-4f16-82ce-d12f58a3f381,0,[]
2358,failed,"['02Dec@1', '04Ran@2']","['DecentralizingAgent', 'RandomAgent']",142,141,AgentMechanismInterface,False,False,True,2,0.035687945783138275,0.15,True,False,,,2,False,,,a493f084-49c9-434d-9f09-e61314f6f403,0,[]
2359,failed,"['02Dec@1', '04Ran@2']","['DecentralizingAgent', 'RandomAgent']",142,141,AgentMechanismInterface,False,False,True,2,0.0946846716105938,0.15,False,False,"(7, 145, 42)",,2,False,,"(7, 145, 42)",61e630fd-3da1-49d4-9bc9-e2e9d75a5a40,0,"[('61e630fd-3da1-49d4-9bc9-e2e9d75a5a40', (7, 145, 42))]"
2360,failed,"['02Dec@1', '05Dec@2']","['DecentralizingAgent', 'DecentralizingAgent']",142,141,AgentMechanismInterface,False,False,True,2,0.08520402200520039,0.15,True,False,,,2,False,,"(1, 144, 21)",0d9fb33c-b063-43c6-8a1b-9b604229efe6,0,[]
2361,failed,"['02Dec@1', '01Ran@0']","['DecentralizingAgent', 'RandomAgent']",142,141,AgentMechanismInterface,False,False,True,13,0.2658820291981101,0.7,False,False,"(5, 142, 3)",,2,False,,"(5, 142, 3)",7bd24454-a0ee-44f2-8075-92a16b83013a,0,[]
2362,failed,"['02Dec@1', '00Ind@0']","['DecentralizingAgent', 'IndDecentralizingAgent']",142,141,AgentMechanismInterface,False,False,True,13,0.2632101895287633,0.7,True,False,,,2,False,,"(5, 150, 14)",2d567366-10b6-488a-9455-d496101b79a3,0,[]
2363,failed,"['02Dec@1', '04Ran@2']","['DecentralizingAgent', 'RandomAgent']",142,141,AgentMechanismInterface,False,False,True,13,0.1827171603217721,0.7,False,False,"(3, 151, 40)",,2,False,,"(3, 151, 40)",cc4f0d19-eb71-4b0b-a81e-99ac68b8abed,0,[]
2364,failed,"['04Ran@2', '02Dec@1']","['RandomAgent', 'DecentralizingAgent']",142,141,AgentMechanismInterface,False,False,True,15,0.1696141231805086,0.8,False,False,"(6, 144, 20)",,2,False,,"(6, 144, 20)",41af1d11-0139-43e2-95e9-e79dbebfe5ae,0,[]
2365,failed,"['00Ind@0', '03MyA@1']","['IndDecentralizingAgent', 'MyAgent']",142,141,AgentMechanismInterface,False,False,True,17,0.3131981873884797,0.9,False,False,"(13, 149, 25)",,2,False,,"(13, 149, 25)",376d9930-d955-4e3b-b85c-5377e28690b2,0,"[('376d9930-d955-4e3b-b85c-5377e28690b2', (13, 149, 25))]"
2366,failed,"['02Dec@1', '05Dec@2']","['DecentralizingAgent', 'DecentralizingAgent']",142,141,AgentMechanismInterface,False,False,True,17,0.2076693931594491,0.9,False,False,"(4, 150, 32)",,2,False,,"(4, 150, 32)",4bae6dc7-40f8-4c8e-bd3a-0f2e3757c46b,0,"[('4bae6dc7-40f8-4c8e-bd3a-0f2e3757c46b', (4, 150, 32))]"
2367,failed,"['00Ind@0', '02Dec@1']","['IndDecentralizingAgent', 'DecentralizingAgent']",142,141,AgentMechanismInterface,False,False,True,17,0.31647349800914526,0.9,False,False,"(13, 149, 25)",,2,False,,"(13, 149, 25)",e7ab3a4e-c65d-47e7-a5b1-25d7c7a109cd,0,"[('e7ab3a4e-c65d-47e7-a5b1-25d7c7a109cd', (13, 149, 25))]"
2368,failed,"['02Dec@1', '00Ind@0']","['DecentralizingAgent', 'IndDecentralizingAgent']",143,142,AgentMechanismInterface,False,False,True,2,0.12320839148014784,0.15,True,False,,,2,False,,,0437fc53-3b5b-481f-91f7-9a318104d402,0,[]
2369,failed,"['02Dec@1', '04Ran@2']","['DecentralizingAgent', 'RandomAgent']",143,142,AgentMechanismInterface,False,False,True,2,0.14645636547356844,0.15,True,False,,,2,False,,,24f3a313-dfdc-462a-a35d-f6f9e7913949,0,[]
2370,failed,"['02Dec@1', '04Ran@2']","['DecentralizingAgent', 'RandomAgent']",143,142,AgentMechanismInterface,False,False,True,2,0.030451352708041668,0.15,False,False,"(15, 143, 29)",,2,False,,"(15, 143, 29)",e7ed33c9-8218-4d87-8ec4-4712d06b0201,0,[]
2371,failed,"['03MyA@1', '01Ran@0']","['MyAgent', 'RandomAgent']",143,142,AgentMechanismInterface,False,False,True,2,0.26835042610764503,0.15,False,False,"(20, 153, 14)",,2,False,,"(20, 153, 14)",e1ca6e2e-f01f-4641-9130-e40f9cd23d90,0,[]
2372,failed,"['02Dec@1', '04Ran@2']","['DecentralizingAgent', 'RandomAgent']",143,142,AgentMechanismInterface,False,False,True,2,0.18093250691890717,0.15,False,False,"(1, 144, 21)",,2,False,,"(1, 144, 21)",c314ab7a-0ef9-49ad-a0a2-d70c2fa63fd2,0,[]
2373,failed,"['03MyA@1', '01Ran@0']","['MyAgent', 'RandomAgent']",143,142,AgentMechanismInterface,False,False,True,2,0.05831638537347317,0.15,True,False,,,2,False,,"(1, 147, 15)",79ab0609-81f5-4c49-839a-f7e09ee1b1b9,0,[]
2374,failed,"['05Dec@2', '02Dec@1']","['DecentralizingAgent', 'DecentralizingAgent']",143,142,AgentMechanismInterface,False,False,True,2,0.1926007019355893,0.15,True,False,,,2,False,,,6bd26ac9-37b1-4f7d-b807-a2c25d38d2d4,0,[]
2375,failed,"['05Dec@2', '02Dec@1']","['DecentralizingAgent', 'DecentralizingAgent']",143,142,AgentMechanismInterface,False,False,True,2,0.08285845257341862,0.15,True,False,,,2,False,,,cf01fb1a-aaaf-4920-af48-2c84c87b23b5,0,[]
2376,failed,"['02Dec@1', '00Ind@0']","['DecentralizingAgent', 'IndDecentralizingAgent']",143,142,AgentMechanismInterface,False,False,True,7,0.2844080226495862,0.4,False,False,"(16, 151, 16)",,2,False,,"(16, 151, 16)",b8c794e9-bbc0-408f-9aaf-f5241f4dc2e3,0,"[('b8c794e9-bbc0-408f-9aaf-f5241f4dc2e3', (16, 151, 16))]"
2377,failed,"['02Dec@1', '01Ran@0']","['DecentralizingAgent', 'RandomAgent']",143,142,AgentMechanismInterface,False,False,True,9,0.2068875404074788,0.5,False,False,"(4, 143, 1)",,2,False,,"(4, 143, 1)",46b0db62-f2f8-4365-a6ec-ec8293dc6504,0,[]
2378,failed,"['02Dec@1', '01Ran@0']","['DecentralizingAgent', 'RandomAgent']",143,142,AgentMechanismInterface,False,False,True,10,0.2602018751204014,0.55,False,False,"(2, 146, 1)",,2,False,,"(2, 146, 1)",89c91164-35d0-4b40-a7d0-275b3e4c472b,0,[]
2379,failed,"['02Dec@1', '00Ind@0']","['DecentralizingAgent', 'IndDecentralizingAgent']",143,142,AgentMechanismInterface,False,False,True,17,0.18202433362603188,0.9,False,False,"(5, 145, 9)",,2,False,,"(5, 145, 9)",fc73a320-1163-4494-8d0e-4362949cbb54,0,"[('fc73a320-1163-4494-8d0e-4362949cbb54', (5, 145, 9))]"
2380,failed,"['00Ind@0', '03MyA@1']","['IndDecentralizingAgent', 'MyAgent']",143,142,AgentMechanismInterface,False,False,True,17,0.2666519759222865,0.9,False,False,"(17, 152, 23)",,2,False,,"(17, 152, 23)",4c0e9f8c-7ab4-41d8-a7cc-314173c4fe10,0,[]
2381,failed,"['00Ind@0', '02Dec@1']","['IndDecentralizingAgent', 'DecentralizingAgent']",143,142,AgentMechanismInterface,False,False,True,17,0.3320814426988363,0.9,False,False,"(17, 152, 23)",,2,False,,"(17, 152, 23)",b6682a89-05fc-43b6-b386-cbfd1ef291ba,0,[]
2382,failed,"['02Dec@1', '00Ind@0']","['DecentralizingAgent', 'IndDecentralizingAgent']",143,142,AgentMechanismInterface,False,False,True,17,0.28422927390784025,0.9,False,False,"(5, 146, 8)",,2,False,,"(5, 146, 8)",29ab2494-721b-4383-a34b-01495b46ce54,0,"[('29ab2494-721b-4383-a34b-01495b46ce54', (5, 146, 8))]"
2383,failed,"['02Dec@1', '01Ran@0']","['DecentralizingAgent', 'RandomAgent']",144,143,AgentMechanismInterface,False,False,True,2,0.16624015104025602,0.15,False,False,"(1, 146, 2)",,2,False,,"(1, 146, 2)",8774871c-cecc-4833-abed-bb6c05c01aa4,0,[]
2384,failed,"['03MyA@1', '01Ran@0']","['MyAgent', 'RandomAgent']",144,143,AgentMechanismInterface,False,False,True,2,0.139626438729465,0.15,False,False,"(17, 150, 3)",,2,False,,"(17, 150, 3)",5379e073-0541-45d0-b7ab-77d78664f81b,0,"[('5379e073-0541-45d0-b7ab-77d78664f81b', (17, 150, 3))]"
2385,failed,"['02Dec@1', '00Ind@0']","['DecentralizingAgent', 'IndDecentralizingAgent']",144,143,AgentMechanismInterface,False,False,True,2,0.09276493173092604,0.15,True,False,,,2,False,,,541c9f7a-7093-444d-a19e-2f5971d5de92,0,[]
2386,failed,"['05Dec@2', '02Dec@1']","['DecentralizingAgent', 'DecentralizingAgent']",144,143,AgentMechanismInterface,False,False,True,2,0.10679059848189354,0.15,False,False,"(24, 153, 21)",,2,False,,"(24, 153, 21)",2d3a120b-0957-4390-8452-85c6cf10182c,0,"[('2d3a120b-0957-4390-8452-85c6cf10182c', (24, 153, 21))]"
2387,failed,"['03MyA@1', '01Ran@0']","['MyAgent', 'RandomAgent']",144,143,AgentMechanismInterface,False,False,True,2,0.22769489884376526,0.15,False,False,"(5, 147, 10)",,2,False,,"(5, 147, 10)",0f7f477f-307d-486e-9613-11d70007f827,0,"[('0f7f477f-307d-486e-9613-11d70007f827', (5, 147, 10))]"
2388,failed,"['03MyA@1', '00Ind@0']","['MyAgent', 'IndDecentralizingAgent']",144,143,AgentMechanismInterface,False,False,True,2,0.2340093282982707,0.15,True,False,,,2,False,,,e5e70f07-e0b5-49e2-be51-5c50fcab5207,0,[]
2389,failed,"['02Dec@1', '04Ran@2']","['DecentralizingAgent', 'RandomAgent']",144,143,AgentMechanismInterface,False,False,True,8,0.2115850979462266,0.45,False,False,"(5, 149, 42)",,2,False,,"(5, 149, 42)",d6f37ab9-4e2e-4e8b-8a35-87c40870b313,0,"[('d6f37ab9-4e2e-4e8b-8a35-87c40870b313', (5, 149, 42))]"
2390,failed,"['02Dec@1', '05Dec@2']","['DecentralizingAgent', 'DecentralizingAgent']",144,143,AgentMechanismInterface,False,False,True,8,0.23828548844903708,0.45,True,False,,,2,False,,"(5, 154, 21)",1c3759a6-3083-4966-91fb-4c506b7c377a,0,"[('1c3759a6-3083-4966-91fb-4c506b7c377a', (5, 154, 21))]"
2391,failed,"['02Dec@1', '01Ran@0']","['DecentralizingAgent', 'RandomAgent']",144,143,AgentMechanismInterface,False,False,True,15,0.30551175121217966,0.8,False,False,"(5, 153, 4)",,2,False,,"(5, 153, 4)",0533f3e0-7130-4843-a219-a42ad7988a44,0,[]
2392,failed,"['02Dec@1', '00Ind@0']","['DecentralizingAgent', 'IndDecentralizingAgent']",144,143,AgentMechanismInterface,False,False,True,15,0.20669538620859385,0.8,True,False,,,2,False,,"(5, 144, 13)",3863c051-006c-4dda-ba11-c558f544e445,0,[]
2393,failed,"['00Ind@0', '02Dec@1']","['IndDecentralizingAgent', 'DecentralizingAgent']",144,143,AgentMechanismInterface,False,False,True,17,0.26080895587801933,0.9,False,False,"(1, 149, 24)",,2,False,,"(1, 149, 24)",23b7a6c3-b4ed-415a-9c05-8a6c229ebfcd,0,"[('23b7a6c3-b4ed-415a-9c05-8a6c229ebfcd', (1, 149, 24))]"
2394,failed,"['00Ind@0', '03MyA@1']","['IndDecentralizingAgent', 'MyAgent']",144,143,AgentMechanismInterface,False,False,True,17,0.368509853258729,0.9,False,False,"(1, 149, 24)",,2,False,,"(1, 149, 24)",96480097-9e66-4cc3-89a5-33e0dff272bb,0,"[('96480097-9e66-4cc3-89a5-33e0dff272bb', (1, 149, 24))]"
2395,failed,"['02Dec@1', '00Ind@0']","['DecentralizingAgent', 'IndDecentralizingAgent']",145,144,AgentMechanismInterface,False,False,True,2,0.17638178542256355,0.15,True,False,,,2,False,,"(4, 154, 16)",a4819024-9f0e-4891-82b4-7e3c57af16c8,0,[]
2396,failed,"['03MyA@1', '01Ran@0']","['MyAgent', 'RandomAgent']",145,144,AgentMechanismInterface,False,False,True,2,0.4056720919907093,0.15,False,False,"(5, 146, 13)",,2,False,,"(5, 146, 13)",428d7556-2b5b-4fdb-8b83-b25846f32bf8,0,[]
2397,failed,"['03MyA@1', '00Ind@0']","['MyAgent', 'IndDecentralizingAgent']",145,144,AgentMechanismInterface,False,False,True,2,0.22233563009649515,0.15,True,False,,,2,False,,,45079ddf-6d72-4599-8d82-0f90df032299,0,[]
2398,failed,"['02Dec@1', '00Ind@0']","['DecentralizingAgent', 'IndDecentralizingAgent']",145,144,AgentMechanismInterface,False,False,True,2,0.1124773295596242,0.15,True,False,,,2,False,,"(1, 151, 16)",4e9beb48-3309-4cf5-ae0a-db4d205fe00b,0,[]
2399,failed,"['03MyA@1', '00Ind@0']","['MyAgent', 'IndDecentralizingAgent']",145,144,AgentMechanismInterface,False,False,True,2,0.2766061760485172,0.15,False,False,"(32, 153, 16)",,2,False,,"(32, 153, 16)",7fcd0126-a421-4af3-834d-41b8bf6d314d,0,"[('7fcd0126-a421-4af3-834d-41b8bf6d314d', (32, 153, 16))]"
2400,failed,"['03MyA@1', '00Ind@0']","['MyAgent', 'IndDecentralizingAgent']",145,144,AgentMechanismInterface,False,False,True,2,0.39637487940490246,0.15,False,False,"(69, 155, 16)",,2,False,,"(69, 155, 16)",8976b3e9-8f25-4bb8-a301-e88293642025,0,[]
2401,failed,"['02Dec@1', '00Ind@0']","['DecentralizingAgent', 'IndDecentralizingAgent']",145,144,AgentMechanismInterface,False,False,True,7,0.2851419420912862,0.4,False,False,"(5, 154, 16)",,2,False,,"(5, 154, 16)",6b8af809-347b-4a92-9e9d-8d06790b4e14,0,[]
2402,failed,"['02Dec@1', '01Ran@0']","['DecentralizingAgent', 'RandomAgent']",145,144,AgentMechanismInterface,False,False,True,10,0.2755385525524616,0.55,False,False,"(3, 150, 1)",,2,False,,"(3, 150, 1)",27ac4824-bd05-4d52-bae1-7b3b87d8ad93,0,"[('27ac4824-bd05-4d52-bae1-7b3b87d8ad93', (3, 150, 1))]"
2403,failed,"['02Dec@1', '04Ran@2']","['DecentralizingAgent', 'RandomAgent']",145,144,AgentMechanismInterface,False,False,True,12,0.14616392273455858,0.65,False,False,"(19, 155, 39)",,2,False,,"(19, 155, 39)",ff46ffca-8919-450a-9391-8c1aa42a1a2c,0,"[('ff46ffca-8919-450a-9391-8c1aa42a1a2c', (19, 155, 39))]"
2404,failed,"['02Dec@1', '05Dec@2']","['DecentralizingAgent', 'DecentralizingAgent']",145,144,AgentMechanismInterface,False,False,True,12,0.2309960573911667,0.65,True,False,,,2,False,,"(19, 151, 23)",5b1fa218-1f5d-4701-b998-782e9ed2e38e,0,[]
2405,failed,"['02Dec@1', '01Ran@0']","['DecentralizingAgent', 'RandomAgent']",145,144,AgentMechanismInterface,False,False,True,13,0.17066863738000393,0.7,False,False,"(5, 145, 3)",,2,False,,"(5, 145, 3)",28038491-aa6b-42c8-8782-4a10fe43bbaa,0,[]
2406,failed,"['02Dec@1', '04Ran@2']","['DecentralizingAgent', 'RandomAgent']",145,144,AgentMechanismInterface,False,False,True,13,0.18787283077836037,0.7,False,False,"(1, 149, 39)",,2,False,,"(1, 149, 39)",9a763396-7c72-47eb-9054-60747055b103,0,"[('9a763396-7c72-47eb-9054-60747055b103', (1, 149, 39))]"
2407,failed,"['02Dec@1', '00Ind@0']","['DecentralizingAgent', 'IndDecentralizingAgent']",145,144,AgentMechanismInterface,False,False,True,14,0.34487841557711363,0.75,True,False,,,2,False,,"(2, 145, 13)",db9e0561-adea-4ba3-840d-a16a86f1e084,0,"[('db9e0561-adea-4ba3-840d-a16a86f1e084', (2, 145, 13))]"
2408,failed,"['00Ind@0', '03MyA@1']","['IndDecentralizingAgent', 'MyAgent']",145,144,AgentMechanismInterface,False,False,True,17,0.35476011224091053,0.9,False,False,"(11, 151, 25)",,2,False,,"(11, 151, 25)",9357ef43-1691-4b58-b968-129bb41af3a7,0,"[('9357ef43-1691-4b58-b968-129bb41af3a7', (11, 151, 25))]"
2409,failed,"['00Ind@0', '02Dec@1']","['IndDecentralizingAgent', 'DecentralizingAgent']",145,144,AgentMechanismInterface,False,False,True,17,0.383854391053319,0.9,False,False,"(11, 151, 25)",,2,False,,"(11, 151, 25)",8b9e5c67-bcbd-4a5e-8fec-c856c62faf16,0,"[('8b9e5c67-bcbd-4a5e-8fec-c856c62faf16', (11, 151, 25))]"
2410,failed,"['05Dec@2', '02Dec@1']","['DecentralizingAgent', 'DecentralizingAgent']",145,144,AgentMechanismInterface,False,False,True,17,0.34173752274364233,0.9,False,False,"(9, 151, 10)",,2,False,,"(9, 151, 10)",e041085e-0b51-491d-9c45-d2103cee4979,0,"[('e041085e-0b51-491d-9c45-d2103cee4979', (9, 151, 10))]"
2411,failed,"['02Dec@1', '00Ind@0']","['DecentralizingAgent', 'IndDecentralizingAgent']",145,144,AgentMechanismInterface,False,False,True,17,0.6303865388035774,0.9,False,False,"(5, 149, 9)",,2,False,,"(5, 149, 9)",046a1a4d-a273-4c25-ab26-fda4b644c685,0,"[('046a1a4d-a273-4c25-ab26-fda4b644c685', (5, 149, 9))]"
2412,failed,"['02Dec@1', '05Dec@2']","['DecentralizingAgent', 'DecentralizingAgent']",145,144,AgentMechanismInterface,False,False,True,17,0.44516469445079565,0.9,False,False,"(5, 150, 31)",,2,False,,"(5, 150, 31)",7d9876d3-05c2-4130-9192-593794716658,0,"[('7d9876d3-05c2-4130-9192-593794716658', (5, 150, 31))]"
2413,failed,"['02Dec@1', '01Ran@0']","['DecentralizingAgent', 'RandomAgent']",146,145,AgentMechanismInterface,False,False,True,2,0.2097569089382887,0.15,True,False,,,2,False,,,99f73736-8185-4224-9c3b-2f6cb799ae91,0,[]
2414,failed,"['03MyA@1', '01Ran@0']","['MyAgent', 'RandomAgent']",146,145,AgentMechanismInterface,False,False,True,2,0.107020428404212,0.15,False,False,"(2, 149, 12)",,2,False,,"(2, 149, 12)",e43e0d68-ea78-4e91-870c-d7aa115c4cc2,0,[]
2415,failed,"['03MyA@1', '00Ind@0']","['MyAgent', 'IndDecentralizingAgent']",146,145,AgentMechanismInterface,False,False,True,2,0.2182437488809228,0.15,False,False,"(59, 156, 16)",,2,False,,"(59, 156, 16)",f94c2a9a-b58d-4447-9c82-5429bddbab73,0,"[('f94c2a9a-b58d-4447-9c82-5429bddbab73', (59, 156, 16))]"
2416,failed,"['03MyA@1', '00Ind@0']","['MyAgent', 'IndDecentralizingAgent']",146,145,AgentMechanismInterface,False,False,True,2,0.09162039216607809,0.15,True,False,,,2,False,,"(1, 151, 16)",53a0771c-f1de-4217-89a2-e81f2a2235ef,0,[]
2417,failed,"['02Dec@1', '01Ran@0']","['DecentralizingAgent', 'RandomAgent']",146,145,AgentMechanismInterface,False,False,True,2,0.2506440384313464,0.15,True,False,,,2,False,,,05ce99af-f393-4f69-b478-4b3cedaddd2b,0,[]
2418,failed,"['02Dec@1', '01Ran@0']","['DecentralizingAgent', 'RandomAgent']",146,145,AgentMechanismInterface,False,False,True,2,0.09581867977976799,0.15,True,False,,,2,False,,,a32f06dd-2e33-49c7-aebd-3845aab79391,0,[]
2419,failed,"['02Dec@1', '04Ran@2']","['DecentralizingAgent', 'RandomAgent']",146,145,AgentMechanismInterface,False,False,True,8,0.08513900265097618,0.45,False,False,"(2, 156, 42)",,2,False,,"(2, 156, 42)",2f2175b1-9541-4d49-9e6f-bd02d520b16c,0,[]
2420,failed,"['02Dec@1', '01Ran@0']","['DecentralizingAgent', 'RandomAgent']",146,145,AgentMechanismInterface,False,False,True,10,0.27113659773021936,0.55,False,False,"(1, 149, 1)",,2,False,,"(1, 149, 1)",b688aaf2-c0ef-4805-b78c-25f835ef3b3b,0,"[('b688aaf2-c0ef-4805-b78c-25f835ef3b3b', (1, 149, 1))]"
2421,failed,"['02Dec@1', '04Ran@2']","['DecentralizingAgent', 'RandomAgent']",146,145,AgentMechanismInterface,False,False,True,14,0.15328748803585768,0.75,False,False,"(19, 154, 38)",,2,False,,"(19, 154, 38)",ffe4f15e-4279-4eaa-a58b-7c6f2ad0baa3,0,[]
2422,failed,"['02Dec@1', '05Dec@2']","['DecentralizingAgent', 'DecentralizingAgent']",146,145,AgentMechanismInterface,False,False,True,15,0.12021626066416502,0.8,True,False,,,2,False,,"(19, 153, 28)",b2828ae0-c0c4-48c4-97ce-e0080de144e7,0,"[('b2828ae0-c0c4-48c4-97ce-e0080de144e7', (19, 153, 28))]"
2423,failed,"['02Dec@1', '05Dec@2']","['DecentralizingAgent', 'DecentralizingAgent']",146,145,AgentMechanismInterface,False,False,True,17,0.16548056714236736,0.9,False,False,"(5, 152, 31)",,2,False,,"(5, 152, 31)",9f8449d6-5df2-47ee-9f93-69ec737b909e,0,"[('9f8449d6-5df2-47ee-9f93-69ec737b909e', (5, 152, 31))]"
2424,failed,"['02Dec@1', '01Ran@0']","['DecentralizingAgent', 'RandomAgent']",146,145,AgentMechanismInterface,False,False,True,17,0.3692975351586938,0.9,False,False,"(5, 151, 9)",,2,False,,"(5, 151, 9)",468a987e-f6cf-4286-98c0-534909eca14f,0,"[('468a987e-f6cf-4286-98c0-534909eca14f', (5, 151, 9))]"
2425,failed,"['02Dec@1', '00Ind@0']","['DecentralizingAgent', 'IndDecentralizingAgent']",146,145,AgentMechanismInterface,False,False,True,17,0.26241430547088385,0.9,True,False,,,2,False,,"(5, 149, 10)",71a4fa7c-5fb6-4f57-a7fc-584188989ebf,0,[]
2426,failed,"['02Dec@1', '00Ind@0']","['DecentralizingAgent', 'IndDecentralizingAgent']",146,145,AgentMechanismInterface,False,False,True,17,0.1761240754276514,0.9,False,False,"(5, 148, 8)",,2,False,,"(5, 148, 8)",4d46527f-3377-4404-8407-eb27ca90e471,0,"[('4d46527f-3377-4404-8407-eb27ca90e471', (5, 148, 8))]"
2427,failed,"['05Dec@2', '02Dec@1']","['DecentralizingAgent', 'DecentralizingAgent']",147,146,AgentMechanismInterface,False,False,True,2,0.024309098720550537,0.15,False,False,"(12, 151, 21)",,2,False,,"(12, 151, 21)",4417a702-2a79-486c-b3c1-3424d26ed557,0,"[('4417a702-2a79-486c-b3c1-3424d26ed557', (12, 151, 21))]"
2428,failed,"['02Dec@1', '00Ind@0']","['DecentralizingAgent', 'IndDecentralizingAgent']",147,146,AgentMechanismInterface,False,False,True,2,0.11519571114331484,0.15,True,False,,,2,False,,"(5, 151, 16)",2d39c422-4f3c-4163-9b4e-332649e89d30,0,[]
2429,failed,"['02Dec@1', '00Ind@0']","['DecentralizingAgent', 'IndDecentralizingAgent']",147,146,AgentMechanismInterface,False,False,True,2,0.12794768530875444,0.15,True,False,,,2,False,,"(4, 154, 16)",2da5e364-6cd0-4606-af51-68544d740537,0,[]
2430,failed,"['03MyA@1', '00Ind@0']","['MyAgent', 'IndDecentralizingAgent']",147,146,AgentMechanismInterface,False,False,True,2,0.23386885412037373,0.15,False,False,"(29, 154, 16)",,2,False,,"(29, 154, 16)",cb5fd440-db0e-49d4-9e26-91cfcb676419,0,[]
2431,failed,"['04Ran@2', '02Dec@1']","['RandomAgent', 'DecentralizingAgent']",147,146,AgentMechanismInterface,False,False,True,2,0.13740647584199905,0.15,True,False,,,2,False,,,79c47a69-7029-4ed1-a1a3-c8c3f0361265,0,[]
2432,failed,"['02Dec@1', '01Ran@0']","['DecentralizingAgent', 'RandomAgent']",147,146,AgentMechanismInterface,False,False,True,2,0.1416055802255869,0.15,True,False,,,2,False,,,3bcd45cb-473d-4d7f-9997-500a962cdf77,0,[]
2433,failed,"['02Dec@1', '01Ran@0']","['DecentralizingAgent', 'RandomAgent']",147,146,AgentMechanismInterface,False,False,True,2,0.04685024358332157,0.15,True,False,,,2,False,,,c4d8e848-8b48-4ed7-9192-9a24df2edaa0,0,[]
2434,failed,"['05Dec@2', '02Dec@1']","['DecentralizingAgent', 'DecentralizingAgent']",147,146,AgentMechanismInterface,False,False,True,2,0.16870761569589376,0.15,False,False,"(12, 151, 21)",,2,False,,"(12, 151, 21)",d140c594-1419-468d-9bcc-7c9f0db02af4,0,[]
2435,failed,"['02Dec@1', '01Ran@0']","['DecentralizingAgent', 'RandomAgent']",147,146,AgentMechanismInterface,False,False,True,10,0.2593319620937109,0.55,False,False,"(5, 147, 2)",,2,False,,"(5, 147, 2)",38905307-c255-4d4a-9631-5da6d1f41730,0,"[('38905307-c255-4d4a-9631-5da6d1f41730', (5, 147, 2))]"
2436,failed,"['02Dec@1', '00Ind@0']","['DecentralizingAgent', 'IndDecentralizingAgent']",147,146,AgentMechanismInterface,False,False,True,11,0.1234807102009654,0.6,True,False,,,2,False,,"(5, 151, 15)",59dca782-68df-4e3a-af08-b20746afa276,0,"[('59dca782-68df-4e3a-af08-b20746afa276', (5, 151, 15))]"
2437,failed,"['02Dec@1', '04Ran@2']","['DecentralizingAgent', 'RandomAgent']",147,146,AgentMechanismInterface,False,False,True,15,0.2841015886515379,0.8,False,False,"(19, 150, 37)",,2,False,,"(19, 150, 37)",d64be8f2-3aee-4c93-a96f-8c1fdaa65339,0,[]
2438,failed,"['02Dec@1', '05Dec@2']","['DecentralizingAgent', 'DecentralizingAgent']",147,146,AgentMechanismInterface,False,False,True,16,0.26153109688311815,0.85,True,False,,,2,False,,"(19, 153, 28)",4e329905-5804-44a0-8892-4312c777158a,0,[]
2439,failed,"['02Dec@1', '04Ran@2']","['DecentralizingAgent', 'RandomAgent']",147,146,AgentMechanismInterface,False,False,True,16,0.16168211679905653,0.85,False,False,"(4, 156, 41)",,2,False,,"(4, 156, 41)",0bf93c10-6d88-40ea-ba37-d76ae9938ea0,0,[]
2440,failed,"['00Ind@0', '03MyA@1']","['IndDecentralizingAgent', 'MyAgent']",147,146,AgentMechanismInterface,False,False,True,17,0.24862921983003616,0.9,False,False,"(15, 154, 25)",,2,False,,"(15, 154, 25)",908fb684-2349-42fa-8815-4e3bdbc66916,0,[]
2441,failed,"['00Ind@0', '02Dec@1']","['IndDecentralizingAgent', 'DecentralizingAgent']",147,146,AgentMechanismInterface,False,False,True,17,0.28836898971349,0.9,False,False,"(15, 155, 23)",,2,False,,"(15, 155, 23)",5b334feb-95c7-4338-8bc7-35b1a4dc33d4,0,[]
2442,failed,"['02Dec@1', '05Dec@2']","['DecentralizingAgent', 'DecentralizingAgent']",147,146,AgentMechanismInterface,False,False,True,17,0.25483905989676714,0.9,False,False,"(5, 156, 32)",,2,False,,"(5, 156, 32)",1458fd53-3ae0-436e-bbf7-68c81118a194,0,"[('1458fd53-3ae0-436e-bbf7-68c81118a194', (5, 156, 32))]"
2443,failed,"['02Dec@1', '00Ind@0']","['DecentralizingAgent', 'IndDecentralizingAgent']",148,147,AgentMechanismInterface,False,False,True,2,0.025340533815324306,0.15,True,False,,,2,False,,"(10, 158, 16)",9e53600c-cc13-467d-8ee3-43788c9c3ce4,0,[]
2444,failed,"['02Dec@1', '01Ran@0']","['DecentralizingAgent', 'RandomAgent']",148,147,AgentMechanismInterface,False,False,True,2,0.11293384805321693,0.15,True,False,,,2,False,,,386a06b8-49be-43b0-b8fc-93cd7d3bd382,0,[]
2445,failed,"['05Dec@2', '02Dec@1']","['DecentralizingAgent', 'DecentralizingAgent']",148,147,AgentMechanismInterface,False,False,True,2,0.42749559693038464,0.15,False,False,"(51, 158, 21)",,2,False,,"(51, 158, 21)",fdc1cd8e-dfc1-4869-b321-5afa860dce29,0,"[('fdc1cd8e-dfc1-4869-b321-5afa860dce29', (51, 158, 21))]"
2446,failed,"['04Ran@2', '02Dec@1']","['RandomAgent', 'DecentralizingAgent']",148,147,AgentMechanismInterface,False,False,True,2,0.104337009601295,0.15,True,False,,,2,False,,"(3, 149, 10)",2ec1bdcd-b39f-48d6-92a8-04fb6eebaa14,0,[]
2447,failed,"['03MyA@1', '00Ind@0']","['MyAgent', 'IndDecentralizingAgent']",148,147,AgentMechanismInterface,False,False,True,2,0.22581574134528637,0.15,False,False,"(55, 158, 16)",,2,False,,"(55, 158, 16)",173aa1ba-f9dc-4f8f-b74e-daf82cb28675,0,[]
2448,failed,"['02Dec@1', '00Ind@0']","['DecentralizingAgent', 'IndDecentralizingAgent']",148,147,AgentMechanismInterface,False,False,True,2,0.25998293701559305,0.15,True,False,,,2,False,,"(4, 154, 16)",a397c3a8-bfc8-4d2e-bd23-b1213aba71b3,0,[]
2449,failed,"['02Dec@1', '05Dec@2']","['DecentralizingAgent', 'DecentralizingAgent']",148,147,AgentMechanismInterface,False,False,True,2,0.2586575858294964,0.15,False,False,"(18, 148, 21)",,2,False,,"(18, 148, 21)",65e661d1-fa1a-4185-ba36-3bb08c74fd5d,0,"[('65e661d1-fa1a-4185-ba36-3bb08c74fd5d', (18, 148, 21))]"
2450,failed,"['05Dec@2', '02Dec@1']","['DecentralizingAgent', 'DecentralizingAgent']",148,147,AgentMechanismInterface,False,False,True,2,0.0660198163241148,0.15,True,False,,,2,False,,,49b1d2e4-27c8-4dee-b586-aeab8a4ac895,0,[]
2451,failed,"['02Dec@1', '01Ran@0']","['DecentralizingAgent', 'RandomAgent']",148,147,AgentMechanismInterface,False,False,True,8,0.3620576374232769,0.45,False,False,"(5, 152, 1)",,2,False,,"(5, 152, 1)",96156ae1-fb6f-47be-959e-0a27335126ba,0,"[('96156ae1-fb6f-47be-959e-0a27335126ba', (5, 152, 1))]"
2452,failed,"['02Dec@1', '00Ind@0']","['DecentralizingAgent', 'IndDecentralizingAgent']",148,147,AgentMechanismInterface,False,False,True,9,0.35701064206659794,0.5,True,False,,,2,False,,"(5, 151, 16)",d019c792-e146-4c83-88a4-d12aca51ea49,0,[]
2453,failed,"['02Dec@1', '04Ran@2']","['DecentralizingAgent', 'RandomAgent']",148,147,AgentMechanismInterface,False,False,True,13,0.14341505523771048,0.7,False,False,"(16, 155, 42)",,2,False,,"(16, 155, 42)",28922a9d-5a6c-421c-88b0-95e812686cb1,0,[]
2454,failed,"['02Dec@1', '04Ran@2']","['DecentralizingAgent', 'RandomAgent']",148,147,AgentMechanismInterface,False,False,True,16,0.4007726740092039,0.85,False,False,"(5, 157, 40)",,2,False,,"(5, 157, 40)",adc63e25-6fe5-4088-b3c8-09a7dbb206ca,0,[]
2455,failed,"['02Dec@1', '05Dec@2']","['DecentralizingAgent', 'DecentralizingAgent']",148,147,AgentMechanismInterface,False,False,True,16,0.34672533720731735,0.85,True,False,,,2,False,,"(1, 158, 29)",4f7f5c41-e4eb-4f04-a2fd-eb5ca074ecd1,0,"[('4f7f5c41-e4eb-4f04-a2fd-eb5ca074ecd1', (1, 158, 29))]"
2456,failed,"['02Dec@1', '05Dec@2']","['DecentralizingAgent', 'DecentralizingAgent']",148,147,AgentMechanismInterface,False,False,True,17,0.2703701723366976,0.9,False,False,"(19, 155, 30)",,2,False,,"(19, 155, 30)",7301f096-e813-42da-ba96-13398be70840,0,[]
2457,failed,"['00Ind@0', '02Dec@1']","['IndDecentralizingAgent', 'DecentralizingAgent']",148,147,AgentMechanismInterface,False,False,True,17,0.24274219665676355,0.9,False,False,"(18, 157, 23)",,2,False,,"(18, 157, 23)",e00c722a-03c6-479c-9236-c7810402501b,0,[]
2458,failed,"['00Ind@0', '03MyA@1']","['IndDecentralizingAgent', 'MyAgent']",148,147,AgentMechanismInterface,False,False,True,17,0.48100883699953556,0.9,False,False,"(18, 157, 23)",,2,False,,"(18, 157, 23)",4b82777c-6c20-426e-bbb5-71f62169ca33,0,[]
2459,failed,"['03MyA@1', '01Ran@0']","['MyAgent', 'RandomAgent']",149,148,AgentMechanismInterface,False,False,True,2,0.12760336324572563,0.15,False,False,"(25, 158, 5)",,2,False,,"(25, 158, 5)",d8a9a67f-b692-4a0a-b4ca-32b0be5fdffa,0,[]
2460,failed,"['05Dec@2', '02Dec@1']","['DecentralizingAgent', 'DecentralizingAgent']",149,148,AgentMechanismInterface,False,False,True,2,0.0630278205499053,0.15,True,False,,,2,False,,,162b1ba1-e182-4945-96da-30ff0ab5013e,0,[]
2461,failed,"['00Ind@0', '03MyA@1']","['IndDecentralizingAgent', 'MyAgent']",149,148,AgentMechanismInterface,False,False,True,2,0.0926238913089037,0.15,True,False,,,2,False,,"(8, 159, 32)",547d8886-f8de-46d6-874f-a4130cc0a349,0,[]
2462,failed,"['02Dec@1', '05Dec@2']","['DecentralizingAgent', 'DecentralizingAgent']",149,148,AgentMechanismInterface,False,False,True,2,0.08656865078955889,0.15,True,False,,,2,False,,"(5, 159, 42)",346bd5dc-cac3-4f89-a6e2-cfedcde13066,0,[]
2463,failed,"['02Dec@1', '01Ran@0']","['DecentralizingAgent', 'RandomAgent']",149,148,AgentMechanismInterface,False,False,True,2,0.15689479000866413,0.15,False,False,"(3, 154, 8)",,2,False,,"(3, 154, 8)",66fde2ca-98d9-4be2-8dbf-96d2de8aa07e,0,[]
2464,failed,"['02Dec@1', '00Ind@0']","['DecentralizingAgent', 'IndDecentralizingAgent']",149,148,AgentMechanismInterface,False,False,True,2,0.09020073432475328,0.15,True,False,,,2,False,,"(10, 158, 16)",4c5a6ac0-d11b-4e6d-bd96-54d44921e92f,0,[]
2465,failed,"['05Dec@2', '02Dec@1']","['DecentralizingAgent', 'DecentralizingAgent']",149,148,AgentMechanismInterface,False,False,True,2,0.10535692889243364,0.15,False,False,"(19, 150, 21)",,2,False,,"(19, 150, 21)",539cdcf2-1c91-4cb5-9128-9331b46b9519,0,"[('539cdcf2-1c91-4cb5-9128-9331b46b9519', (19, 150, 21))]"
2466,failed,"['02Dec@1', '00Ind@0']","['DecentralizingAgent', 'IndDecentralizingAgent']",149,148,AgentMechanismInterface,False,False,True,2,0.23258091881871223,0.15,True,False,,,2,False,,,a3056923-4879-4583-a2ce-45066c23520a,0,[]
2467,failed,"['02Dec@1', '04Ran@2']","['DecentralizingAgent', 'RandomAgent']",149,148,AgentMechanismInterface,False,False,True,10,0.2998894555494189,0.55,False,False,"(3, 157, 42)",,2,False,,"(3, 157, 42)",85947483-401f-47de-85f5-843f55413f38,0,"[('85947483-401f-47de-85f5-843f55413f38', (3, 157, 42))]"
2468,failed,"['04Ran@2', '02Dec@1']","['RandomAgent', 'DecentralizingAgent']",149,148,AgentMechanismInterface,False,False,True,11,0.2824180070310831,0.6,False,False,"(11, 150, 20)",,2,False,,"(11, 150, 20)",2bc834f3-5e7b-4dd4-a2a2-4323675e1d09,0,[]
2469,failed,"['02Dec@1', '01Ran@0']","['DecentralizingAgent', 'RandomAgent']",149,148,AgentMechanismInterface,False,False,True,12,0.26650105509907007,0.65,False,False,"(5, 149, 3)",,2,False,,"(5, 149, 3)",2bce5939-f855-47d5-855f-f8a2ee388937,0,"[('2bce5939-f855-47d5-855f-f8a2ee388937', (5, 149, 3))]"
2470,failed,"['02Dec@1', '00Ind@0']","['DecentralizingAgent', 'IndDecentralizingAgent']",149,148,AgentMechanismInterface,False,False,True,12,0.20037218648940325,0.65,True,False,,,2,False,,"(5, 151, 15)",35f4a9e7-aadd-4a78-981b-5465514f9104,0,[]
2471,failed,"['02Dec@1', '04Ran@2']","['DecentralizingAgent', 'RandomAgent']",149,148,AgentMechanismInterface,False,False,True,13,0.22217746172100306,0.7,False,False,"(1, 154, 41)",,2,False,,"(1, 154, 41)",f8d6e282-da26-4373-9b96-ee632ce8f444,0,"[('f8d6e282-da26-4373-9b96-ee632ce8f444', (1, 154, 41))]"
2472,failed,"['02Dec@1', '05Dec@2']","['DecentralizingAgent', 'DecentralizingAgent']",149,148,AgentMechanismInterface,False,False,True,17,0.32959766406565905,0.9,False,False,"(5, 154, 31)",,2,False,,"(5, 154, 31)",e6c4a046-a462-4774-8689-13038c6522f3,0,"[('e6c4a046-a462-4774-8689-13038c6522f3', (5, 154, 31))]"
2473,failed,"['00Ind@0', '02Dec@1']","['IndDecentralizingAgent', 'DecentralizingAgent']",149,148,AgentMechanismInterface,False,False,True,17,0.3793948423117399,0.9,False,False,"(4, 159, 24)",,2,False,,"(4, 159, 24)",c5529307-e5e7-477d-ac18-f6a3f897276e,0,"[('c5529307-e5e7-477d-ac18-f6a3f897276e', (4, 159, 24))]"
2474,failed,"['05Dec@2', '02Dec@1']","['DecentralizingAgent', 'DecentralizingAgent']",149,148,AgentMechanismInterface,False,False,True,17,0.21724065020680428,0.9,False,False,"(11, 152, 10)",,2,False,,"(11, 152, 10)",9aebed22-c2d1-44ba-9b6f-7270e65f702a,0,"[('9aebed22-c2d1-44ba-9b6f-7270e65f702a', (11, 152, 10))]"
2475,failed,"['05Dec@2', '02Dec@1']","['DecentralizingAgent', 'DecentralizingAgent']",150,149,AgentMechanismInterface,False,False,True,2,0.0011612502858042717,0.15,True,False,,,2,False,,,c9fe6dba-6bf3-4571-86ce-f65abd1dba14,0,[]
2476,failed,"['02Dec@1', '05Dec@2']","['DecentralizingAgent', 'DecentralizingAgent']",150,149,AgentMechanismInterface,False,False,True,2,0.07504124846309423,0.15,True,False,,,2,False,,,9625517e-a783-4c64-a870-a97dc03b4b13,0,[]
2477,failed,"['02Dec@1', '05Dec@2']","['DecentralizingAgent', 'DecentralizingAgent']",150,149,AgentMechanismInterface,False,False,True,2,0.06395323388278484,0.15,True,False,,,2,False,,,b9da37b8-ea6f-4a80-a3e5-f8bb28d2c255,0,[]
2478,failed,"['02Dec@1', '01Ran@0']","['DecentralizingAgent', 'RandomAgent']",150,149,AgentMechanismInterface,False,False,True,2,0.053066872991621494,0.15,True,False,,,2,False,,,0b241913-259e-4a50-8528-4fae7c9456ab,0,[]
2479,failed,"['02Dec@1', '05Dec@2']","['DecentralizingAgent', 'DecentralizingAgent']",150,149,AgentMechanismInterface,False,False,True,2,0.11597251053899527,0.15,False,False,"(37, 150, 21)",,2,False,,"(37, 150, 21)",f22bde37-90cb-4830-a4d4-bd3f1fc9e4ab,0,[]
2480,failed,"['02Dec@1', '01Ran@0']","['DecentralizingAgent', 'RandomAgent']",150,149,AgentMechanismInterface,False,False,True,2,0.0735942916944623,0.15,True,False,,,2,False,,,4ace901b-4b39-4d1d-af4f-2f95ca590a4e,0,[]
2481,failed,"['02Dec@1', '00Ind@0']","['DecentralizingAgent', 'IndDecentralizingAgent']",150,149,AgentMechanismInterface,False,False,True,2,0.06538259796798229,0.15,True,False,,,2,False,,"(3, 156, 16)",fc9663c0-eec8-427c-9015-d9deacd978f8,0,[]
2482,failed,"['00Ind@0', '02Dec@1']","['IndDecentralizingAgent', 'DecentralizingAgent']",150,149,AgentMechanismInterface,False,False,True,2,0.15002901200205088,0.15,True,False,,,2,False,,,10fe47a3-3149-4050-b964-ca7a4af9d9fe,0,[]
2483,failed,"['00Ind@0', '03MyA@1']","['IndDecentralizingAgent', 'MyAgent']",150,149,AgentMechanismInterface,False,False,True,2,0.09038044791668653,0.15,True,False,,,2,False,,,16d7d727-3632-468a-ab5a-ade5456b7a28,0,[]
2484,failed,"['05Dec@2', '02Dec@1']","['DecentralizingAgent', 'DecentralizingAgent']",150,149,AgentMechanismInterface,False,False,True,2,0.13749765697866678,0.15,False,False,"(19, 150, 21)",,2,False,,"(19, 150, 21)",795ab35c-98af-4e67-b1de-5c56245c5aad,0,"[('795ab35c-98af-4e67-b1de-5c56245c5aad', (19, 150, 21))]"
2485,failed,"['03MyA@1', '00Ind@0']","['MyAgent', 'IndDecentralizingAgent']",150,149,AgentMechanismInterface,False,False,True,2,0.24396959878504276,0.15,False,False,"(27, 159, 16)",,2,False,,"(27, 159, 16)",4a4f8c3c-6701-4f6a-b61e-ddfa3fa50a1a,0,"[('4a4f8c3c-6701-4f6a-b61e-ddfa3fa50a1a', (27, 159, 16))]"
2486,failed,"['02Dec@1', '04Ran@2']","['DecentralizingAgent', 'RandomAgent']",150,149,AgentMechanismInterface,False,False,True,7,0.18356618005782366,0.4,False,False,"(5, 157, 42)",,2,False,,"(5, 157, 42)",cb43a4e1-bf54-4ee4-b3a0-c44df3844673,0,"[('cb43a4e1-bf54-4ee4-b3a0-c44df3844673', (5, 157, 42))]"
2487,failed,"['04Ran@2', '02Dec@1']","['RandomAgent', 'DecentralizingAgent']",150,149,AgentMechanismInterface,False,False,True,8,0.23485988192260265,0.45,False,False,"(11, 151, 21)",,2,False,,"(11, 151, 21)",28caa7d7-dd3b-4611-86e1-ff00ddd458f7,0,[]
2488,failed,"['02Dec@1', '01Ran@0']","['DecentralizingAgent', 'RandomAgent']",150,149,AgentMechanismInterface,False,False,True,14,0.252214171923697,0.75,False,False,"(2, 150, 4)",,2,False,,"(2, 150, 4)",c3bd9825-0b25-4292-ba6f-d6ede10270e5,0,[]
2489,failed,"['02Dec@1', '00Ind@0']","['DecentralizingAgent', 'IndDecentralizingAgent']",150,149,AgentMechanismInterface,False,False,True,17,0.2250669226050377,0.9,False,False,"(5, 152, 9)",,2,False,,"(5, 152, 9)",3a7dc0db-f485-4423-aa55-716dc30f353e,0,"[('3a7dc0db-f485-4423-aa55-716dc30f353e', (5, 152, 9))]"
2490,failed,"['04Ran@2', '02Dec@1']","['RandomAgent', 'DecentralizingAgent']",151,150,AgentMechanismInterface,False,False,True,2,0.07223713211715221,0.15,True,False,,,2,False,,"(6, 154, 19)",9b12183e-807d-44b0-b1a1-ebbcae5d3918,0,[]
2491,failed,"['05Dec@2', '02Dec@1']","['DecentralizingAgent', 'DecentralizingAgent']",151,150,AgentMechanismInterface,False,False,True,2,0.24761403165757656,0.15,False,False,"(50, 159, 21)",,2,False,,"(50, 159, 21)",54c0b4c9-e793-4faa-8f0c-63e9b0496dc2,0,"[('54c0b4c9-e793-4faa-8f0c-63e9b0496dc2', (50, 159, 21))]"
2492,failed,"['02Dec@1', '01Ran@0']","['DecentralizingAgent', 'RandomAgent']",151,150,AgentMechanismInterface,False,False,True,2,0.01848638989031315,0.15,False,False,"(6, 157, 2)",,2,False,,"(6, 157, 2)",d20fdab1-4750-4798-879f-97ba66214ecb,0,[]
2493,failed,"['02Dec@1', '04Ran@2']","['DecentralizingAgent', 'RandomAgent']",151,150,AgentMechanismInterface,False,False,True,2,0.09778649173676968,0.15,False,False,"(18, 151, 37)",,2,False,,"(18, 151, 37)",d3ec0eac-8d62-4b50-9e70-b8d8d2bc1230,0,"[('d3ec0eac-8d62-4b50-9e70-b8d8d2bc1230', (18, 151, 37))]"
2494,failed,"['05Dec@2', '02Dec@1']","['DecentralizingAgent', 'DecentralizingAgent']",151,150,AgentMechanismInterface,False,False,True,2,0.0745426369830966,0.15,True,False,,,2,False,,,ea50a3be-eb67-4bfe-a7bd-6f975871ab94,0,[]
2495,failed,"['02Dec@1', '01Ran@0']","['DecentralizingAgent', 'RandomAgent']",151,150,AgentMechanismInterface,False,False,True,2,0.15187410917133093,0.15,True,False,,,2,False,,,5a441206-161d-4190-bfe5-41e5b747bbc9,0,[]
2496,failed,"['05Dec@2', '02Dec@1']","['DecentralizingAgent', 'DecentralizingAgent']",151,150,AgentMechanismInterface,False,False,True,2,0.05364594142884016,0.15,True,False,,,2,False,,,6f6ef42b-7513-4cc3-bd2e-1de919fdc77e,0,[]
2497,failed,"['02Dec@1', '00Ind@0']","['DecentralizingAgent', 'IndDecentralizingAgent']",151,150,AgentMechanismInterface,False,False,True,2,0.2812858624383807,0.15,True,False,,,2,False,,,af072bb1-5ffe-47b5-beaa-1156919fc932,0,[]
2498,failed,"['02Dec@1', '04Ran@2']","['DecentralizingAgent', 'RandomAgent']",151,150,AgentMechanismInterface,False,False,True,2,0.13662084937095642,0.15,True,False,,,2,False,,,7ef7c799-261a-4f0f-a7a6-7d943e91cba6,0,[]
2499,failed,"['02Dec@1', '05Dec@2']","['DecentralizingAgent', 'DecentralizingAgent']",151,150,AgentMechanismInterface,False,False,True,2,0.0607288908213377,0.15,True,False,,,2,False,,,5b982190-20fd-4014-9425-de259c18185d,0,[]
2500,failed,"['02Dec@1', '05Dec@2']","['DecentralizingAgent', 'DecentralizingAgent']",151,150,AgentMechanismInterface,False,False,True,2,0.29601107724010944,0.15,True,False,,,2,False,,"(5, 160, 42)",3eddadbf-899a-496e-b69c-db4e3c527713,0,[]
2501,failed,"['00Ind@0', '02Dec@1']","['IndDecentralizingAgent', 'DecentralizingAgent']",151,150,AgentMechanismInterface,False,False,True,2,0.1466462966054678,0.15,True,False,,,2,False,,,66969f14-607b-47d6-9657-c43c319fcf06,0,[]
2502,failed,"['02Dec@1', '04Ran@2']","['DecentralizingAgent', 'RandomAgent']",151,150,AgentMechanismInterface,False,False,True,10,0.11189440730959177,0.55,False,False,"(4, 159, 41)",,2,False,,"(4, 159, 41)",eb4b24e1-e735-47c9-ab0d-8a57da562b55,0,[]
2503,failed,"['02Dec@1', '01Ran@0']","['DecentralizingAgent', 'RandomAgent']",151,150,AgentMechanismInterface,False,False,True,13,0.09494962822645903,0.7,False,False,"(1, 155, 3)",,2,False,,"(1, 155, 3)",1d3334fc-feb4-4fd8-af02-74b7dfd8bb5f,0,"[('1d3334fc-feb4-4fd8-af02-74b7dfd8bb5f', (1, 155, 3))]"
2504,failed,"['02Dec@1', '04Ran@2']","['DecentralizingAgent', 'RandomAgent']",151,150,AgentMechanismInterface,False,False,True,15,0.233040870167315,0.8,False,False,"(8, 156, 37)",,2,False,,"(8, 156, 37)",74a35e26-b7e2-47bc-9336-d15103ff2da0,0,[]
2505,failed,"['00Ind@0', '03MyA@1']","['IndDecentralizingAgent', 'MyAgent']",151,150,AgentMechanismInterface,False,False,True,17,0.19898820854723454,0.9,False,False,"(16, 159, 23)",,2,False,,"(16, 159, 23)",8dde495e-49a3-4845-9ba7-9a4e5645dba3,0,[]
2506,failed,"['02Dec@1', '00Ind@0']","['DecentralizingAgent', 'IndDecentralizingAgent']",151,150,AgentMechanismInterface,False,False,True,17,0.16900244541466236,0.9,False,False,"(5, 153, 8)",,2,False,,"(5, 153, 8)",3b85bc94-f24c-4771-a7d2-6969f286d757,0,"[('3b85bc94-f24c-4771-a7d2-6969f286d757', (5, 153, 8))]"
2507,failed,"['00Ind@0', '02Dec@1']","['IndDecentralizingAgent', 'DecentralizingAgent']",152,151,AgentMechanismInterface,False,False,True,2,0.08993118535727262,0.15,True,False,,,2,False,,"(16, 160, 32)",fff8af27-5239-4d83-9042-39d3f19d8b8d,0,[]
2508,failed,"['05Dec@2', '02Dec@1']","['DecentralizingAgent', 'DecentralizingAgent']",152,151,AgentMechanismInterface,False,False,True,2,0.05123178847134113,0.15,True,False,,,2,False,,,47c73514-2f5f-46e2-99a2-b615cbd93ed1,0,[]
2509,failed,"['02Dec@1', '04Ran@2']","['DecentralizingAgent', 'RandomAgent']",152,151,AgentMechanismInterface,False,False,True,2,0.02575381752103567,0.15,True,False,,,2,False,,,4bd04412-77ea-4a61-a7e1-cbb1a6b8a01a,0,[]
2510,failed,"['02Dec@1', '00Ind@0']","['DecentralizingAgent', 'IndDecentralizingAgent']",152,151,AgentMechanismInterface,False,False,True,2,0.024933035485446453,0.15,True,False,,,2,False,,"(6, 159, 16)",3ce9575d-b09d-4e72-b8dc-e1dcf0a89940,0,[]
2511,failed,"['02Dec@1', '04Ran@2']","['DecentralizingAgent', 'RandomAgent']",152,151,AgentMechanismInterface,False,False,True,2,0.030168792232871056,0.15,True,False,,,2,False,,,e00d246f-b6e4-47d5-81cc-85af90ca88f4,0,[]
2512,failed,"['03MyA@1', '01Ran@0']","['MyAgent', 'RandomAgent']",152,151,AgentMechanismInterface,False,False,True,2,0.07089810539036989,0.15,False,False,"(25, 159, 16)",,2,False,,"(25, 159, 16)",d3df7553-5b1f-49e9-b67a-8b4911cf7b4f,0,[]
2513,failed,"['02Dec@1', '05Dec@2']","['DecentralizingAgent', 'DecentralizingAgent']",152,151,AgentMechanismInterface,False,False,True,2,0.12856545858085155,0.15,True,False,,,2,False,,,ae266839-77e9-498c-b079-b75d66d1ac4a,0,[]
2514,failed,"['02Dec@1', '01Ran@0']","['DecentralizingAgent', 'RandomAgent']",152,151,AgentMechanismInterface,False,False,True,2,0.14503539074212313,0.15,True,False,,,2,False,,"(4, 153, 15)",042ab7ed-b0be-4d2e-b739-20e5e49b0ccc,0,[]
2515,failed,"['00Ind@0', '03MyA@1']","['IndDecentralizingAgent', 'MyAgent']",152,151,AgentMechanismInterface,False,False,True,2,0.1497688926756382,0.15,True,False,,,2,False,,,03c03362-cb94-4bd9-9bde-d0b142e9635e,0,[]
2516,failed,"['02Dec@1', '04Ran@2']","['DecentralizingAgent', 'RandomAgent']",152,151,AgentMechanismInterface,False,False,True,2,0.07842953409999609,0.15,True,False,,,2,False,,"(1, 159, 42)",375177c7-ac6c-465e-b7c4-68a50f116584,0,[]
2517,failed,"['04Ran@2', '02Dec@1']","['RandomAgent', 'DecentralizingAgent']",152,151,AgentMechanismInterface,False,False,True,14,0.1446852721273899,0.75,False,False,"(6, 152, 20)",,2,False,,"(6, 152, 20)",f5c20082-5740-4b2a-9c95-908d02b60e5e,0,"[('f5c20082-5740-4b2a-9c95-908d02b60e5e', (6, 152, 20))]"
2518,failed,"['02Dec@1', '04Ran@2']","['DecentralizingAgent', 'RandomAgent']",153,152,AgentMechanismInterface,False,False,True,2,0.04535014368593693,0.15,True,False,,,2,False,,,3e7b18f3-95f6-4a4d-af31-639af420b55f,0,[]
2519,failed,"['02Dec@1', '04Ran@2']","['DecentralizingAgent', 'RandomAgent']",153,152,AgentMechanismInterface,False,False,True,2,0.05234417039901018,0.15,True,False,,,2,False,,,7da1d5e2-ff36-4448-b5e1-14e45281472d,0,[]
2520,failed,"['03MyA@1', '01Ran@0']","['MyAgent', 'RandomAgent']",153,152,AgentMechanismInterface,False,False,True,2,0.02402242925018072,0.15,False,False,"(18, 158, 16)",,2,False,,"(18, 158, 16)",618169ba-95d9-4b30-817d-9d126eda3454,0,"[('618169ba-95d9-4b30-817d-9d126eda3454', (18, 158, 16))]"
2521,failed,"['02Dec@1', '04Ran@2']","['DecentralizingAgent', 'RandomAgent']",153,152,AgentMechanismInterface,False,False,True,2,0.10965115763247013,0.15,True,False,,,2,False,,,3c9c0a83-7cf8-48ad-a1da-d145f8acb84d,0,[]
2522,failed,"['02Dec@1', '00Ind@0']","['DecentralizingAgent', 'IndDecentralizingAgent']",153,152,AgentMechanismInterface,False,False,True,2,0.05247066169977188,0.15,True,False,,,2,False,,"(4, 158, 16)",251ddcc9-e887-4eaf-abd5-ad66f77ab68e,0,[]
2523,failed,"['02Dec@1', '01Ran@0']","['DecentralizingAgent', 'RandomAgent']",153,152,AgentMechanismInterface,False,False,True,2,0.0680584292858839,0.15,True,False,,,2,False,,,470b8450-9f61-4fc1-bddf-9c794721d6b7,0,[]
2524,failed,"['05Dec@2', '02Dec@1']","['DecentralizingAgent', 'DecentralizingAgent']",153,152,AgentMechanismInterface,False,False,True,2,0.09498605690896511,0.15,True,False,,,2,False,,"(8, 157, 21)",577663f4-b81b-4ac5-a208-a491891b4ee9,0,[]
2525,failed,"['00Ind@0', '03MyA@1']","['IndDecentralizingAgent', 'MyAgent']",153,152,AgentMechanismInterface,False,False,True,2,0.11580796632915735,0.15,True,False,,,2,False,,,0d526928-14f3-4b4f-b4cc-dce3637921dc,0,[]
2526,failed,"['02Dec@1', '04Ran@2']","['DecentralizingAgent', 'RandomAgent']",153,152,AgentMechanismInterface,False,False,True,2,0.08848928939551115,0.15,True,False,,,2,False,,,a4cfc6aa-7997-45bb-bfc0-e1017fcaf6b0,0,[]
2527,failed,"['00Ind@0', '02Dec@1']","['IndDecentralizingAgent', 'DecentralizingAgent']",153,152,AgentMechanismInterface,False,False,True,2,0.06460331007838249,0.15,True,False,,,2,False,,,1135443c-a52f-4ced-b170-76f526b3950d,0,[]
2528,failed,"['04Ran@2', '02Dec@1']","['RandomAgent', 'DecentralizingAgent']",153,152,AgentMechanismInterface,False,False,True,6,0.0926403496414423,0.35,False,False,"(8, 157, 21)",,2,False,,"(8, 157, 21)",48e44f8b-5270-4f4a-85b7-150cedcef70c,0,[]
2529,failed,"['02Dec@1', '01Ran@0']","['DecentralizingAgent', 'RandomAgent']",153,152,AgentMechanismInterface,False,False,True,8,0.11613350175321102,0.45,False,False,"(5, 155, 1)",,2,False,,"(5, 155, 1)",03c45a16-f449-4a06-b4ef-8248a8ba744e,0,[]
2530,failed,"['02Dec@1', '00Ind@0']","['DecentralizingAgent', 'IndDecentralizingAgent']",153,152,AgentMechanismInterface,False,False,True,9,0.1527621429413557,0.5,True,False,,,2,False,,"(5, 153, 16)",8c97a86a-b505-4238-8ff3-1d3cd5cb1929,0,[]
2531,failed,"['02Dec@1', '04Ran@2']","['DecentralizingAgent', 'RandomAgent']",153,152,AgentMechanismInterface,False,False,True,13,0.1245248643681407,0.7,False,False,"(4, 158, 42)",,2,False,,"(4, 158, 42)",6c10101f-01f0-4cab-bfe0-85a203f60b77,0,"[('6c10101f-01f0-4cab-bfe0-85a203f60b77', (4, 158, 42))]"
2532,failed,"['02Dec@1', '05Dec@2']","['DecentralizingAgent', 'DecentralizingAgent']",153,152,AgentMechanismInterface,False,False,True,17,0.1869317451491952,0.9,False,False,"(5, 158, 31)",,2,False,,"(5, 158, 31)",dc4bba46-e56a-4320-af49-c2a17b7b79a4,0,"[('dc4bba46-e56a-4320-af49-c2a17b7b79a4', (5, 158, 31))]"
2533,failed,"['02Dec@1', '00Ind@0']","['DecentralizingAgent', 'IndDecentralizingAgent']",154,153,AgentMechanismInterface,False,False,True,2,0.022961780428886414,0.15,True,False,,,2,False,,,355235d7-d473-4a1b-bfeb-02c59f103707,0,[]
2534,failed,"['02Dec@1', '01Ran@0']","['DecentralizingAgent', 'RandomAgent']",154,153,AgentMechanismInterface,False,False,True,2,0.02349753864109516,0.15,False,False,"(4, 157, 7)",,2,False,,"(4, 157, 7)",7e59ecb1-1161-4d0b-a046-9df66a10130d,0,[]
2535,failed,"['03MyA@1', '01Ran@0']","['MyAgent', 'RandomAgent']",154,153,AgentMechanismInterface,False,False,True,2,0.022530855610966682,0.15,True,False,,,2,False,,,753c04e8-bae8-46de-8921-56b6d48a6160,0,[]
2536,failed,"['02Dec@1', '05Dec@2']","['DecentralizingAgent', 'DecentralizingAgent']",154,153,AgentMechanismInterface,False,False,True,2,0.08672447875142097,0.15,True,False,,,2,False,,,b3454abd-e21e-49fc-bff3-c9a93f504314,0,[]
2537,failed,"['02Dec@1', '05Dec@2']","['DecentralizingAgent', 'DecentralizingAgent']",154,153,AgentMechanismInterface,False,False,True,2,0.05132733192294836,0.15,True,False,,,2,False,,,6e256d1d-51b1-4fc8-80a8-4ddcf47e7fe2,0,[]
2538,failed,"['00Ind@0', '03MyA@1']","['IndDecentralizingAgent', 'MyAgent']",154,153,AgentMechanismInterface,False,False,True,2,0.09500004258006811,0.15,True,False,,,2,False,,,1b5e15fd-08a8-4715-9a58-f20eb381ba37,0,[]
2539,failed,"['05Dec@2', '02Dec@1']","['DecentralizingAgent', 'DecentralizingAgent']",154,153,AgentMechanismInterface,False,False,True,2,0.04171284660696983,0.15,True,False,,,2,False,,,fabefb7e-7093-4507-922a-02759698d69b,0,[]
2540,failed,"['02Dec@1', '05Dec@2']","['DecentralizingAgent', 'DecentralizingAgent']",154,153,AgentMechanismInterface,False,False,True,2,0.037948502227663994,0.15,True,False,,,2,False,,,9b309bfc-ffbb-415f-944d-4148e02054d2,0,[]
2541,failed,"['02Dec@1', '04Ran@2']","['DecentralizingAgent', 'RandomAgent']",154,153,AgentMechanismInterface,False,False,True,2,0.044129650108516216,0.15,False,False,"(2, 154, 22)",,2,False,,"(2, 154, 22)",ddaf1a79-1d11-4edf-b6f7-d1b2bae221f3,0,"[('ddaf1a79-1d11-4edf-b6f7-d1b2bae221f3', (2, 154, 22))]"
2542,failed,"['02Dec@1', '00Ind@0']","['DecentralizingAgent', 'IndDecentralizingAgent']",154,153,AgentMechanismInterface,False,False,True,2,0.08230619970709085,0.15,True,False,,,2,False,,,cb58c0f0-540a-4344-b1d8-75770c60e669,0,[]
2543,failed,"['02Dec@1', '04Ran@2']","['DecentralizingAgent', 'RandomAgent']",154,153,AgentMechanismInterface,False,False,True,2,0.11142506264150143,0.15,True,False,,,2,False,,"(3, 156, 27)",c6ce017b-8fc3-466a-b41b-4f76b99c7ae1,0,[]
2544,failed,"['00Ind@0', '02Dec@1']","['IndDecentralizingAgent', 'DecentralizingAgent']",154,153,AgentMechanismInterface,False,False,True,2,0.07854779809713364,0.15,True,False,,,2,False,,,21cf146d-5fb1-42f9-aade-d945cbcc8afd,0,[]
2545,failed,"['02Dec@1', '04Ran@2']","['DecentralizingAgent', 'RandomAgent']",154,153,AgentMechanismInterface,False,False,True,2,0.0599987143650651,0.15,True,False,,,2,False,,"(1, 160, 34)",44354396-5ebf-45d0-8fd6-00fd198b1417,0,[]
2546,failed,"['02Dec@1', '04Ran@2']","['DecentralizingAgent', 'RandomAgent']",154,153,AgentMechanismInterface,False,False,True,12,0.10720513761043549,0.65,False,False,"(1, 159, 40)",,2,False,,"(1, 159, 40)",fcf19754-808d-4903-a7f7-a390d1bbef5d,0,"[('fcf19754-808d-4903-a7f7-a390d1bbef5d', (1, 159, 40))]"
2547,failed,"['02Dec@1', '01Ran@0']","['DecentralizingAgent', 'RandomAgent']",154,153,AgentMechanismInterface,False,False,True,14,0.1182418605312705,0.75,False,False,"(1, 157, 3)",,2,False,,"(1, 157, 3)",b19b31da-6785-4d3e-a5e9-cfb8e3c75383,0,[]
2548,failed,"['04Ran@2', '02Dec@1']","['RandomAgent', 'DecentralizingAgent']",154,153,AgentMechanismInterface,False,False,True,14,0.16683055646717548,0.75,False,False,"(11, 157, 16)",,2,False,,"(11, 157, 16)",613abf5d-f6a4-4c4e-ac89-95e2be2a2758,0,"[('613abf5d-f6a4-4c4e-ac89-95e2be2a2758', (11, 157, 16))]"
2549,failed,"['02Dec@1', '00Ind@0']","['DecentralizingAgent', 'IndDecentralizingAgent']",154,153,AgentMechanismInterface,False,False,True,17,0.13922450225800276,0.9,False,False,"(5, 155, 9)",,2,False,,"(5, 155, 9)",9d311ca7-d4f4-4739-a57c-454523637a82,0,"[('9d311ca7-d4f4-4739-a57c-454523637a82', (5, 155, 9))]"
2550,failed,"['02Dec@1', '05Dec@2']","['DecentralizingAgent', 'DecentralizingAgent']",155,154,AgentMechanismInterface,False,False,True,2,0.035849735140800476,0.15,True,False,,,2,False,,,645ae1d2-ff96-49ad-8e21-8991c7a7150a,0,[]
2551,failed,"['02Dec@1', '05Dec@2']","['DecentralizingAgent', 'DecentralizingAgent']",155,154,AgentMechanismInterface,False,False,True,2,0.022074994631111622,0.15,True,False,,,2,False,,,e5788e41-08e8-412a-b4fc-f439dcfeb4d3,0,[]
2552,failed,"['02Dec@1', '05Dec@2']","['DecentralizingAgent', 'DecentralizingAgent']",155,154,AgentMechanismInterface,False,False,True,2,0.01734826248139143,0.15,True,False,,,2,False,,,29b7bf09-cafe-4b93-97da-8b85ff8c505b,0,[]
2553,failed,"['02Dec@1', '05Dec@2']","['DecentralizingAgent', 'DecentralizingAgent']",155,154,AgentMechanismInterface,False,False,True,2,0.03758623544126749,0.15,True,False,,,2,False,,,28bb2226-5cbd-4b9c-a697-dd0264abede4,0,[]
2554,failed,"['02Dec@1', '00Ind@0']","['DecentralizingAgent', 'IndDecentralizingAgent']",155,154,AgentMechanismInterface,False,False,True,2,0.04835529625415802,0.15,True,False,,,2,False,,"(6, 159, 16)",4052c277-1aec-4c69-88ab-d99be22d91cb,0,[]
2555,failed,"['03MyA@1', '00Ind@0']","['MyAgent', 'IndDecentralizingAgent']",155,154,AgentMechanismInterface,False,False,True,2,0.031448342837393284,0.15,True,False,,,2,False,,,831f09f4-832a-43d0-a69e-a047d5b49627,0,[]
2556,failed,"['02Dec@1', '04Ran@2']","['DecentralizingAgent', 'RandomAgent']",155,154,AgentMechanismInterface,False,False,True,2,0.03410500008612871,0.15,True,False,,,2,False,,"(1, 159, 42)",7b381b00-2acc-4800-9c60-39bae44f7e66,0,[]
2557,failed,"['00Ind@0', '03MyA@1']","['IndDecentralizingAgent', 'MyAgent']",155,154,AgentMechanismInterface,False,False,True,2,0.035860962234437466,0.15,True,False,,,2,False,,,a0ac2d94-d610-4b7f-a4e0-fb0e70459d19,0,[]
2558,failed,"['02Dec@1', '01Ran@0']","['DecentralizingAgent', 'RandomAgent']",155,154,AgentMechanismInterface,False,False,True,11,0.06912051979452372,0.6,False,False,"(1, 158, 1)",,2,False,,"(1, 158, 1)",99b27a5b-47b5-4f03-9932-697ff88f36e1,0,[]
2559,failed,"['02Dec@1', '04Ran@2']","['DecentralizingAgent', 'RandomAgent']",155,154,AgentMechanismInterface,False,False,True,15,0.07901528384536505,0.8,False,False,"(1, 160, 36)",,2,False,,"(1, 160, 36)",1aa30aa1-2910-4167-b042-ccd2ea77f5a6,0,"[('1aa30aa1-2910-4167-b042-ccd2ea77f5a6', (1, 160, 36))]"
2560,failed,"['02Dec@1', '00Ind@0']","['DecentralizingAgent', 'IndDecentralizingAgent']",155,154,AgentMechanismInterface,False,False,True,17,0.07392936293035746,0.9,False,False,"(5, 157, 8)",,2,False,,"(5, 157, 8)",4ac50a19-c472-483d-b6de-9356ec84c4e2,0,"[('4ac50a19-c472-483d-b6de-9356ec84c4e2', (5, 157, 8))]"
2561,failed,"['02Dec@1', '05Dec@2']","['DecentralizingAgent', 'DecentralizingAgent']",156,155,AgentMechanismInterface,False,False,True,2,0.009026918560266495,0.15,True,False,,,2,False,,,7af575a6-4fde-48b0-b5e4-35c66c85f9ce,0,[]
2562,failed,"['02Dec@1', '05Dec@2']","['DecentralizingAgent', 'DecentralizingAgent']",156,155,AgentMechanismInterface,False,False,True,2,0.015531460754573345,0.15,True,False,,,2,False,,,bba35215-9db8-4b83-b143-1aef83b16d61,0,[]
2563,failed,"['03MyA@1', '00Ind@0']","['MyAgent', 'IndDecentralizingAgent']",156,155,AgentMechanismInterface,False,False,True,2,0.016774632968008518,0.15,True,False,,,2,False,,"(1, 159, 16)",6b6a889b-a8cd-4aa2-8b98-ba8f0ee4f5e0,0,[]
2564,failed,"['02Dec@1', '05Dec@2']","['DecentralizingAgent', 'DecentralizingAgent']",156,155,AgentMechanismInterface,False,False,True,2,0.02465804386883974,0.15,True,False,,,2,False,,"(5, 158, 21)",1b20224a-d31c-4255-87d4-d8547d875163,0,[]
2565,failed,"['02Dec@1', '04Ran@2']","['DecentralizingAgent', 'RandomAgent']",156,155,AgentMechanismInterface,False,False,True,2,0.02732693124562502,0.15,True,False,,,2,False,,,e6f6a637-8e08-4ef6-86a4-ca006cdcbf96,0,[]
2566,failed,"['03MyA@1', '00Ind@0']","['MyAgent', 'IndDecentralizingAgent']",157,156,AgentMechanismInterface,False,False,True,2,0.0034880395978689194,0.15,True,False,,,2,False,,"(1, 159, 16)",636d1817-1f10-4afa-a8c1-fd5b77ac5473,0,[]
2567,failed,"['02Dec@1', '05Dec@2']","['DecentralizingAgent', 'DecentralizingAgent']",157,156,AgentMechanismInterface,False,False,True,2,0.002304811030626297,0.15,True,False,,,2,False,,,4eb361cd-d8c1-4f26-9b16-093871eb3268,0,[]
2568,failed,"['02Dec@1', '05Dec@2']","['DecentralizingAgent', 'DecentralizingAgent']",157,156,AgentMechanismInterface,False,False,True,2,0.004301503300666809,0.15,True,False,,,2,False,,,5a119e62-0e55-449b-9011-3fb380bb601c,0,[]
2569,failed,"['02Dec@1', '05Dec@2']","['DecentralizingAgent', 'DecentralizingAgent']",157,156,AgentMechanismInterface,False,False,True,2,0.0048574889078736305,0.15,True,False,,,2,False,,"(5, 158, 21)",662adfa9-81ac-4cfe-ab05-9f47d21dbd9c,0,[]
2570,failed,"['02Dec@1', '05Dec@2']","['DecentralizingAgent', 'DecentralizingAgent']",157,156,AgentMechanismInterface,False,False,True,2,0.01515812985599041,0.15,True,False,,,2,False,,,00bf35da-3599-40af-8412-afc54b751497,0,[]
2571,failed,"['02Dec@1', '05Dec@2']","['DecentralizingAgent', 'DecentralizingAgent']",158,157,AgentMechanismInterface,False,False,True,2,0.009168625809252262,0.15,True,False,,,2,False,,,fcdc58a6-7da3-4409-844a-9eca3d0ddec5,0,[]
2572,failed,"['02Dec@1', '04Ran@2']","['DecentralizingAgent', 'RandomAgent']",159,158,AgentMechanismInterface,False,False,True,2,0.009240282699465752,0.15,True,False,,,2,False,,,97ba70e7-181b-4680-b9bd-ef45c84616bf,0,[]
2573,failed,"['02Dec@1', '04Ran@2']","['DecentralizingAgent', 'RandomAgent']",160,159,AgentMechanismInterface,False,False,True,2,0.0019001057371497154,0.15,True,False,,,2,False,,"(4, 160, 29)",58d0d01b-3ccb-49ab-a7a3-0b66759b76f0,0,[]
