index,id,seller_name,buyer_name,seller_type,buyer_type,delivery_time,quantity,unit_price,signed_at,nullified_at,concluded_at,signatures,issues,seller,buyer,product_name,caller,is_buy,product,n_neg_steps,executed_at,breaches,erred_at,dropped_at
0,fa6b1fa1-c7cf-4ec4-9d93-ab999d07a57c,SELLER,01Ran@0,_SystemAgent,RandomAgent,18,1,10,0,-1,-1,01Ran@0|SELLER,[],SELLER,01Ran@0,p0,SELLER,False,0,0,18,,-1,-1
1,5b4e7f0d-33a1-4978-8be5-6f04b2e5a7ab,SELLER,01Ran@0,_SystemAgent,RandomAgent,6,1,10,0,-1,-1,01Ran@0|SELLER,[],SELLER,01Ran@0,p0,SELLER,True,0,0,6,,-1,-1
2,5341ce5b-3605-46f4-be0e-158e3dcfe3e4,SELLER,00Buy@0,_SystemAgent,BuyCheapSellExpensiveAgent,24,1,10,0,-1,-1,00Buy@0|SELLER,[],SELLER,00Buy@0,p0,SELLER,True,0,0,24,,-1,-1
3,647b9d2e-031e-4948-b999-a7583eef7c47,SELLER,01Ran@0,_SystemAgent,RandomAgent,21,1,10,0,-1,-1,01Ran@0|SELLER,[],SELLER,01Ran@0,p0,SELLER,True,0,0,21,,-1,-1
4,0a45982e-4ef8-470d-bb8f-fba16d4f669b,05Ind@2,BUYER,IndDecentralizingAgent,_SystemAgent,16,4,41,0,-1,-1,BUYER|05Ind@2,[],05Ind@2,BUYER,p3,BUYER,False,3,0,16,,-1,-1
5,8b7b0baa-b74b-4e5c-a0ba-869968926d72,SELLER,00Buy@0,_SystemAgent,BuyCheapSellExpensiveAgent,15,3,10,0,-1,-1,00Buy@0|SELLER,[],SELLER,00Buy@0,p0,SELLER,True,0,0,15,,-1,-1
6,c39ff743-dc60-47cf-b2a1-3742b4fbf89e,05Ind@2,BUYER,IndDecentralizingAgent,_SystemAgent,9,4,41,0,-1,-1,BUYER|05Ind@2,[],05Ind@2,BUYER,p3,BUYER,False,3,0,9,,-1,-1
7,0b9827c2-fe4a-44b4-8050-6cdc35085693,SELLER,00Buy@0,_SystemAgent,BuyCheapSellExpensiveAgent,5,3,10,0,-1,-1,00Buy@0|SELLER,[],SELLER,00Buy@0,p0,SELLER,False,0,0,5,,-1,-1
8,9d6b87af-a52d-415f-b894-50cd85b2e974,SELLER,00Buy@0,_SystemAgent,BuyCheapSellExpensiveAgent,8,1,10,0,-1,-1,00Buy@0|SELLER,[],SELLER,00Buy@0,p0,SELLER,True,0,0,8,,-1,-1
9,f9388594-afe5-4853-9927-3592a791cdb9,SELLER,00Buy@0,_SystemAgent,BuyCheapSellExpensiveAgent,26,2,10,0,-1,-1,00Buy@0|SELLER,[],SELLER,00Buy@0,p0,SELLER,True,0,0,26,,-1,-1
10,948a0af2-9e61-43eb-a743-c8d14206135b,SELLER,00Buy@0,_SystemAgent,BuyCheapSellExpensiveAgent,3,1,10,0,-1,-1,00Buy@0|SELLER,[],SELLER,00Buy@0,p0,SELLER,True,0,0,3,,-1,-1
11,f17331aa-6a94-4f94-b529-f1cd291129e8,SELLER,01Ran@0,_SystemAgent,RandomAgent,13,2,10,0,-1,-1,01Ran@0|SELLER,[],SELLER,01Ran@0,p0,SELLER,False,0,0,13,,-1,-1
12,d256ed26-4374-4274-9f90-4d8a29f8a90a,SELLER,00Buy@0,_SystemAgent,BuyCheapSellExpensiveAgent,25,1,10,0,-1,-1,00Buy@0|SELLER,[],SELLER,00Buy@0,p0,SELLER,True,0,0,25,,-1,-1
13,ae22152f-96da-4fc7-a120-0a071996bc59,SELLER,00Buy@0,_SystemAgent,BuyCheapSellExpensiveAgent,5,2,10,0,-1,-1,00Buy@0|SELLER,[],SELLER,00Buy@0,p0,SELLER,True,0,0,5,,-1,-1
14,7661b22c-36a0-4627-9ab1-f79c5cf95c08,05Ind@2,BUYER,IndDecentralizingAgent,_SystemAgent,10,2,41,0,-1,-1,BUYER|05Ind@2,[],05Ind@2,BUYER,p3,BUYER,False,3,0,10,,-1,-1
15,b029e594-9798-4c99-9ee7-b69a7a02ac14,SELLER,01Ran@0,_SystemAgent,RandomAgent,2,1,10,0,-1,-1,01Ran@0|SELLER,[],SELLER,01Ran@0,p0,SELLER,True,0,0,2,,-1,-1
16,83f00a1e-bda0-40f1-8bc0-42de311e4215,SELLER,00Buy@0,_SystemAgent,BuyCheapSellExpensiveAgent,24,3,10,0,-1,-1,00Buy@0|SELLER,[],SELLER,00Buy@0,p0,SELLER,True,0,0,24,,-1,-1
17,bead1995-0ec9-493d-9228-09a86ba87dcd,SELLER,01Ran@0,_SystemAgent,RandomAgent,17,2,10,0,-1,-1,01Ran@0|SELLER,[],SELLER,01Ran@0,p0,SELLER,True,0,0,17,,-1,-1
18,0ae3ef46-8155-44c7-95a5-a326b528c44d,05Ind@2,BUYER,IndDecentralizingAgent,_SystemAgent,8,1,41,0,-1,-1,BUYER|05Ind@2,[],05Ind@2,BUYER,p3,BUYER,True,3,0,8,,-1,-1
19,6db4181e-9fad-41d5-9599-7a6b4ac005d8,SELLER,01Ran@0,_SystemAgent,RandomAgent,3,2,10,0,-1,-1,01Ran@0|SELLER,[],SELLER,01Ran@0,p0,SELLER,False,0,0,3,,-1,-1
20,a3cdf240-09e6-41e8-b8be-db1fff0e512d,SELLER,00Buy@0,_SystemAgent,BuyCheapSellExpensiveAgent,24,3,10,0,-1,-1,00Buy@0|SELLER,[],SELLER,00Buy@0,p0,SELLER,False,0,0,24,,-1,-1
21,7a163dbd-b9cd-4247-8195-37b56230d4ef,SELLER,00Buy@0,_SystemAgent,BuyCheapSellExpensiveAgent,0,3,10,0,-1,-1,00Buy@0|SELLER,[],SELLER,00Buy@0,p0,SELLER,True,0,0,0,,-1,-1
22,1e15169b-ddd1-4fcc-b3c5-a7a7827d68ac,SELLER,01Ran@0,_SystemAgent,RandomAgent,25,1,10,0,-1,-1,01Ran@0|SELLER,[],SELLER,01Ran@0,p0,SELLER,False,0,0,25,,-1,-1
23,40ec44b8-c7ce-4107-a8ce-5d505f4675d9,05Ind@2,BUYER,IndDecentralizingAgent,_SystemAgent,24,2,41,0,-1,-1,BUYER|05Ind@2,[],05Ind@2,BUYER,p3,BUYER,True,3,0,24,,-1,-1
24,bd8d4ed3-f666-4ba1-834e-8989d55d9c2a,05Ind@2,BUYER,IndDecentralizingAgent,_SystemAgent,22,1,41,0,-1,-1,BUYER|05Ind@2,[],05Ind@2,BUYER,p3,BUYER,True,3,0,22,,-1,-1
25,9d1ddf10-d8fe-4dff-b16c-86ea55b6b5cc,SELLER,01Ran@0,_SystemAgent,RandomAgent,27,1,10,0,-1,-1,01Ran@0|SELLER,[],SELLER,01Ran@0,p0,SELLER,True,0,0,27,,-1,-1
26,aaed56af-0450-4f5f-94b6-f7895ada2354,SELLER,00Buy@0,_SystemAgent,BuyCheapSellExpensiveAgent,16,2,10,0,-1,-1,00Buy@0|SELLER,[],SELLER,00Buy@0,p0,SELLER,True,0,0,16,,-1,-1
27,69111b4b-6311-4a5c-8c35-cfb5eae86ae0,05Ind@2,BUYER,IndDecentralizingAgent,_SystemAgent,5,1,41,0,-1,-1,BUYER|05Ind@2,[],05Ind@2,BUYER,p3,BUYER,True,3,0,5,,-1,-1
28,f43edd39-d745-4773-8c03-60047df60e66,SELLER,01Ran@0,_SystemAgent,RandomAgent,0,2,10,0,-1,-1,01Ran@0|SELLER,[],SELLER,01Ran@0,p0,SELLER,True,0,0,0,,-1,-1
29,717611a7-5b9f-425e-9152-9c02bd37a608,SELLER,01Ran@0,_SystemAgent,RandomAgent,6,1,10,0,-1,-1,01Ran@0|SELLER,[],SELLER,01Ran@0,p0,SELLER,False,0,0,6,,-1,-1
30,dbf575d8-b13f-4a65-b9a6-c7c9c75ad197,SELLER,00Buy@0,_SystemAgent,BuyCheapSellExpensiveAgent,11,1,10,0,-1,-1,00Buy@0|SELLER,[],SELLER,00Buy@0,p0,SELLER,False,0,0,11,,-1,-1
31,9c8f66b4-4be1-41a5-8c39-2767e73ec025,05Ind@2,BUYER,IndDecentralizingAgent,_SystemAgent,11,1,41,0,-1,-1,BUYER|05Ind@2,[],05Ind@2,BUYER,p3,BUYER,False,3,0,11,,-1,-1
32,5fd12ee4-75ac-4409-b818-8b5e89276f6f,SELLER,00Buy@0,_SystemAgent,BuyCheapSellExpensiveAgent,12,1,10,0,-1,-1,00Buy@0|SELLER,[],SELLER,00Buy@0,p0,SELLER,True,0,0,12,,-1,-1
33,94a15612-d362-41dd-aeee-1ecdb143b354,SELLER,00Buy@0,_SystemAgent,BuyCheapSellExpensiveAgent,9,1,10,0,-1,-1,00Buy@0|SELLER,[],SELLER,00Buy@0,p0,SELLER,False,0,0,9,,-1,-1
34,a23d4179-5a10-4b76-ac8e-cf1eb5b3cbcf,SELLER,01Ran@0,_SystemAgent,RandomAgent,5,2,10,0,-1,-1,01Ran@0|SELLER,[],SELLER,01Ran@0,p0,SELLER,False,0,0,5,,-1,-1
35,db843a03-c421-4fd0-a8c3-402836c505d2,SELLER,01Ran@0,_SystemAgent,RandomAgent,14,1,10,0,-1,-1,01Ran@0|SELLER,[],SELLER,01Ran@0,p0,SELLER,False,0,0,14,,-1,-1
36,aad1bd42-26e7-4830-ae3f-673ff3fb4684,SELLER,00Buy@0,_SystemAgent,BuyCheapSellExpensiveAgent,14,2,10,0,-1,-1,00Buy@0|SELLER,[],SELLER,00Buy@0,p0,SELLER,True,0,0,14,,-1,-1
37,0b78dcb2-c7f1-4e4c-b3c6-00117d364e51,05Ind@2,BUYER,IndDecentralizingAgent,_SystemAgent,9,1,41,0,-1,-1,BUYER|05Ind@2,[],05Ind@2,BUYER,p3,BUYER,False,3,0,9,,-1,-1
38,db6050cc-b30c-4a1c-afd1-97ccea3e9e5d,SELLER,01Ran@0,_SystemAgent,RandomAgent,7,1,10,0,-1,-1,01Ran@0|SELLER,[],SELLER,01Ran@0,p0,SELLER,False,0,0,7,,-1,-1
39,2289c872-e346-45b0-9450-20dd34e73f16,05Ind@2,BUYER,IndDecentralizingAgent,_SystemAgent,26,1,41,0,-1,-1,BUYER|05Ind@2,[],05Ind@2,BUYER,p3,BUYER,False,3,0,26,,-1,-1
40,0ac456a4-42d2-4785-ae00-9f68eb264e3e,SELLER,00Buy@0,_SystemAgent,BuyCheapSellExpensiveAgent,12,1,10,0,-1,-1,00Buy@0|SELLER,[],SELLER,00Buy@0,p0,SELLER,True,0,0,12,,-1,-1
41,150805fe-d107-48dd-b9d4-46a8df7cda78,05Ind@2,BUYER,IndDecentralizingAgent,_SystemAgent,18,2,41,0,-1,-1,BUYER|05Ind@2,[],05Ind@2,BUYER,p3,BUYER,False,3,0,18,,-1,-1
42,747e27c9-8f27-4aa5-8cdb-9105fa742087,05Ind@2,BUYER,IndDecentralizingAgent,_SystemAgent,21,3,41,0,-1,-1,BUYER|05Ind@2,[],05Ind@2,BUYER,p3,BUYER,False,3,0,21,,-1,-1
43,ed630378-790f-497b-aeaa-f0bf88e43d6a,SELLER,00Buy@0,_SystemAgent,BuyCheapSellExpensiveAgent,2,2,10,0,-1,-1,00Buy@0|SELLER,[],SELLER,00Buy@0,p0,SELLER,False,0,0,2,,-1,-1
44,9ad3c21b-5442-4548-933a-951b7ee69281,SELLER,01Ran@0,_SystemAgent,RandomAgent,21,3,10,0,-1,-1,01Ran@0|SELLER,[],SELLER,01Ran@0,p0,SELLER,False,0,0,21,,-1,-1
45,f4fa8ab3-3311-4a15-b817-9143e4bf55bf,SELLER,00Buy@0,_SystemAgent,BuyCheapSellExpensiveAgent,7,2,10,0,-1,-1,00Buy@0|SELLER,[],SELLER,00Buy@0,p0,SELLER,False,0,0,7,,-1,-1
46,67731f24-9361-40c9-af00-faac3b34ae7b,SELLER,00Buy@0,_SystemAgent,BuyCheapSellExpensiveAgent,22,2,10,0,-1,-1,00Buy@0|SELLER,[],SELLER,00Buy@0,p0,SELLER,True,0,0,22,,-1,-1
47,dd5872f5-d0ff-4ec4-b38d-49a4bc8b2584,05Ind@2,BUYER,IndDecentralizingAgent,_SystemAgent,27,1,41,0,-1,-1,BUYER|05Ind@2,[],05Ind@2,BUYER,p3,BUYER,True,3,0,27,,-1,-1
48,3ce092bd-7518-4305-9102-99c8517dccad,SELLER,01Ran@0,_SystemAgent,RandomAgent,27,2,10,0,-1,-1,01Ran@0|SELLER,[],SELLER,01Ran@0,p0,SELLER,True,0,0,27,,-1,-1
49,4671a0c2-0a0e-4d27-a294-998a4607b790,SELLER,01Ran@0,_SystemAgent,RandomAgent,9,3,10,0,-1,-1,01Ran@0|SELLER,[],SELLER,01Ran@0,p0,SELLER,False,0,0,9,,-1,-1
50,4f0af1f8-1809-4272-8ce5-27e916eb0838,05Ind@2,BUYER,IndDecentralizingAgent,_SystemAgent,14,1,41,0,-1,-1,BUYER|05Ind@2,[],05Ind@2,BUYER,p3,BUYER,True,3,0,14,,-1,-1
51,17cbfafc-21de-407c-bd26-ec6362c4cf8c,SELLER,00Buy@0,_SystemAgent,BuyCheapSellExpensiveAgent,7,1,10,0,-1,-1,00Buy@0|SELLER,[],SELLER,00Buy@0,p0,SELLER,False,0,0,7,,-1,-1
52,fbf6f9cb-50a4-4924-8365-30600bf97ac7,05Ind@2,BUYER,IndDecentralizingAgent,_SystemAgent,19,1,41,0,-1,-1,BUYER|05Ind@2,[],05Ind@2,BUYER,p3,BUYER,True,3,0,19,,-1,-1
53,4bdc3c5e-60c3-42f9-b1f6-f62c6431542d,SELLER,01Ran@0,_SystemAgent,RandomAgent,16,2,10,0,-1,-1,01Ran@0|SELLER,[],SELLER,01Ran@0,p0,SELLER,True,0,0,16,,-1,-1
54,b46025bb-9e7f-4c84-8cb1-5d302d6c408e,SELLER,00Buy@0,_SystemAgent,BuyCheapSellExpensiveAgent,17,2,10,0,-1,-1,00Buy@0|SELLER,[],SELLER,00Buy@0,p0,SELLER,True,0,0,17,,-1,-1
55,7661367b-eebb-43c6-9cd8-660bacb051df,05Ind@2,BUYER,IndDecentralizingAgent,_SystemAgent,22,1,41,0,-1,-1,BUYER|05Ind@2,[],05Ind@2,BUYER,p3,BUYER,True,3,0,22,,-1,-1
56,177dacc1-c0b2-4c7d-869a-1ad000f50a56,05Ind@2,BUYER,IndDecentralizingAgent,_SystemAgent,6,1,41,0,-1,-1,BUYER|05Ind@2,[],05Ind@2,BUYER,p3,BUYER,False,3,0,6,,-1,-1
57,69f1ca38-7694-43be-a380-519959931936,05Ind@2,BUYER,IndDecentralizingAgent,_SystemAgent,5,1,41,0,-1,-1,BUYER|05Ind@2,[],05Ind@2,BUYER,p3,BUYER,True,3,0,5,,-1,-1
58,5365afd0-3306-4aa2-bb33-a4dcae5b4768,SELLER,01Ran@0,_SystemAgent,RandomAgent,0,1,10,0,-1,-1,01Ran@0|SELLER,[],SELLER,01Ran@0,p0,SELLER,True,0,0,0,,-1,-1
59,0c569db1-c831-4b76-b1aa-3c958b4996e9,05Ind@2,BUYER,IndDecentralizingAgent,_SystemAgent,18,1,41,0,-1,-1,BUYER|05Ind@2,[],05Ind@2,BUYER,p3,BUYER,True,3,0,18,,-1,-1
60,c75b0dba-deb9-4bbc-90dc-9beb1ec60cf8,05Ind@2,BUYER,IndDecentralizingAgent,_SystemAgent,27,1,41,0,-1,-1,BUYER|05Ind@2,[],05Ind@2,BUYER,p3,BUYER,True,3,0,27,,-1,-1
61,8090c62e-18d9-4c33-942e-b2f19f3945c3,05Ind@2,BUYER,IndDecentralizingAgent,_SystemAgent,7,1,41,0,-1,-1,BUYER|05Ind@2,[],05Ind@2,BUYER,p3,BUYER,True,3,0,7,,-1,-1
62,890c502d-6ee3-4c5f-857f-f6b42c6d0e3b,SELLER,00Buy@0,_SystemAgent,BuyCheapSellExpensiveAgent,16,3,10,0,-1,-1,00Buy@0|SELLER,[],SELLER,00Buy@0,p0,SELLER,False,0,0,16,,-1,-1
63,89943e00-741b-4626-8896-dd337a96437f,05Ind@2,BUYER,IndDecentralizingAgent,_SystemAgent,21,2,41,0,-1,-1,BUYER|05Ind@2,[],05Ind@2,BUYER,p3,BUYER,False,3,0,21,,-1,-1
64,ae571815-ddce-48c5-983c-a04607414630,SELLER,01Ran@0,_SystemAgent,RandomAgent,12,2,10,0,-1,-1,01Ran@0|SELLER,[],SELLER,01Ran@0,p0,SELLER,False,0,0,12,,-1,-1
65,85e0bc38-abd5-46af-b013-393916f25226,05Ind@2,BUYER,IndDecentralizingAgent,_SystemAgent,16,1,41,0,-1,-1,BUYER|05Ind@2,[],05Ind@2,BUYER,p3,BUYER,False,3,0,16,,-1,-1
66,382c3574-3d12-4d11-a5e1-d9ca6e012efa,SELLER,01Ran@0,_SystemAgent,RandomAgent,1,1,10,0,-1,-1,01Ran@0|SELLER,[],SELLER,01Ran@0,p0,SELLER,False,0,0,1,,-1,-1
67,64ed4b1e-bec6-4363-b5c5-ccf4f372a1ec,SELLER,00Buy@0,_SystemAgent,BuyCheapSellExpensiveAgent,23,2,10,0,-1,-1,00Buy@0|SELLER,[],SELLER,00Buy@0,p0,SELLER,False,0,0,23,,-1,-1
68,98b3ae12-1f0b-41a3-95e8-dfdce16958dd,SELLER,01Ran@0,_SystemAgent,RandomAgent,18,1,10,0,-1,-1,01Ran@0|SELLER,[],SELLER,01Ran@0,p0,SELLER,True,0,0,18,,-1,-1
69,7f519d45-ce81-4a8d-b704-7883904e5c9f,05Ind@2,BUYER,IndDecentralizingAgent,_SystemAgent,4,2,41,0,-1,-1,BUYER|05Ind@2,[],05Ind@2,BUYER,p3,BUYER,False,3,0,-1,05Ind@2:product(1.0),-1,-1
70,cafebf40-15ec-43dd-9391-a9e283dc8298,SELLER,00Buy@0,_SystemAgent,BuyCheapSellExpensiveAgent,15,1,10,0,-1,-1,00Buy@0|SELLER,[],SELLER,00Buy@0,p0,SELLER,False,0,0,15,,-1,-1
71,019cf2dd-3e96-4f9d-9ea8-11f5105a02be,05Ind@2,BUYER,IndDecentralizingAgent,_SystemAgent,25,2,41,0,-1,-1,BUYER|05Ind@2,[],05Ind@2,BUYER,p3,BUYER,False,3,0,25,,-1,-1
72,fee98f66-c6b7-4523-93ce-cf568004af8c,05Ind@2,BUYER,IndDecentralizingAgent,_SystemAgent,27,1,41,0,-1,-1,BUYER|05Ind@2,[],05Ind@2,BUYER,p3,BUYER,True,3,0,27,,-1,-1
73,369fbf7b-b585-4d66-ae38-eb2c727df504,05Ind@2,BUYER,IndDecentralizingAgent,_SystemAgent,25,1,41,0,-1,-1,BUYER|05Ind@2,[],05Ind@2,BUYER,p3,BUYER,True,3,0,25,,-1,-1
74,8610c8a2-65fa-4096-bd36-a92a18c9bbff,05Ind@2,BUYER,IndDecentralizingAgent,_SystemAgent,10,1,41,0,-1,-1,BUYER|05Ind@2,[],05Ind@2,BUYER,p3,BUYER,True,3,0,10,,-1,-1
75,af5967c0-3e20-414f-ac00-eac0d39d0d79,SELLER,01Ran@0,_SystemAgent,RandomAgent,3,3,10,0,-1,-1,01Ran@0|SELLER,[],SELLER,01Ran@0,p0,SELLER,False,0,0,3,,-1,-1
76,f692a3fe-fa09-44f1-8ed0-731e549ec1a0,SELLER,01Ran@0,_SystemAgent,RandomAgent,17,2,10,0,-1,-1,01Ran@0|SELLER,[],SELLER,01Ran@0,p0,SELLER,False,0,0,17,,-1,-1
77,e7de4423-7b53-4524-9f00-4ac94344ec7c,SELLER,00Buy@0,_SystemAgent,BuyCheapSellExpensiveAgent,15,3,10,0,-1,-1,00Buy@0|SELLER,[],SELLER,00Buy@0,p0,SELLER,False,0,0,15,,-1,-1
78,c16a21e0-69cc-4bff-983b-981d2841f5c4,SELLER,00Buy@0,_SystemAgent,BuyCheapSellExpensiveAgent,14,2,10,0,-1,-1,00Buy@0|SELLER,[],SELLER,00Buy@0,p0,SELLER,True,0,0,14,,-1,-1
79,86fa243e-9442-4164-a567-c14901002f24,SELLER,00Buy@0,_SystemAgent,BuyCheapSellExpensiveAgent,25,4,10,0,-1,-1,00Buy@0|SELLER,[],SELLER,00Buy@0,p0,SELLER,True,0,0,25,,-1,-1
80,d2d879c0-6445-4576-a76a-8955e1aeda6f,05Ind@2,BUYER,IndDecentralizingAgent,_SystemAgent,7,3,41,0,-1,-1,BUYER|05Ind@2,[],05Ind@2,BUYER,p3,BUYER,True,3,0,7,,-1,-1
81,19963f77-2092-46e1-a4b8-28dc982a65b7,05Ind@2,BUYER,IndDecentralizingAgent,_SystemAgent,19,2,41,0,-1,-1,BUYER|05Ind@2,[],05Ind@2,BUYER,p3,BUYER,True,3,0,19,,-1,-1
82,ff5f420e-fc17-4f65-808c-34cd606869e7,SELLER,00Buy@0,_SystemAgent,BuyCheapSellExpensiveAgent,13,1,10,0,-1,-1,00Buy@0|SELLER,[],SELLER,00Buy@0,p0,SELLER,False,0,0,13,,-1,-1
83,2403beb1-9ee0-480c-ad2d-477fbe3f3550,SELLER,01Ran@0,_SystemAgent,RandomAgent,20,3,10,0,-1,-1,01Ran@0|SELLER,[],SELLER,01Ran@0,p0,SELLER,True,0,0,20,,-1,-1
84,c65b7444-cc04-4c39-8b40-259f1b0762b3,05Ind@2,BUYER,IndDecentralizingAgent,_SystemAgent,20,1,41,0,-1,-1,BUYER|05Ind@2,[],05Ind@2,BUYER,p3,BUYER,False,3,0,20,,-1,-1
85,24eeac58-12ec-4fc3-a215-02d5950849c5,SELLER,00Buy@0,_SystemAgent,BuyCheapSellExpensiveAgent,22,4,10,0,-1,-1,00Buy@0|SELLER,[],SELLER,00Buy@0,p0,SELLER,True,0,0,22,,-1,-1
86,f408cb74-5294-49a0-8439-557368fb67a7,SELLER,00Buy@0,_SystemAgent,BuyCheapSellExpensiveAgent,0,1,10,0,-1,-1,00Buy@0|SELLER,[],SELLER,00Buy@0,p0,SELLER,False,0,0,0,,-1,-1
87,802c320b-e2e9-4031-aa1e-d354bf53bd5a,SELLER,00Buy@0,_SystemAgent,BuyCheapSellExpensiveAgent,11,2,10,0,-1,-1,00Buy@0|SELLER,[],SELLER,00Buy@0,p0,SELLER,True,0,0,11,,-1,-1
88,1e29a6cb-a195-4c96-af6f-47f46eb048f3,05Ind@2,BUYER,IndDecentralizingAgent,_SystemAgent,14,1,41,0,-1,-1,BUYER|05Ind@2,[],05Ind@2,BUYER,p3,BUYER,True,3,0,14,,-1,-1
89,c066e3b9-2f5f-4328-8ef1-274c8508d91b,05Ind@2,BUYER,IndDecentralizingAgent,_SystemAgent,15,1,41,0,-1,-1,BUYER|05Ind@2,[],05Ind@2,BUYER,p3,BUYER,False,3,0,15,,-1,-1
90,755961cd-3881-4ce8-9772-326622b5584f,SELLER,00Buy@0,_SystemAgent,BuyCheapSellExpensiveAgent,23,5,10,0,-1,-1,00Buy@0|SELLER,[],SELLER,00Buy@0,p0,SELLER,False,0,0,23,,-1,-1
91,4a3f1522-34d8-4705-8e2d-d91674483d8a,SELLER,00Buy@0,_SystemAgent,BuyCheapSellExpensiveAgent,16,1,10,0,-1,-1,00Buy@0|SELLER,[],SELLER,00Buy@0,p0,SELLER,True,0,0,16,,-1,-1
92,800bb968-881b-41d4-b534-9571a873e9c9,05Ind@2,BUYER,IndDecentralizingAgent,_SystemAgent,20,2,41,0,-1,-1,BUYER|05Ind@2,[],05Ind@2,BUYER,p3,BUYER,False,3,0,20,,-1,-1
93,a0568f49-47c2-4c9d-bcb5-0fcdde142d66,SELLER,00Buy@0,_SystemAgent,BuyCheapSellExpensiveAgent,21,1,10,0,-1,-1,00Buy@0|SELLER,[],SELLER,00Buy@0,p0,SELLER,True,0,0,21,,-1,-1
94,c0de18c2-da84-464f-ae6e-5bda9b7f1788,SELLER,01Ran@0,_SystemAgent,RandomAgent,20,1,10,0,-1,-1,01Ran@0|SELLER,[],SELLER,01Ran@0,p0,SELLER,False,0,0,20,,-1,-1
95,49394c8d-05ad-4882-be80-47b185ff9724,05Ind@2,BUYER,IndDecentralizingAgent,_SystemAgent,19,1,41,0,-1,-1,BUYER|05Ind@2,[],05Ind@2,BUYER,p3,BUYER,True,3,0,19,,-1,-1
96,3b394ff0-ee08-4a45-8bb0-7fd258239518,05Ind@2,BUYER,IndDecentralizingAgent,_SystemAgent,25,1,41,0,-1,-1,BUYER|05Ind@2,[],05Ind@2,BUYER,p3,BUYER,True,3,0,25,,-1,-1
97,17932bc9-dbea-456a-a3c9-c1cd06e0911c,05Ind@2,BUYER,IndDecentralizingAgent,_SystemAgent,24,2,41,0,-1,-1,BUYER|05Ind@2,[],05Ind@2,BUYER,p3,BUYER,False,3,0,24,,-1,-1
98,95581052-a141-45d8-99e0-763cb5ca07bb,SELLER,01Ran@0,_SystemAgent,RandomAgent,23,1,10,0,-1,-1,01Ran@0|SELLER,[],SELLER,01Ran@0,p0,SELLER,False,0,0,23,,-1,-1
99,40000168-dcd8-4b11-a093-528d42a2c292,SELLER,00Buy@0,_SystemAgent,BuyCheapSellExpensiveAgent,13,1,10,0,-1,-1,00Buy@0|SELLER,[],SELLER,00Buy@0,p0,SELLER,True,0,0,13,,-1,-1
100,e3436ebd-37f9-4501-9667-dcf99af3dca4,05Ind@2,BUYER,IndDecentralizingAgent,_SystemAgent,19,2,41,0,-1,-1,BUYER|05Ind@2,[],05Ind@2,BUYER,p3,BUYER,True,3,0,19,,-1,-1
101,b1e91276-5d20-4903-98c7-e43d515526d3,05Ind@2,BUYER,IndDecentralizingAgent,_SystemAgent,25,1,41,0,-1,-1,BUYER|05Ind@2,[],05Ind@2,BUYER,p3,BUYER,True,3,0,25,,-1,-1
102,17268ab1-28f9-4b40-8fc8-01906729d64d,SELLER,00Buy@0,_SystemAgent,BuyCheapSellExpensiveAgent,21,4,10,0,-1,-1,00Buy@0|SELLER,[],SELLER,00Buy@0,p0,SELLER,False,0,0,21,,-1,-1
103,fc3a2b8d-8aa1-4fba-9147-1da55be2ac13,SELLER,01Ran@0,_SystemAgent,RandomAgent,2,2,10,0,-1,-1,01Ran@0|SELLER,[],SELLER,01Ran@0,p0,SELLER,True,0,0,2,,-1,-1
104,559c82c6-c279-45c4-be10-c829c36fdac0,SELLER,00Buy@0,_SystemAgent,BuyCheapSellExpensiveAgent,1,4,10,0,-1,-1,00Buy@0|SELLER,[],SELLER,00Buy@0,p0,SELLER,True,0,0,1,,-1,-1
105,7ed63033-9b28-42d3-b740-90ee5e11a02a,05Ind@2,BUYER,IndDecentralizingAgent,_SystemAgent,27,3,41,0,-1,-1,BUYER|05Ind@2,[],05Ind@2,BUYER,p3,BUYER,True,3,0,-1,05Ind@2:product(0.3333333333333333),-1,-1
106,71f8e2f9-fdc1-455e-abbd-1b9e23013063,SELLER,00Buy@0,_SystemAgent,BuyCheapSellExpensiveAgent,5,1,10,0,-1,-1,00Buy@0|SELLER,[],SELLER,00Buy@0,p0,SELLER,False,0,0,5,,-1,-1
107,a66f5db1-06de-455f-b7cb-12b9b45d3daa,SELLER,00Buy@0,_SystemAgent,BuyCheapSellExpensiveAgent,24,1,10,0,-1,-1,00Buy@0|SELLER,[],SELLER,00Buy@0,p0,SELLER,True,0,0,24,,-1,-1
108,79351570-6c7d-4491-8596-9fc6e171157f,SELLER,00Buy@0,_SystemAgent,BuyCheapSellExpensiveAgent,22,1,10,0,-1,-1,00Buy@0|SELLER,[],SELLER,00Buy@0,p0,SELLER,False,0,0,22,,-1,-1
109,d9c7063d-0533-41d0-ab98-893936794a8f,05Ind@2,BUYER,IndDecentralizingAgent,_SystemAgent,27,1,41,0,-1,-1,BUYER|05Ind@2,[],05Ind@2,BUYER,p3,BUYER,False,3,0,-1,05Ind@2:product(1.0),-1,-1
110,3e765b59-fa3c-4333-b342-e3ed5e46f067,SELLER,00Buy@0,_SystemAgent,BuyCheapSellExpensiveAgent,13,1,10,0,-1,-1,00Buy@0|SELLER,[],SELLER,00Buy@0,p0,SELLER,True,0,0,13,,-1,-1
111,6d289970-f26a-448f-a0f2-ace51202ea82,SELLER,01Ran@0,_SystemAgent,RandomAgent,22,2,10,0,-1,-1,01Ran@0|SELLER,[],SELLER,01Ran@0,p0,SELLER,False,0,0,22,,-1,-1
112,83a51347-0006-4ef5-a796-12184cf41143,SELLER,00Buy@0,_SystemAgent,BuyCheapSellExpensiveAgent,3,1,10,0,-1,-1,00Buy@0|SELLER,[],SELLER,00Buy@0,p0,SELLER,False,0,0,3,,-1,-1
113,3ca0e6f1-8997-408a-950f-85be833c4fd1,SELLER,00Buy@0,_SystemAgent,BuyCheapSellExpensiveAgent,24,1,10,0,-1,-1,00Buy@0|SELLER,[],SELLER,00Buy@0,p0,SELLER,False,0,0,24,,-1,-1
114,af491bd0-bc56-4318-b237-128caaa5995c,SELLER,01Ran@0,_SystemAgent,RandomAgent,0,4,10,0,-1,-1,01Ran@0|SELLER,[],SELLER,01Ran@0,p0,SELLER,True,0,0,0,,-1,-1
115,f9db453e-a290-4d77-a0e2-241b830d8a54,SELLER,01Ran@0,_SystemAgent,RandomAgent,6,2,10,0,-1,-1,01Ran@0|SELLER,[],SELLER,01Ran@0,p0,SELLER,True,0,0,6,,-1,-1
116,8a007764-7379-4ca1-99e3-01994f527a21,SELLER,00Buy@0,_SystemAgent,BuyCheapSellExpensiveAgent,6,1,10,0,-1,-1,00Buy@0|SELLER,[],SELLER,00Buy@0,p0,SELLER,False,0,0,6,,-1,-1
117,473ea089-3b41-4e24-98eb-411ff2e5c45f,SELLER,01Ran@0,_SystemAgent,RandomAgent,10,2,10,0,-1,-1,01Ran@0|SELLER,[],SELLER,01Ran@0,p0,SELLER,True,0,0,10,,-1,-1
118,9b639b58-9eaa-4da9-88e0-b9d4788ab092,SELLER,01Ran@0,_SystemAgent,RandomAgent,1,2,10,0,-1,-1,01Ran@0|SELLER,[],SELLER,01Ran@0,p0,SELLER,False,0,0,1,,-1,-1
119,3d2e6d4e-5351-4b5b-9fcd-4b2678d898ff,SELLER,01Ran@0,_SystemAgent,RandomAgent,7,1,10,0,-1,-1,01Ran@0|SELLER,[],SELLER,01Ran@0,p0,SELLER,False,0,0,7,,-1,-1
120,f2bb494a-976f-4884-80dd-1b44dbeccc22,05Ind@2,BUYER,IndDecentralizingAgent,_SystemAgent,21,1,41,0,-1,-1,BUYER|05Ind@2,[],05Ind@2,BUYER,p3,BUYER,True,3,0,21,,-1,-1
121,e57a7574-88a8-4d5c-a2d2-0b6fc06f60a8,SELLER,00Buy@0,_SystemAgent,BuyCheapSellExpensiveAgent,16,1,10,0,-1,-1,00Buy@0|SELLER,[],SELLER,00Buy@0,p0,SELLER,False,0,0,16,,-1,-1
122,414fdc42-6c0a-4e0a-ae03-cc2f40d615fe,SELLER,00Buy@0,_SystemAgent,BuyCheapSellExpensiveAgent,16,1,10,0,-1,-1,00Buy@0|SELLER,[],SELLER,00Buy@0,p0,SELLER,True,0,0,16,,-1,-1
123,a42b844d-ffa2-4d61-97ec-119e9b877943,05Ind@2,BUYER,IndDecentralizingAgent,_SystemAgent,4,5,41,0,-1,-1,BUYER|05Ind@2,[],05Ind@2,BUYER,p3,BUYER,False,3,0,-1,05Ind@2:product(1.0),-1,-1
124,12472a5a-f6eb-47d2-a889-1576d2a808a0,SELLER,01Ran@0,_SystemAgent,RandomAgent,25,2,10,0,-1,-1,01Ran@0|SELLER,[],SELLER,01Ran@0,p0,SELLER,True,0,0,25,,-1,-1
125,102cb4b3-83f5-4e1b-9b2c-961dc7281d0c,SELLER,00Buy@0,_SystemAgent,BuyCheapSellExpensiveAgent,20,2,10,0,-1,-1,00Buy@0|SELLER,[],SELLER,00Buy@0,p0,SELLER,False,0,0,20,,-1,-1
126,c0d58f48-7153-495c-a210-9fa03af4060a,SELLER,00Buy@0,_SystemAgent,BuyCheapSellExpensiveAgent,17,1,10,0,-1,-1,00Buy@0|SELLER,[],SELLER,00Buy@0,p0,SELLER,False,0,0,17,,-1,-1
127,3e5ea4f6-6abd-44c4-8af4-4fcdfe763c2a,05Ind@2,BUYER,IndDecentralizingAgent,_SystemAgent,20,1,41,0,-1,-1,BUYER|05Ind@2,[],05Ind@2,BUYER,p3,BUYER,True,3,0,20,,-1,-1
128,f7e1a957-0271-41a1-91d3-acd11d3508c2,05Ind@2,BUYER,IndDecentralizingAgent,_SystemAgent,26,2,41,0,-1,-1,BUYER|05Ind@2,[],05Ind@2,BUYER,p3,BUYER,False,3,0,26,,-1,-1
129,24b3a3db-506c-427d-ac88-419493742a32,05Ind@2,BUYER,IndDecentralizingAgent,_SystemAgent,22,3,41,0,-1,-1,BUYER|05Ind@2,[],05Ind@2,BUYER,p3,BUYER,False,3,0,22,,-1,-1
130,10eddb5e-c115-4d9b-8cab-db93420cf842,SELLER,01Ran@0,_SystemAgent,RandomAgent,18,1,10,0,-1,-1,01Ran@0|SELLER,[],SELLER,01Ran@0,p0,SELLER,True,0,0,18,,-1,-1
131,1442a63c-56d7-4207-aecf-ae0115ab57b2,SELLER,01Ran@0,_SystemAgent,RandomAgent,1,1,10,0,-1,-1,01Ran@0|SELLER,[],SELLER,01Ran@0,p0,SELLER,False,0,0,1,,-1,-1
132,05d3400c-6231-48c6-9323-8a45f15398c0,05Ind@2,BUYER,IndDecentralizingAgent,_SystemAgent,3,2,41,0,-1,-1,BUYER|05Ind@2,[],05Ind@2,BUYER,p3,BUYER,False,3,0,-1,05Ind@2:product(1.0),-1,-1
133,2738de69-b2f3-4e5a-9cb4-da70a0d8592e,SELLER,01Ran@0,_SystemAgent,RandomAgent,23,3,10,0,-1,-1,01Ran@0|SELLER,[],SELLER,01Ran@0,p0,SELLER,True,0,0,23,,-1,-1
134,c23d02f0-a48c-464d-86f0-e02a8d456313,SELLER,01Ran@0,_SystemAgent,RandomAgent,12,1,10,0,-1,-1,01Ran@0|SELLER,[],SELLER,01Ran@0,p0,SELLER,False,0,0,12,,-1,-1
135,9b08f3ba-8e89-4c6b-a7dd-af1d84c71d28,SELLER,00Buy@0,_SystemAgent,BuyCheapSellExpensiveAgent,2,2,10,0,-1,-1,00Buy@0|SELLER,[],SELLER,00Buy@0,p0,SELLER,True,0,0,2,,-1,-1
136,2152f524-da9f-4891-94d2-2ab0d5145fed,SELLER,01Ran@0,_SystemAgent,RandomAgent,10,1,10,0,-1,-1,01Ran@0|SELLER,[],SELLER,01Ran@0,p0,SELLER,True,0,0,10,,-1,-1
137,5e9a72da-f3cc-4e7a-a8fe-14bb89efb037,05Ind@2,BUYER,IndDecentralizingAgent,_SystemAgent,23,1,41,0,-1,-1,BUYER|05Ind@2,[],05Ind@2,BUYER,p3,BUYER,False,3,0,23,,-1,-1
138,82a631f9-3112-4f24-bec7-d0d4d2b091fa,SELLER,00Buy@0,_SystemAgent,BuyCheapSellExpensiveAgent,20,2,10,0,-1,-1,00Buy@0|SELLER,[],SELLER,00Buy@0,p0,SELLER,True,0,0,20,,-1,-1
139,8d4d8229-13e8-4af4-9248-e003f744b3c1,05Ind@2,BUYER,IndDecentralizingAgent,_SystemAgent,13,1,41,0,-1,-1,BUYER|05Ind@2,[],05Ind@2,BUYER,p3,BUYER,False,3,0,13,,-1,-1
140,86bc323c-3d6c-42bc-8b14-82384ff01116,05Ind@2,BUYER,IndDecentralizingAgent,_SystemAgent,22,3,41,0,-1,-1,BUYER|05Ind@2,[],05Ind@2,BUYER,p3,BUYER,False,3,0,22,,-1,-1
141,bf2eb991-f502-41c7-a2b1-b8fec2fa8a43,SELLER,00Buy@0,_SystemAgent,BuyCheapSellExpensiveAgent,12,3,10,0,-1,-1,00Buy@0|SELLER,[],SELLER,00Buy@0,p0,SELLER,False,0,0,12,,-1,-1
142,71218814-eeca-463e-8062-32976d702fb1,05Ind@2,BUYER,IndDecentralizingAgent,_SystemAgent,27,2,41,0,-1,-1,BUYER|05Ind@2,[],05Ind@2,BUYER,p3,BUYER,True,3,0,-1,05Ind@2:product(1.0),-1,-1
143,7f6776bc-5daa-43b8-bd26-e88bd0d47ac3,05Ind@2,BUYER,IndDecentralizingAgent,_SystemAgent,26,1,41,0,-1,-1,BUYER|05Ind@2,[],05Ind@2,BUYER,p3,BUYER,False,3,0,26,,-1,-1
144,8e9b545e-bd77-4747-ac4e-af83f7e7b5b1,SELLER,00Buy@0,_SystemAgent,BuyCheapSellExpensiveAgent,13,1,10,0,-1,-1,00Buy@0|SELLER,[],SELLER,00Buy@0,p0,SELLER,False,0,0,13,,-1,-1
145,1c04525a-9ea5-4dc3-a18d-28c2361ecddc,05Ind@2,BUYER,IndDecentralizingAgent,_SystemAgent,10,3,41,0,-1,-1,BUYER|05Ind@2,[],05Ind@2,BUYER,p3,BUYER,True,3,0,10,,-1,-1
146,8a729973-2ec8-42e0-b9b0-f5432d7a5565,05Ind@2,BUYER,IndDecentralizingAgent,_SystemAgent,23,3,41,0,-1,-1,BUYER|05Ind@2,[],05Ind@2,BUYER,p3,BUYER,False,3,0,23,,-1,-1
147,871437ac-fca4-407f-a130-c97e3e24c48d,SELLER,00Buy@0,_SystemAgent,BuyCheapSellExpensiveAgent,12,1,10,0,-1,-1,00Buy@0|SELLER,[],SELLER,00Buy@0,p0,SELLER,False,0,0,12,,-1,-1
148,aa163880-fa7e-47a5-bfe3-911372e3be91,SELLER,00Buy@0,_SystemAgent,BuyCheapSellExpensiveAgent,9,1,10,0,-1,-1,00Buy@0|SELLER,[],SELLER,00Buy@0,p0,SELLER,False,0,0,9,,-1,-1
149,86232b5f-5a3c-42f1-80e1-74f5654bfe0e,SELLER,01Ran@0,_SystemAgent,RandomAgent,20,1,10,0,-1,-1,01Ran@0|SELLER,[],SELLER,01Ran@0,p0,SELLER,True,0,0,20,,-1,-1
150,d4114c7f-8871-4697-b5f0-ab092dd7ef1c,SELLER,01Ran@0,_SystemAgent,RandomAgent,19,2,10,0,-1,-1,01Ran@0|SELLER,[],SELLER,01Ran@0,p0,SELLER,False,0,0,19,,-1,-1
151,75af51f3-d7eb-439d-af1f-b3cf193f85ba,05Ind@2,BUYER,IndDecentralizingAgent,_SystemAgent,5,3,41,0,-1,-1,BUYER|05Ind@2,[],05Ind@2,BUYER,p3,BUYER,True,3,0,5,,-1,-1
152,a72e0749-9970-48db-9387-4bd6c7d3a53f,SELLER,01Ran@0,_SystemAgent,RandomAgent,21,2,10,0,-1,-1,01Ran@0|SELLER,[],SELLER,01Ran@0,p0,SELLER,True,0,0,21,,-1,-1
153,b10bcf37-55ae-4040-b3b2-3216c5dc750f,SELLER,00Buy@0,_SystemAgent,BuyCheapSellExpensiveAgent,17,2,10,0,-1,-1,00Buy@0|SELLER,[],SELLER,00Buy@0,p0,SELLER,False,0,0,17,,-1,-1
154,4864ea93-56c9-437c-8e4a-af04db615a46,SELLER,01Ran@0,_SystemAgent,RandomAgent,12,2,10,0,-1,-1,01Ran@0|SELLER,[],SELLER,01Ran@0,p0,SELLER,False,0,0,12,,-1,-1
155,40d3354f-acaf-4f4a-90fb-6c5137313d26,SELLER,00Buy@0,_SystemAgent,BuyCheapSellExpensiveAgent,12,1,10,0,-1,-1,00Buy@0|SELLER,[],SELLER,00Buy@0,p0,SELLER,False,0,0,12,,-1,-1
156,00e5ae84-f876-4a10-8df9-58c86b2f655f,SELLER,00Buy@0,_SystemAgent,BuyCheapSellExpensiveAgent,0,2,10,0,-1,-1,00Buy@0|SELLER,[],SELLER,00Buy@0,p0,SELLER,False,0,0,0,,-1,-1
157,076db1ec-34b6-4b7b-99fa-9a43b27097ec,05Ind@2,BUYER,IndDecentralizingAgent,_SystemAgent,16,1,41,0,-1,-1,BUYER|05Ind@2,[],05Ind@2,BUYER,p3,BUYER,False,3,0,16,,-1,-1
158,38d32245-7c32-4c91-9f01-66c2cfa66ef3,SELLER,00Buy@0,_SystemAgent,BuyCheapSellExpensiveAgent,25,1,10,0,-1,-1,00Buy@0|SELLER,[],SELLER,00Buy@0,p0,SELLER,True,0,0,25,,-1,-1
159,aed626aa-a4ab-43ab-8d73-74b30b8ceccd,05Ind@2,BUYER,IndDecentralizingAgent,_SystemAgent,5,3,41,0,-1,-1,BUYER|05Ind@2,[],05Ind@2,BUYER,p3,BUYER,True,3,0,-1,05Ind@2:product(1.0),-1,-1
160,1958e555-4b11-4d02-ad40-67e2787ae189,SELLER,00Buy@0,_SystemAgent,BuyCheapSellExpensiveAgent,1,1,10,0,-1,-1,00Buy@0|SELLER,[],SELLER,00Buy@0,p0,SELLER,False,0,0,1,,-1,-1
161,09ffafeb-b5c9-43c6-9382-a2003695bc18,05Ind@2,BUYER,IndDecentralizingAgent,_SystemAgent,17,2,41,0,-1,-1,BUYER|05Ind@2,[],05Ind@2,BUYER,p3,BUYER,False,3,0,17,,-1,-1
162,57bb8611-f6c4-427d-9c1c-9bcf73e4b545,05Ind@2,BUYER,IndDecentralizingAgent,_SystemAgent,5,1,41,0,-1,-1,BUYER|05Ind@2,[],05Ind@2,BUYER,p3,BUYER,True,3,0,-1,05Ind@2:product(1.0),-1,-1
163,2ff3a84e-3345-496c-90b6-a66b0d0cdfd1,SELLER,00Buy@0,_SystemAgent,BuyCheapSellExpensiveAgent,10,2,10,0,-1,-1,00Buy@0|SELLER,[],SELLER,00Buy@0,p0,SELLER,False,0,0,10,,-1,-1
164,d6897cb6-b359-44d6-b239-abbe6b19b73d,SELLER,01Ran@0,_SystemAgent,RandomAgent,4,1,10,0,-1,-1,01Ran@0|SELLER,[],SELLER,01Ran@0,p0,SELLER,True,0,0,4,,-1,-1
165,e2ba4020-797b-4946-946f-f61383ca438f,SELLER,01Ran@0,_SystemAgent,RandomAgent,26,2,10,0,-1,-1,01Ran@0|SELLER,[],SELLER,01Ran@0,p0,SELLER,True,0,0,26,,-1,-1
166,56a19280-05c5-4426-a50f-faaa9c19031d,SELLER,01Ran@0,_SystemAgent,RandomAgent,5,1,10,0,-1,-1,01Ran@0|SELLER,[],SELLER,01Ran@0,p0,SELLER,True,0,0,5,,-1,-1
167,9dd38804-f453-43eb-ba0e-a73578d55ba8,05Ind@2,BUYER,IndDecentralizingAgent,_SystemAgent,15,4,41,0,-1,-1,BUYER|05Ind@2,[],05Ind@2,BUYER,p3,BUYER,False,3,0,15,,-1,-1
168,2ab15880-996e-4265-875a-46f98328bd95,05Ind@2,BUYER,IndDecentralizingAgent,_SystemAgent,20,2,41,0,-1,-1,BUYER|05Ind@2,[],05Ind@2,BUYER,p3,BUYER,False,3,0,20,,-1,-1
169,3cf2963b-f4a4-4d37-8a03-dd7ac1ea86b8,SELLER,00Buy@0,_SystemAgent,BuyCheapSellExpensiveAgent,4,1,10,0,-1,-1,00Buy@0|SELLER,[],SELLER,00Buy@0,p0,SELLER,False,0,0,4,,-1,-1
170,d71da685-3bc0-4d02-88be-e7f95df73637,SELLER,01Ran@0,_SystemAgent,RandomAgent,4,4,10,0,-1,-1,01Ran@0|SELLER,[],SELLER,01Ran@0,p0,SELLER,True,0,0,4,,-1,-1
171,6bcc3fdf-6b2a-4d2d-a838-873ddab31922,SELLER,00Buy@0,_SystemAgent,BuyCheapSellExpensiveAgent,1,1,10,0,-1,-1,00Buy@0|SELLER,[],SELLER,00Buy@0,p0,SELLER,True,0,0,1,,-1,-1
172,5da2b4b5-0e29-44e4-a23a-dba2444906db,SELLER,00Buy@0,_SystemAgent,BuyCheapSellExpensiveAgent,1,2,10,0,-1,-1,00Buy@0|SELLER,[],SELLER,00Buy@0,p0,SELLER,True,0,0,1,,-1,-1
173,deeba954-a530-4977-ad6e-c398510684cc,05Ind@2,BUYER,IndDecentralizingAgent,_SystemAgent,26,1,41,0,-1,-1,BUYER|05Ind@2,[],05Ind@2,BUYER,p3,BUYER,False,3,0,26,,-1,-1
174,d4f38387-2564-4089-ae69-45cb2e1596de,05Ind@2,BUYER,IndDecentralizingAgent,_SystemAgent,23,2,41,0,-1,-1,BUYER|05Ind@2,[],05Ind@2,BUYER,p3,BUYER,False,3,0,-1,05Ind@2:product(0.5),-1,-1
175,13484327-5eb4-49b4-9dca-8ceedbf91a8f,SELLER,01Ran@0,_SystemAgent,RandomAgent,8,1,10,0,-1,-1,01Ran@0|SELLER,[],SELLER,01Ran@0,p0,SELLER,False,0,0,8,,-1,-1
176,32f9ee33-43cb-4b36-b305-188da49e6a4d,05Ind@2,BUYER,IndDecentralizingAgent,_SystemAgent,17,1,41,0,-1,-1,BUYER|05Ind@2,[],05Ind@2,BUYER,p3,BUYER,True,3,0,17,,-1,-1
177,fe91afd1-b796-45ab-9eb1-460f195f2673,SELLER,00Buy@0,_SystemAgent,BuyCheapSellExpensiveAgent,9,1,10,0,-1,-1,00Buy@0|SELLER,[],SELLER,00Buy@0,p0,SELLER,False,0,0,9,,-1,-1
178,3b9329c9-4d0c-4ba8-a957-40bf660d9657,SELLER,01Ran@0,_SystemAgent,RandomAgent,23,1,10,0,-1,-1,01Ran@0|SELLER,[],SELLER,01Ran@0,p0,SELLER,True,0,0,23,,-1,-1
179,05ac90d3-93d5-497c-9c86-744633b4ef00,05Ind@2,BUYER,IndDecentralizingAgent,_SystemAgent,17,3,41,0,-1,-1,BUYER|05Ind@2,[],05Ind@2,BUYER,p3,BUYER,True,3,0,17,,-1,-1
180,ce917124-3842-4b50-85fd-d0d74209faab,SELLER,00Buy@0,_SystemAgent,BuyCheapSellExpensiveAgent,5,1,10,0,-1,-1,00Buy@0|SELLER,[],SELLER,00Buy@0,p0,SELLER,False,0,0,5,,-1,-1
181,3f26a7e0-b221-4020-b07d-b0b9b69ded1a,05Ind@2,BUYER,IndDecentralizingAgent,_SystemAgent,19,3,41,0,-1,-1,BUYER|05Ind@2,[],05Ind@2,BUYER,p3,BUYER,False,3,0,19,,-1,-1
182,bfbc2570-ef9b-421b-a523-8b00faddb5a8,SELLER,01Ran@0,_SystemAgent,RandomAgent,2,1,10,0,-1,-1,01Ran@0|SELLER,[],SELLER,01Ran@0,p0,SELLER,True,0,0,2,,-1,-1
183,ea337990-b873-4d5d-a29d-589819b0aa3d,SELLER,00Buy@0,_SystemAgent,BuyCheapSellExpensiveAgent,25,2,10,0,-1,-1,00Buy@0|SELLER,[],SELLER,00Buy@0,p0,SELLER,False,0,0,25,,-1,-1
184,1e4e5c80-6d57-419b-80f9-e73a790a5df5,SELLER,01Ran@0,_SystemAgent,RandomAgent,4,2,10,0,-1,-1,01Ran@0|SELLER,[],SELLER,01Ran@0,p0,SELLER,True,0,0,4,,-1,-1
185,02825f40-7382-498e-aeff-1dd65d07b5c6,05Ind@2,BUYER,IndDecentralizingAgent,_SystemAgent,16,1,41,0,-1,-1,BUYER|05Ind@2,[],05Ind@2,BUYER,p3,BUYER,True,3,0,16,,-1,-1
186,1e01fabe-a121-4a18-ad8d-490c932f2f34,05Ind@2,BUYER,IndDecentralizingAgent,_SystemAgent,11,1,41,0,-1,-1,BUYER|05Ind@2,[],05Ind@2,BUYER,p3,BUYER,True,3,0,11,,-1,-1
187,4b7a7a4c-db78-4867-be3b-882ecab530b7,05Ind@2,BUYER,IndDecentralizingAgent,_SystemAgent,18,2,41,0,-1,-1,BUYER|05Ind@2,[],05Ind@2,BUYER,p3,BUYER,False,3,0,18,,-1,-1
188,e5706490-ceb8-40de-8d01-ccc006ec3a47,SELLER,00Buy@0,_SystemAgent,BuyCheapSellExpensiveAgent,9,1,10,0,-1,-1,00Buy@0|SELLER,[],SELLER,00Buy@0,p0,SELLER,False,0,0,9,,-1,-1
189,2eae8a85-48df-48db-80f1-b13d6c57b5e8,SELLER,01Ran@0,_SystemAgent,RandomAgent,15,1,10,0,-1,-1,01Ran@0|SELLER,[],SELLER,01Ran@0,p0,SELLER,True,0,0,15,,-1,-1
190,48348d7b-9dbd-479e-b147-212e49c929a6,SELLER,01Ran@0,_SystemAgent,RandomAgent,27,2,10,0,-1,-1,01Ran@0|SELLER,[],SELLER,01Ran@0,p0,SELLER,True,0,0,27,,-1,-1
191,3b2b977b-5a70-43e7-bf67-5982ee2ac07c,SELLER,01Ran@0,_SystemAgent,RandomAgent,0,1,10,0,-1,-1,01Ran@0|SELLER,[],SELLER,01Ran@0,p0,SELLER,False,0,0,0,,-1,-1
192,d779e8e6-97fe-4920-91ed-7da6f03c2fc9,SELLER,00Buy@0,_SystemAgent,BuyCheapSellExpensiveAgent,13,2,10,0,-1,-1,00Buy@0|SELLER,[],SELLER,00Buy@0,p0,SELLER,False,0,0,13,,-1,-1
193,829257e7-6902-4629-b477-55a88bc50d31,05Ind@2,BUYER,IndDecentralizingAgent,_SystemAgent,9,2,41,0,-1,-1,BUYER|05Ind@2,[],05Ind@2,BUYER,p3,BUYER,True,3,0,9,,-1,-1
194,7bf5d550-195f-4e3f-9ac3-803b1f080773,05Ind@2,BUYER,IndDecentralizingAgent,_SystemAgent,13,2,41,0,-1,-1,BUYER|05Ind@2,[],05Ind@2,BUYER,p3,BUYER,True,3,0,13,,-1,-1
195,14deb078-ef90-47e7-83dd-762bb0dd1cf5,SELLER,00Buy@0,_SystemAgent,BuyCheapSellExpensiveAgent,27,1,10,0,-1,-1,00Buy@0|SELLER,[],SELLER,00Buy@0,p0,SELLER,False,0,0,27,,-1,-1
196,1dca5058-62a0-41fd-8643-5c9f1e455cdb,SELLER,00Buy@0,_SystemAgent,BuyCheapSellExpensiveAgent,2,2,10,0,-1,-1,00Buy@0|SELLER,[],SELLER,00Buy@0,p0,SELLER,True,0,0,2,,-1,-1
197,fc474695-c1d4-4897-95d3-5df26aea453a,SELLER,01Ran@0,_SystemAgent,RandomAgent,20,1,10,0,-1,-1,01Ran@0|SELLER,[],SELLER,01Ran@0,p0,SELLER,False,0,0,20,,-1,-1
198,bbc36561-3aeb-47d2-a5f6-027bf183b379,05Ind@2,BUYER,IndDecentralizingAgent,_SystemAgent,3,2,41,0,-1,-1,BUYER|05Ind@2,[],05Ind@2,BUYER,p3,BUYER,False,3,0,-1,05Ind@2:product(1.0),-1,-1
199,fea4b5cf-149d-49a1-a362-98e94432de23,SELLER,00Buy@0,_SystemAgent,BuyCheapSellExpensiveAgent,22,3,10,0,-1,-1,00Buy@0|SELLER,[],SELLER,00Buy@0,p0,SELLER,False,0,0,22,,-1,-1
200,5b6dc59b-e40c-4e34-a8e8-baafd7a3b888,05Ind@2,BUYER,IndDecentralizingAgent,_SystemAgent,10,1,41,0,-1,-1,BUYER|05Ind@2,[],05Ind@2,BUYER,p3,BUYER,True,3,0,10,,-1,-1
201,ebe576e9-620e-4353-9815-2d02f9298b72,05Ind@2,BUYER,IndDecentralizingAgent,_SystemAgent,17,1,41,0,-1,-1,BUYER|05Ind@2,[],05Ind@2,BUYER,p3,BUYER,True,3,0,17,,-1,-1
202,7a1206dd-f48c-4982-b8aa-4ee73f3fb4e9,SELLER,00Buy@0,_SystemAgent,BuyCheapSellExpensiveAgent,27,3,10,0,-1,-1,00Buy@0|SELLER,[],SELLER,00Buy@0,p0,SELLER,False,0,0,27,,-1,-1
203,a75e8038-70b5-43b2-bed1-c6b1e62c2849,05Ind@2,BUYER,IndDecentralizingAgent,_SystemAgent,21,2,41,0,-1,-1,BUYER|05Ind@2,[],05Ind@2,BUYER,p3,BUYER,True,3,0,21,,-1,-1
204,6968594d-c617-459d-a20b-5ce824efef17,05Ind@2,BUYER,IndDecentralizingAgent,_SystemAgent,21,2,41,0,-1,-1,BUYER|05Ind@2,[],05Ind@2,BUYER,p3,BUYER,True,3,0,21,,-1,-1
205,a89457bb-37df-4fb0-a8a0-9ff26ff0268b,SELLER,01Ran@0,_SystemAgent,RandomAgent,23,3,10,0,-1,-1,01Ran@0|SELLER,[],SELLER,01Ran@0,p0,SELLER,True,0,0,23,,-1,-1
206,0fb65ef9-710b-4a26-a0a0-4cb4d526a4c6,05Ind@2,BUYER,IndDecentralizingAgent,_SystemAgent,12,3,41,0,-1,-1,BUYER|05Ind@2,[],05Ind@2,BUYER,p3,BUYER,True,3,0,12,,-1,-1
207,e66a40f0-32bf-46c4-8271-a28e84a75e32,SELLER,00Buy@0,_SystemAgent,BuyCheapSellExpensiveAgent,6,1,10,0,-1,-1,00Buy@0|SELLER,[],SELLER,00Buy@0,p0,SELLER,True,0,0,6,,-1,-1
208,057594cf-1017-485a-a94b-4628523db806,SELLER,01Ran@0,_SystemAgent,RandomAgent,4,1,10,0,-1,-1,01Ran@0|SELLER,[],SELLER,01Ran@0,p0,SELLER,False,0,0,4,,-1,-1
209,b1871277-c0af-4d6e-8ab7-31c438a8b2cb,05Ind@2,BUYER,IndDecentralizingAgent,_SystemAgent,20,3,41,0,-1,-1,BUYER|05Ind@2,[],05Ind@2,BUYER,p3,BUYER,False,3,0,20,,-1,-1
210,a1d3ebd9-281a-4605-a978-b4f5065f2a7a,SELLER,00Buy@0,_SystemAgent,BuyCheapSellExpensiveAgent,26,4,10,0,-1,-1,00Buy@0|SELLER,[],SELLER,00Buy@0,p0,SELLER,True,0,0,26,,-1,-1
211,0deb54d4-726d-4d4e-9ea1-427cea3e0a0a,05Ind@2,BUYER,IndDecentralizingAgent,_SystemAgent,12,3,41,0,-1,-1,BUYER|05Ind@2,[],05Ind@2,BUYER,p3,BUYER,True,3,0,12,,-1,-1
212,0bff161c-9b68-4e28-a556-d5ed1cd2f13d,SELLER,00Buy@0,_SystemAgent,BuyCheapSellExpensiveAgent,26,1,10,0,-1,-1,00Buy@0|SELLER,[],SELLER,00Buy@0,p0,SELLER,True,0,0,26,,-1,-1
213,9745cdd2-cf2c-4406-836f-585822225eda,SELLER,00Buy@0,_SystemAgent,BuyCheapSellExpensiveAgent,19,1,10,0,-1,-1,00Buy@0|SELLER,[],SELLER,00Buy@0,p0,SELLER,False,0,0,19,,-1,-1
214,64a5c004-d39b-4297-8f61-fe1535ab6949,SELLER,01Ran@0,_SystemAgent,RandomAgent,12,3,10,0,-1,-1,01Ran@0|SELLER,[],SELLER,01Ran@0,p0,SELLER,True,0,0,12,,-1,-1
215,ad0b6bc5-04c4-4585-bedf-089de093d8a2,SELLER,01Ran@0,_SystemAgent,RandomAgent,18,3,10,0,-1,-1,01Ran@0|SELLER,[],SELLER,01Ran@0,p0,SELLER,False,0,0,18,,-1,-1
216,5372fdbd-d52f-4ec8-bfc8-95a7a5d1e24a,SELLER,00Buy@0,_SystemAgent,BuyCheapSellExpensiveAgent,5,1,10,0,-1,-1,00Buy@0|SELLER,[],SELLER,00Buy@0,p0,SELLER,True,0,0,5,,-1,-1
217,b51b7a72-a70a-4f50-b025-ffe241a8e5b4,SELLER,01Ran@0,_SystemAgent,RandomAgent,21,2,10,0,-1,-1,01Ran@0|SELLER,[],SELLER,01Ran@0,p0,SELLER,True,0,0,21,,-1,-1
218,df730f61-40c2-4231-b437-1e87e2180e1e,SELLER,01Ran@0,_SystemAgent,RandomAgent,3,1,10,0,-1,-1,01Ran@0|SELLER,[],SELLER,01Ran@0,p0,SELLER,True,0,0,3,,-1,-1
219,58c6c6f3-7b08-44cd-a022-62f0a05edd4c,SELLER,01Ran@0,_SystemAgent,RandomAgent,11,1,10,0,-1,-1,01Ran@0|SELLER,[],SELLER,01Ran@0,p0,SELLER,True,0,0,11,,-1,-1
220,fb8fcc99-49d1-44c0-8037-1b9cf5fbcaee,SELLER,01Ran@0,_SystemAgent,RandomAgent,10,2,10,0,-1,-1,01Ran@0|SELLER,[],SELLER,01Ran@0,p0,SELLER,True,0,0,10,,-1,-1
221,5f4d2405-124b-4cf7-afc5-f1e8749c1bc1,SELLER,00Buy@0,_SystemAgent,BuyCheapSellExpensiveAgent,18,2,10,0,-1,-1,00Buy@0|SELLER,[],SELLER,00Buy@0,p0,SELLER,True,0,0,18,,-1,-1
222,df73bbbd-22aa-42b6-820e-22157361a9e9,SELLER,00Buy@0,_SystemAgent,BuyCheapSellExpensiveAgent,15,2,10,0,-1,-1,00Buy@0|SELLER,[],SELLER,00Buy@0,p0,SELLER,True,0,0,15,,-1,-1
223,819aaa50-0fc1-4b03-b599-c137b82932cd,SELLER,01Ran@0,_SystemAgent,RandomAgent,11,2,10,0,-1,-1,01Ran@0|SELLER,[],SELLER,01Ran@0,p0,SELLER,True,0,0,11,,-1,-1
224,2553f82a-4ab7-4a01-b374-3282bf3d1cea,05Ind@2,BUYER,IndDecentralizingAgent,_SystemAgent,20,2,41,0,-1,-1,BUYER|05Ind@2,[],05Ind@2,BUYER,p3,BUYER,False,3,0,-1,05Ind@2:product(0.5),-1,-1
225,7d2c7746-0f60-40f6-adc4-3627b904f96d,SELLER,00Buy@0,_SystemAgent,BuyCheapSellExpensiveAgent,1,2,10,0,-1,-1,00Buy@0|SELLER,[],SELLER,00Buy@0,p0,SELLER,False,0,0,1,,-1,-1
226,0ba88042-0142-4f97-bb75-43e96083b69b,SELLER,00Buy@0,_SystemAgent,BuyCheapSellExpensiveAgent,7,2,10,0,-1,-1,00Buy@0|SELLER,[],SELLER,00Buy@0,p0,SELLER,True,0,0,7,,-1,-1
227,a401bff4-40b1-48f9-aa9f-759598cee41b,SELLER,00Buy@0,_SystemAgent,BuyCheapSellExpensiveAgent,2,1,10,0,-1,-1,00Buy@0|SELLER,[],SELLER,00Buy@0,p0,SELLER,True,0,0,2,,-1,-1
228,9e82304a-b43a-4565-8842-8e4def22ee50,05Ind@2,BUYER,IndDecentralizingAgent,_SystemAgent,14,1,41,0,-1,-1,BUYER|05Ind@2,[],05Ind@2,BUYER,p3,BUYER,True,3,0,14,,-1,-1
229,433a2dff-1d78-46d2-aa4f-663a52d07917,05Ind@2,BUYER,IndDecentralizingAgent,_SystemAgent,3,1,41,0,-1,-1,BUYER|05Ind@2,[],05Ind@2,BUYER,p3,BUYER,False,3,0,-1,05Ind@2:product(1.0),-1,-1
230,a490640e-1923-49f3-9354-cae54c6f4da1,05Ind@2,BUYER,IndDecentralizingAgent,_SystemAgent,13,3,41,0,-1,-1,BUYER|05Ind@2,[],05Ind@2,BUYER,p3,BUYER,True,3,0,13,,-1,-1
231,756e3090-e1b5-4feb-9269-bf24b4338fce,05Ind@2,BUYER,IndDecentralizingAgent,_SystemAgent,24,1,41,0,-1,-1,BUYER|05Ind@2,[],05Ind@2,BUYER,p3,BUYER,False,3,0,24,,-1,-1
232,3fcb670d-4d90-4588-9acf-f7681ebc60a5,SELLER,00Buy@0,_SystemAgent,BuyCheapSellExpensiveAgent,3,4,10,0,-1,-1,00Buy@0|SELLER,[],SELLER,00Buy@0,p0,SELLER,False,0,0,3,,-1,-1
233,d2b8dce9-2f56-41a2-b8d9-bb7849ff6e22,05Ind@2,BUYER,IndDecentralizingAgent,_SystemAgent,6,1,41,0,-1,-1,BUYER|05Ind@2,[],05Ind@2,BUYER,p3,BUYER,True,3,0,6,,-1,-1
234,23b64bf3-1a0f-4036-8b1d-5c268f51ae02,SELLER,01Ran@0,_SystemAgent,RandomAgent,4,1,10,0,-1,-1,01Ran@0|SELLER,[],SELLER,01Ran@0,p0,SELLER,True,0,0,4,,-1,-1
235,731c612e-ef0e-4773-a126-bf3724ea676d,SELLER,00Buy@0,_SystemAgent,BuyCheapSellExpensiveAgent,27,4,10,0,-1,-1,00Buy@0|SELLER,[],SELLER,00Buy@0,p0,SELLER,False,0,0,27,,-1,-1
236,bba1b194-2de6-4df3-979d-71590506fa4b,SELLER,00Buy@0,_SystemAgent,BuyCheapSellExpensiveAgent,23,1,10,0,-1,-1,00Buy@0|SELLER,[],SELLER,00Buy@0,p0,SELLER,True,0,0,23,,-1,-1
237,6360134b-e2fb-4fa7-aca5-6fce77a8fb20,SELLER,00Buy@0,_SystemAgent,BuyCheapSellExpensiveAgent,12,2,10,0,-1,-1,00Buy@0|SELLER,[],SELLER,00Buy@0,p0,SELLER,False,0,0,12,,-1,-1
238,d5e65d95-7861-48f3-ac72-31114dd30765,SELLER,01Ran@0,_SystemAgent,RandomAgent,10,2,10,0,-1,-1,01Ran@0|SELLER,[],SELLER,01Ran@0,p0,SELLER,False,0,0,10,,-1,-1
239,0e5d93d0-18c8-40e2-bff1-3862405558c0,SELLER,01Ran@0,_SystemAgent,RandomAgent,15,3,10,0,-1,-1,01Ran@0|SELLER,[],SELLER,01Ran@0,p0,SELLER,False,0,0,15,,-1,-1
240,41c3ff8e-69b5-4b83-9df8-7f227c498345,SELLER,00Buy@0,_SystemAgent,BuyCheapSellExpensiveAgent,21,3,10,0,-1,-1,00Buy@0|SELLER,[],SELLER,00Buy@0,p0,SELLER,False,0,0,21,,-1,-1
241,b709f950-a543-4dbe-ad7f-09998c6debe6,05Ind@2,BUYER,IndDecentralizingAgent,_SystemAgent,10,1,41,0,-1,-1,BUYER|05Ind@2,[],05Ind@2,BUYER,p3,BUYER,True,3,0,10,,-1,-1
242,c3fb54e7-d0f4-4dba-bd17-a52d9c2c78a7,05Ind@2,BUYER,IndDecentralizingAgent,_SystemAgent,20,2,41,0,-1,-1,BUYER|05Ind@2,[],05Ind@2,BUYER,p3,BUYER,False,3,0,-1,05Ind@2:product(1.0),-1,-1
243,74f35955-0eb2-43ff-b6c8-b295d86eae39,SELLER,00Buy@0,_SystemAgent,BuyCheapSellExpensiveAgent,15,2,10,0,-1,-1,00Buy@0|SELLER,[],SELLER,00Buy@0,p0,SELLER,True,0,0,15,,-1,-1
244,a9b866fe-fae3-4a2c-a410-e6a8b8739e0f,05Ind@2,BUYER,IndDecentralizingAgent,_SystemAgent,27,2,41,0,-1,-1,BUYER|05Ind@2,[],05Ind@2,BUYER,p3,BUYER,False,3,0,-1,05Ind@2:product(1.0),-1,-1
245,18b62c08-2522-4632-a155-9b06de39987d,SELLER,00Buy@0,_SystemAgent,BuyCheapSellExpensiveAgent,23,1,10,0,-1,-1,00Buy@0|SELLER,[],SELLER,00Buy@0,p0,SELLER,False,0,0,23,,-1,-1
246,83d69d53-186d-4642-b17e-cbbd597a4a86,SELLER,01Ran@0,_SystemAgent,RandomAgent,14,2,10,0,-1,-1,01Ran@0|SELLER,[],SELLER,01Ran@0,p0,SELLER,True,0,0,14,,-1,-1
247,ecc7e34e-5736-4357-bf2f-1b328dfd3e35,SELLER,00Buy@0,_SystemAgent,BuyCheapSellExpensiveAgent,18,3,10,0,-1,-1,00Buy@0|SELLER,[],SELLER,00Buy@0,p0,SELLER,False,0,0,18,,-1,-1
248,a1b84a85-9acf-4592-a0ca-3f382bf351d5,SELLER,01Ran@0,_SystemAgent,RandomAgent,26,3,10,0,-1,-1,01Ran@0|SELLER,[],SELLER,01Ran@0,p0,SELLER,False,0,0,26,,-1,-1
249,3e41b9f5-aa3c-4673-81c9-df34b3a312cf,SELLER,01Ran@0,_SystemAgent,RandomAgent,1,1,10,0,-1,-1,01Ran@0|SELLER,[],SELLER,01Ran@0,p0,SELLER,False,0,0,1,,-1,-1
250,8f06740d-477f-4383-bc97-1296d20b66e5,05Ind@2,BUYER,IndDecentralizingAgent,_SystemAgent,14,2,41,0,-1,-1,BUYER|05Ind@2,[],05Ind@2,BUYER,p3,BUYER,True,3,0,14,,-1,-1
251,70067e18-14c0-47f0-be66-251c41759722,05Ind@2,BUYER,IndDecentralizingAgent,_SystemAgent,4,1,41,0,-1,-1,BUYER|05Ind@2,[],05Ind@2,BUYER,p3,BUYER,True,3,0,-1,05Ind@2:product(1.0),-1,-1
252,221a9985-7d00-46cb-a778-e3775311d96f,SELLER,00Buy@0,_SystemAgent,BuyCheapSellExpensiveAgent,8,3,10,0,-1,-1,00Buy@0|SELLER,[],SELLER,00Buy@0,p0,SELLER,False,0,0,8,,-1,-1
253,55e81334-f1b0-4bc6-bdb5-983d86c02c8c,SELLER,01Ran@0,_SystemAgent,RandomAgent,10,1,10,0,-1,-1,01Ran@0|SELLER,[],SELLER,01Ran@0,p0,SELLER,False,0,0,10,,-1,-1
254,1ecf7a8e-57d4-4865-afec-bd4aad24530b,SELLER,01Ran@0,_SystemAgent,RandomAgent,18,1,10,0,-1,-1,01Ran@0|SELLER,[],SELLER,01Ran@0,p0,SELLER,False,0,0,18,,-1,-1
255,de097afb-9c38-4d8a-8374-26ce27e244e1,SELLER,01Ran@0,_SystemAgent,RandomAgent,17,4,10,0,-1,-1,01Ran@0|SELLER,[],SELLER,01Ran@0,p0,SELLER,False,0,0,17,,-1,-1
256,b0da01b7-f512-40cf-8f9b-6866fd01a420,SELLER,01Ran@0,_SystemAgent,RandomAgent,3,1,10,0,-1,-1,01Ran@0|SELLER,[],SELLER,01Ran@0,p0,SELLER,False,0,0,3,,-1,-1
257,cf7c8cf1-8a41-4186-b11f-5945daf1207e,05Ind@2,BUYER,IndDecentralizingAgent,_SystemAgent,20,1,41,0,-1,-1,BUYER|05Ind@2,[],05Ind@2,BUYER,p3,BUYER,True,3,0,-1,05Ind@2:product(1.0),-1,-1
258,b1f1c35e-187f-4bb2-bf0b-1b527e655e04,SELLER,01Ran@0,_SystemAgent,RandomAgent,7,3,10,0,-1,-1,01Ran@0|SELLER,[],SELLER,01Ran@0,p0,SELLER,True,0,0,7,,-1,-1
259,1031d3af-2195-4cba-af21-80fb203052b4,05Ind@2,BUYER,IndDecentralizingAgent,_SystemAgent,17,1,41,0,-1,-1,BUYER|05Ind@2,[],05Ind@2,BUYER,p3,BUYER,True,3,0,17,,-1,-1
260,2047b18a-6a58-4309-bad8-d963ae52a76f,SELLER,00Buy@0,_SystemAgent,BuyCheapSellExpensiveAgent,7,1,10,0,-1,-1,00Buy@0|SELLER,[],SELLER,00Buy@0,p0,SELLER,True,0,0,7,,-1,-1
261,f0429afc-ffbc-4015-b009-cf2e85b9916d,SELLER,01Ran@0,_SystemAgent,RandomAgent,18,3,10,0,-1,-1,01Ran@0|SELLER,[],SELLER,01Ran@0,p0,SELLER,True,0,0,18,,-1,-1
262,71d25545-074c-4133-a12e-cd980e335776,05Ind@2,BUYER,IndDecentralizingAgent,_SystemAgent,10,2,41,0,-1,-1,BUYER|05Ind@2,[],05Ind@2,BUYER,p3,BUYER,False,3,0,10,,-1,-1
263,7e2ec05d-41c2-43d0-b176-b15619418679,SELLER,01Ran@0,_SystemAgent,RandomAgent,7,2,10,0,-1,-1,01Ran@0|SELLER,[],SELLER,01Ran@0,p0,SELLER,True,0,0,7,,-1,-1
264,3af6e878-5280-4268-acc7-6636e7c9d143,SELLER,01Ran@0,_SystemAgent,RandomAgent,19,3,10,0,-1,-1,01Ran@0|SELLER,[],SELLER,01Ran@0,p0,SELLER,False,0,0,19,,-1,-1
265,78295408-376b-4b50-8260-bc527d2605e7,SELLER,01Ran@0,_SystemAgent,RandomAgent,7,1,10,0,-1,-1,01Ran@0|SELLER,[],SELLER,01Ran@0,p0,SELLER,True,0,0,7,,-1,-1
266,b46ac1e4-e705-43ed-9757-fe7818af8ea4,05Ind@2,BUYER,IndDecentralizingAgent,_SystemAgent,9,1,41,0,-1,-1,BUYER|05Ind@2,[],05Ind@2,BUYER,p3,BUYER,False,3,0,9,,-1,-1
267,bc6030b7-30e3-4a2f-b9ab-355040b77d5c,SELLER,00Buy@0,_SystemAgent,BuyCheapSellExpensiveAgent,9,2,10,0,-1,-1,00Buy@0|SELLER,[],SELLER,00Buy@0,p0,SELLER,True,0,0,9,,-1,-1
268,e145eec3-6d89-4cf7-a640-528e087cb8cd,SELLER,01Ran@0,_SystemAgent,RandomAgent,17,4,10,0,-1,-1,01Ran@0|SELLER,[],SELLER,01Ran@0,p0,SELLER,False,0,0,17,,-1,-1
269,b85d12c8-cd16-4969-bc3f-ac10b185cff9,SELLER,00Buy@0,_SystemAgent,BuyCheapSellExpensiveAgent,8,1,10,0,-1,-1,00Buy@0|SELLER,[],SELLER,00Buy@0,p0,SELLER,False,0,0,8,,-1,-1
270,529d2523-bd88-4e3d-942d-602d056d360f,SELLER,00Buy@0,_SystemAgent,BuyCheapSellExpensiveAgent,13,2,10,0,-1,-1,00Buy@0|SELLER,[],SELLER,00Buy@0,p0,SELLER,True,0,0,13,,-1,-1
271,475621cb-5932-4986-8fe2-27cd84f93ac9,SELLER,01Ran@0,_SystemAgent,RandomAgent,24,2,10,0,-1,-1,01Ran@0|SELLER,[],SELLER,01Ran@0,p0,SELLER,False,0,0,24,,-1,-1
272,459cba01-a807-4d0c-b090-1e6837ee1449,SELLER,00Buy@0,_SystemAgent,BuyCheapSellExpensiveAgent,2,2,10,0,-1,-1,00Buy@0|SELLER,[],SELLER,00Buy@0,p0,SELLER,True,0,0,2,,-1,-1
273,e24bad24-1c7b-4a1a-ba3d-569349d603c5,SELLER,01Ran@0,_SystemAgent,RandomAgent,12,3,10,0,-1,-1,01Ran@0|SELLER,[],SELLER,01Ran@0,p0,SELLER,False,0,0,12,,-1,-1
274,55b5aab1-cf3a-4fe0-9a43-9e56b132e3e9,SELLER,01Ran@0,_SystemAgent,RandomAgent,24,1,10,0,-1,-1,01Ran@0|SELLER,[],SELLER,01Ran@0,p0,SELLER,True,0,0,24,,-1,-1
275,8b78cc06-3997-4000-b1c5-1a47a2edc4b6,SELLER,00Buy@0,_SystemAgent,BuyCheapSellExpensiveAgent,17,2,10,0,-1,-1,00Buy@0|SELLER,[],SELLER,00Buy@0,p0,SELLER,False,0,0,17,,-1,-1
276,184d38ba-b9c1-4815-b23f-c78d377f7286,05Ind@2,BUYER,IndDecentralizingAgent,_SystemAgent,27,1,41,0,-1,-1,BUYER|05Ind@2,[],05Ind@2,BUYER,p3,BUYER,True,3,0,-1,05Ind@2:product(1.0),-1,-1
277,c680cabb-7b74-439b-b107-eac7684643ce,SELLER,01Ran@0,_SystemAgent,RandomAgent,7,1,10,0,-1,-1,01Ran@0|SELLER,[],SELLER,01Ran@0,p0,SELLER,False,0,0,7,,-1,-1
278,32af60d8-4a29-479f-9b8b-297fe640ac78,SELLER,00Buy@0,_SystemAgent,BuyCheapSellExpensiveAgent,16,4,10,0,-1,-1,00Buy@0|SELLER,[],SELLER,00Buy@0,p0,SELLER,True,0,0,16,,-1,-1
279,0a717bd0-5479-49f3-aa3b-00762882cbf4,SELLER,01Ran@0,_SystemAgent,RandomAgent,20,1,10,0,-1,-1,01Ran@0|SELLER,[],SELLER,01Ran@0,p0,SELLER,True,0,0,20,,-1,-1
280,343c84cf-f479-4945-b39b-719e612f772d,05Ind@2,BUYER,IndDecentralizingAgent,_SystemAgent,10,2,41,0,-1,-1,BUYER|05Ind@2,[],05Ind@2,BUYER,p3,BUYER,False,3,0,10,,-1,-1
281,8973d108-51ba-4324-9052-e1ab9fca0fcb,SELLER,01Ran@0,_SystemAgent,RandomAgent,8,4,10,0,-1,-1,01Ran@0|SELLER,[],SELLER,01Ran@0,p0,SELLER,True,0,0,8,,-1,-1
282,aab4b775-4119-432a-9b2b-d58ea8547707,SELLER,00Buy@0,_SystemAgent,BuyCheapSellExpensiveAgent,19,1,10,0,-1,-1,00Buy@0|SELLER,[],SELLER,00Buy@0,p0,SELLER,False,0,0,19,,-1,-1
283,f8124f17-c9e3-40e8-8bc2-ea75de13be62,05Ind@2,BUYER,IndDecentralizingAgent,_SystemAgent,6,4,41,0,-1,-1,BUYER|05Ind@2,[],05Ind@2,BUYER,p3,BUYER,False,3,0,6,,-1,-1
284,68cfc690-62da-4809-b283-3032f71b2841,SELLER,01Ran@0,_SystemAgent,RandomAgent,15,2,10,0,-1,-1,01Ran@0|SELLER,[],SELLER,01Ran@0,p0,SELLER,False,0,0,15,,-1,-1
285,2eb019d6-7350-4d07-9220-8287b4942d7a,SELLER,01Ran@0,_SystemAgent,RandomAgent,24,2,10,0,-1,-1,01Ran@0|SELLER,[],SELLER,01Ran@0,p0,SELLER,False,0,0,24,,-1,-1
286,22bc608d-e94d-432f-9a9a-f8fc694b811d,SELLER,00Buy@0,_SystemAgent,BuyCheapSellExpensiveAgent,15,2,10,0,-1,-1,00Buy@0|SELLER,[],SELLER,00Buy@0,p0,SELLER,True,0,0,15,,-1,-1
287,cc9f9834-8d8f-4897-b71b-ed2de904d6f0,SELLER,00Buy@0,_SystemAgent,BuyCheapSellExpensiveAgent,11,1,10,0,-1,-1,00Buy@0|SELLER,[],SELLER,00Buy@0,p0,SELLER,True,0,0,11,,-1,-1
288,760789a1-381d-4c5a-a7e5-b3f98d1d4b60,SELLER,01Ran@0,_SystemAgent,RandomAgent,20,3,10,0,-1,-1,01Ran@0|SELLER,[],SELLER,01Ran@0,p0,SELLER,False,0,0,20,,-1,-1
289,510292f2-094f-41c2-8b22-54887902bf76,SELLER,00Buy@0,_SystemAgent,BuyCheapSellExpensiveAgent,20,1,10,0,-1,-1,00Buy@0|SELLER,[],SELLER,00Buy@0,p0,SELLER,True,0,0,20,,-1,-1
290,c14aa592-ff6d-4722-990e-559636ad4e7a,SELLER,01Ran@0,_SystemAgent,RandomAgent,26,1,10,0,-1,-1,01Ran@0|SELLER,[],SELLER,01Ran@0,p0,SELLER,False,0,0,26,,-1,-1
291,d258b997-790c-4861-8106-cb706cf93daf,05Ind@2,BUYER,IndDecentralizingAgent,_SystemAgent,4,1,41,0,-1,-1,BUYER|05Ind@2,[],05Ind@2,BUYER,p3,BUYER,True,3,0,-1,05Ind@2:product(1.0),-1,-1
292,4c0b09b1-9ef2-459b-8625-12f3234f972f,SELLER,01Ran@0,_SystemAgent,RandomAgent,19,2,10,0,-1,-1,01Ran@0|SELLER,[],SELLER,01Ran@0,p0,SELLER,False,0,0,19,,-1,-1
293,5095fa1a-b4ed-468f-860d-54b78bf1109e,SELLER,01Ran@0,_SystemAgent,RandomAgent,25,4,10,0,-1,-1,01Ran@0|SELLER,[],SELLER,01Ran@0,p0,SELLER,True,0,0,25,,-1,-1
294,f9e26ec3-1716-4756-9c29-e5d1be4e53f5,SELLER,00Buy@0,_SystemAgent,BuyCheapSellExpensiveAgent,13,1,10,0,-1,-1,00Buy@0|SELLER,[],SELLER,00Buy@0,p0,SELLER,False,0,0,13,,-1,-1
295,b72d6769-dc29-495c-aa8c-92bb6dfa2d4a,SELLER,00Buy@0,_SystemAgent,BuyCheapSellExpensiveAgent,18,2,10,0,-1,-1,00Buy@0|SELLER,[],SELLER,00Buy@0,p0,SELLER,True,0,0,18,,-1,-1
296,7692d5e1-345e-4779-bf5c-b16fe1792299,SELLER,00Buy@0,_SystemAgent,BuyCheapSellExpensiveAgent,24,1,10,0,-1,-1,00Buy@0|SELLER,[],SELLER,00Buy@0,p0,SELLER,True,0,0,24,,-1,-1
297,2900ee9b-3f4c-4aec-9f4d-0a1ca704c343,05Ind@2,BUYER,IndDecentralizingAgent,_SystemAgent,24,1,41,0,-1,-1,BUYER|05Ind@2,[],05Ind@2,BUYER,p3,BUYER,True,3,0,24,,-1,-1
298,545c27c0-b815-4e3d-b192-8c61ba9b6a8c,SELLER,01Ran@0,_SystemAgent,RandomAgent,11,2,10,0,-1,-1,01Ran@0|SELLER,[],SELLER,01Ran@0,p0,SELLER,True,0,0,11,,-1,-1
299,3b7bc66d-95eb-42fe-ae8b-80386e538b2d,05Ind@2,BUYER,IndDecentralizingAgent,_SystemAgent,26,3,41,0,-1,-1,BUYER|05Ind@2,[],05Ind@2,BUYER,p3,BUYER,False,3,0,-1,05Ind@2:product(1.0),-1,-1
300,1243570b-d37d-480f-a824-2a20c934ae9d,SELLER,01Ran@0,_SystemAgent,RandomAgent,18,1,10,0,-1,-1,01Ran@0|SELLER,[],SELLER,01Ran@0,p0,SELLER,False,0,0,18,,-1,-1
301,561aa3aa-5399-4b86-95bb-138665563015,05Ind@2,BUYER,IndDecentralizingAgent,_SystemAgent,12,3,41,0,-1,-1,BUYER|05Ind@2,[],05Ind@2,BUYER,p3,BUYER,True,3,0,12,,-1,-1
302,ed4f6c95-218c-43be-808e-1bb4407c212c,SELLER,00Buy@0,_SystemAgent,BuyCheapSellExpensiveAgent,7,1,10,0,-1,-1,00Buy@0|SELLER,[],SELLER,00Buy@0,p0,SELLER,True,0,0,7,,-1,-1
303,ef0df95a-59b8-4c76-be7c-06719325a4c4,05Ind@2,BUYER,IndDecentralizingAgent,_SystemAgent,14,3,41,0,-1,-1,BUYER|05Ind@2,[],05Ind@2,BUYER,p3,BUYER,True,3,0,14,,-1,-1
304,bcd961b5-91ce-46b3-abd7-5281260f1bcd,SELLER,01Ran@0,_SystemAgent,RandomAgent,9,2,10,0,-1,-1,01Ran@0|SELLER,[],SELLER,01Ran@0,p0,SELLER,True,0,0,9,,-1,-1
305,1f662b81-dba8-42d5-8d1a-cdfc4e854aa1,SELLER,00Buy@0,_SystemAgent,BuyCheapSellExpensiveAgent,20,3,10,0,-1,-1,00Buy@0|SELLER,[],SELLER,00Buy@0,p0,SELLER,True,0,0,20,,-1,-1
306,df097e3b-9bfc-4c50-8e30-60e4127c0516,SELLER,01Ran@0,_SystemAgent,RandomAgent,5,1,10,0,-1,-1,01Ran@0|SELLER,[],SELLER,01Ran@0,p0,SELLER,False,0,0,5,,-1,-1
307,34b0e12a-b3ee-4501-8c50-9298f85ba028,SELLER,00Buy@0,_SystemAgent,BuyCheapSellExpensiveAgent,21,2,10,0,-1,-1,00Buy@0|SELLER,[],SELLER,00Buy@0,p0,SELLER,True,0,0,21,,-1,-1
308,f68ac650-f2b1-4451-87af-a860d9efa650,SELLER,00Buy@0,_SystemAgent,BuyCheapSellExpensiveAgent,8,2,10,0,-1,-1,00Buy@0|SELLER,[],SELLER,00Buy@0,p0,SELLER,False,0,0,8,,-1,-1
309,fb054f31-54f7-4dc1-8d68-2e45ecbc81fd,SELLER,01Ran@0,_SystemAgent,RandomAgent,8,2,10,0,-1,-1,01Ran@0|SELLER,[],SELLER,01Ran@0,p0,SELLER,False,0,0,8,,-1,-1
310,51574d38-8475-48a0-8e10-cb191610c4f4,05Ind@2,BUYER,IndDecentralizingAgent,_SystemAgent,7,2,41,0,-1,-1,BUYER|05Ind@2,[],05Ind@2,BUYER,p3,BUYER,True,3,0,7,,-1,-1
311,f1cf6bdf-df5f-4996-ab93-3d17d0fea88b,SELLER,01Ran@0,_SystemAgent,RandomAgent,2,1,10,0,-1,-1,01Ran@0|SELLER,[],SELLER,01Ran@0,p0,SELLER,True,0,0,2,,-1,-1
312,b2e4e138-b0d2-42cc-9542-4c46b6dfc1bb,05Ind@2,BUYER,IndDecentralizingAgent,_SystemAgent,11,1,41,0,-1,-1,BUYER|05Ind@2,[],05Ind@2,BUYER,p3,BUYER,True,3,0,11,,-1,-1
313,194d6c40-5cc3-4c18-aab2-30c2d192396f,SELLER,01Ran@0,_SystemAgent,RandomAgent,27,3,10,0,-1,-1,01Ran@0|SELLER,[],SELLER,01Ran@0,p0,SELLER,False,0,0,27,,-1,-1
314,38c346d4-6f37-450c-8e63-d50ef692992c,SELLER,01Ran@0,_SystemAgent,RandomAgent,3,2,10,0,-1,-1,01Ran@0|SELLER,[],SELLER,01Ran@0,p0,SELLER,True,0,0,3,,-1,-1
315,22f6f971-c50d-4ec1-853e-a1e8ff68ae28,SELLER,00Buy@0,_SystemAgent,BuyCheapSellExpensiveAgent,8,2,10,0,-1,-1,00Buy@0|SELLER,[],SELLER,00Buy@0,p0,SELLER,False,0,0,8,,-1,-1
316,3cc8e876-9c09-42b2-953b-3667ef25ee1d,SELLER,01Ran@0,_SystemAgent,RandomAgent,17,1,10,0,-1,-1,01Ran@0|SELLER,[],SELLER,01Ran@0,p0,SELLER,True,0,0,17,,-1,-1
317,6752f9f9-5ac8-49a5-b19f-16599fdd6832,SELLER,01Ran@0,_SystemAgent,RandomAgent,4,1,10,0,-1,-1,01Ran@0|SELLER,[],SELLER,01Ran@0,p0,SELLER,True,0,0,4,,-1,-1
318,5e3e9c59-8ae9-46fa-bb38-c5fe57fec2e4,05Ind@2,BUYER,IndDecentralizingAgent,_SystemAgent,16,2,41,0,-1,-1,BUYER|05Ind@2,[],05Ind@2,BUYER,p3,BUYER,True,3,0,16,,-1,-1
319,1db1a69f-20f1-4598-b5b5-b349903f94da,SELLER,00Buy@0,_SystemAgent,BuyCheapSellExpensiveAgent,3,1,10,0,-1,-1,00Buy@0|SELLER,[],SELLER,00Buy@0,p0,SELLER,True,0,0,3,,-1,-1
320,1c4f080b-71e8-4526-b37b-0a972e549c29,05Ind@2,BUYER,IndDecentralizingAgent,_SystemAgent,8,2,41,0,-1,-1,BUYER|05Ind@2,[],05Ind@2,BUYER,p3,BUYER,False,3,0,8,,-1,-1
321,dd116878-58d1-44b6-ac13-78022bdf177e,SELLER,01Ran@0,_SystemAgent,RandomAgent,19,1,10,0,-1,-1,01Ran@0|SELLER,[],SELLER,01Ran@0,p0,SELLER,True,0,0,19,,-1,-1
322,0a468231-ff0b-4b02-b2e6-8b4d8a86e3bf,SELLER,00Buy@0,_SystemAgent,BuyCheapSellExpensiveAgent,1,1,10,0,-1,-1,00Buy@0|SELLER,[],SELLER,00Buy@0,p0,SELLER,False,0,0,1,,-1,-1
323,3954f65e-01a8-4aef-8f30-0fde9435356f,05Ind@2,BUYER,IndDecentralizingAgent,_SystemAgent,4,2,41,0,-1,-1,BUYER|05Ind@2,[],05Ind@2,BUYER,p3,BUYER,False,3,0,-1,05Ind@2:product(1.0),-1,-1
324,a81931df-7fea-4036-a355-4ae6ea67b1ee,05Ind@2,BUYER,IndDecentralizingAgent,_SystemAgent,25,4,41,0,-1,-1,BUYER|05Ind@2,[],05Ind@2,BUYER,p3,BUYER,True,3,0,25,,-1,-1
325,7f605a90-e91c-4038-9f85-2fd38646c8c9,SELLER,01Ran@0,_SystemAgent,RandomAgent,1,3,10,0,-1,-1,01Ran@0|SELLER,[],SELLER,01Ran@0,p0,SELLER,True,0,0,1,,-1,-1
326,b3bbc234-3889-4c4e-9f95-ef6645690e90,SELLER,01Ran@0,_SystemAgent,RandomAgent,11,3,10,0,-1,-1,01Ran@0|SELLER,[],SELLER,01Ran@0,p0,SELLER,True,0,0,11,,-1,-1
327,6532b3a7-5e67-42b2-9c69-834ad4987c3b,SELLER,01Ran@0,_SystemAgent,RandomAgent,16,2,10,0,-1,-1,01Ran@0|SELLER,[],SELLER,01Ran@0,p0,SELLER,False,0,0,16,,-1,-1
328,e6d777a9-211d-4340-a7a1-312a5a8c2a01,SELLER,01Ran@0,_SystemAgent,RandomAgent,5,5,10,0,-1,-1,01Ran@0|SELLER,[],SELLER,01Ran@0,p0,SELLER,True,0,0,5,,-1,-1
329,0754cc62-39cf-47c9-9aed-1b376fdced36,SELLER,00Buy@0,_SystemAgent,BuyCheapSellExpensiveAgent,11,1,10,0,-1,-1,00Buy@0|SELLER,[],SELLER,00Buy@0,p0,SELLER,False,0,0,11,,-1,-1
330,9794e474-6a0d-4adf-ad4b-c24c7ae0de0a,SELLER,01Ran@0,_SystemAgent,RandomAgent,10,3,10,0,-1,-1,01Ran@0|SELLER,[],SELLER,01Ran@0,p0,SELLER,False,0,0,10,,-1,-1
331,aea5033b-03e6-4a17-90fc-176c92fd75ed,05Ind@2,BUYER,IndDecentralizingAgent,_SystemAgent,23,2,41,0,-1,-1,BUYER|05Ind@2,[],05Ind@2,BUYER,p3,BUYER,True,3,0,-1,05Ind@2:product(1.0),-1,-1
332,58f45915-42ce-41c1-baf3-07985888e76e,SELLER,01Ran@0,_SystemAgent,RandomAgent,24,2,10,0,-1,-1,01Ran@0|SELLER,[],SELLER,01Ran@0,p0,SELLER,False,0,0,24,,-1,-1
333,c9abb9ff-a245-44bc-b9c4-e2875cd9c4fa,05Ind@2,BUYER,IndDecentralizingAgent,_SystemAgent,11,3,41,0,-1,-1,BUYER|05Ind@2,[],05Ind@2,BUYER,p3,BUYER,False,3,0,11,,-1,-1
334,373b97bc-7ff8-4ac4-ae02-68fb5322f624,SELLER,01Ran@0,_SystemAgent,RandomAgent,9,2,10,0,-1,-1,01Ran@0|SELLER,[],SELLER,01Ran@0,p0,SELLER,False,0,0,9,,-1,-1
335,d90a5f1a-b0cb-44c8-b6db-64f96db9186d,SELLER,00Buy@0,_SystemAgent,BuyCheapSellExpensiveAgent,0,1,10,0,-1,-1,00Buy@0|SELLER,[],SELLER,00Buy@0,p0,SELLER,True,0,0,0,,-1,-1
336,57e20e38-9368-48d7-86d8-834ddc129b28,SELLER,01Ran@0,_SystemAgent,RandomAgent,0,1,10,0,-1,-1,01Ran@0|SELLER,[],SELLER,01Ran@0,p0,SELLER,False,0,0,0,,-1,-1
337,20f386ff-d2f2-4f09-942d-82902795222c,SELLER,00Buy@0,_SystemAgent,BuyCheapSellExpensiveAgent,19,2,10,0,-1,-1,00Buy@0|SELLER,[],SELLER,00Buy@0,p0,SELLER,False,0,0,19,,-1,-1
338,038df7c0-e676-4e7e-b109-9cd561b2d5b9,SELLER,01Ran@0,_SystemAgent,RandomAgent,26,3,10,0,-1,-1,01Ran@0|SELLER,[],SELLER,01Ran@0,p0,SELLER,True,0,0,26,,-1,-1
339,440c01ca-4192-4ed5-904e-6989c67674ac,SELLER,00Buy@0,_SystemAgent,BuyCheapSellExpensiveAgent,1,1,10,0,-1,-1,00Buy@0|SELLER,[],SELLER,00Buy@0,p0,SELLER,True,0,0,1,,-1,-1
340,c2dad21e-5b01-49d1-88dd-dcde0aba0d7f,05Ind@2,BUYER,IndDecentralizingAgent,_SystemAgent,4,1,41,0,-1,-1,BUYER|05Ind@2,[],05Ind@2,BUYER,p3,BUYER,True,3,0,-1,05Ind@2:product(1.0),-1,-1
341,24f2cb27-cb22-4e5b-bb7b-77f1bc4f512b,SELLER,00Buy@0,_SystemAgent,BuyCheapSellExpensiveAgent,10,1,10,0,-1,-1,00Buy@0|SELLER,[],SELLER,00Buy@0,p0,SELLER,True,0,0,10,,-1,-1
342,cb6d64f0-14c5-427f-a0e9-bb80158241eb,SELLER,01Ran@0,_SystemAgent,RandomAgent,24,1,10,0,-1,-1,01Ran@0|SELLER,[],SELLER,01Ran@0,p0,SELLER,True,0,0,24,,-1,-1
343,7591778a-7469-4d4e-8d6f-98ee14d638f1,05Ind@2,BUYER,IndDecentralizingAgent,_SystemAgent,10,2,41,0,-1,-1,BUYER|05Ind@2,[],05Ind@2,BUYER,p3,BUYER,False,3,0,10,,-1,-1
344,fd052799-c1f3-4257-9753-c7223a8471f5,SELLER,00Buy@0,_SystemAgent,BuyCheapSellExpensiveAgent,11,2,10,0,-1,-1,00Buy@0|SELLER,[],SELLER,00Buy@0,p0,SELLER,True,0,0,11,,-1,-1
345,ae319487-c7b7-4782-bba6-c493e39f21cb,05Ind@2,BUYER,IndDecentralizingAgent,_SystemAgent,19,1,41,0,-1,-1,BUYER|05Ind@2,[],05Ind@2,BUYER,p3,BUYER,True,3,0,19,,-1,-1
346,e6fa62b7-55d3-420d-8434-b350c15ba9aa,SELLER,00Buy@0,_SystemAgent,BuyCheapSellExpensiveAgent,5,1,10,0,-1,-1,00Buy@0|SELLER,[],SELLER,00Buy@0,p0,SELLER,False,0,0,5,,-1,-1
347,787d639b-b705-442b-9d70-0ca3b4398ef1,05Ind@2,BUYER,IndDecentralizingAgent,_SystemAgent,6,2,41,0,-1,-1,BUYER|05Ind@2,[],05Ind@2,BUYER,p3,BUYER,False,3,0,6,,-1,-1
348,2191bab7-2652-4d2f-9afd-f66fba32e9a0,SELLER,00Buy@0,_SystemAgent,BuyCheapSellExpensiveAgent,9,3,10,0,-1,-1,00Buy@0|SELLER,[],SELLER,00Buy@0,p0,SELLER,False,0,0,9,,-1,-1
349,99496f9c-3cf6-4e7f-975d-0c2e9d53d56e,SELLER,00Buy@0,_SystemAgent,BuyCheapSellExpensiveAgent,22,1,10,0,-1,-1,00Buy@0|SELLER,[],SELLER,00Buy@0,p0,SELLER,True,0,0,22,,-1,-1
350,39d23338-2f67-4e72-a7f2-1a7c7457a2fd,SELLER,01Ran@0,_SystemAgent,RandomAgent,13,1,10,0,-1,-1,01Ran@0|SELLER,[],SELLER,01Ran@0,p0,SELLER,True,0,0,13,,-1,-1
351,c37bb723-1505-4678-b4b3-3d42494a4d1e,05Ind@2,BUYER,IndDecentralizingAgent,_SystemAgent,8,3,41,0,-1,-1,BUYER|05Ind@2,[],05Ind@2,BUYER,p3,BUYER,False,3,0,8,,-1,-1
352,75a60b97-c964-4c52-b8f6-c0f420e717ed,SELLER,01Ran@0,_SystemAgent,RandomAgent,25,2,10,0,-1,-1,01Ran@0|SELLER,[],SELLER,01Ran@0,p0,SELLER,True,0,0,25,,-1,-1
353,e43a142f-d709-4b72-a8ad-ea43787e0e00,05Ind@2,BUYER,IndDecentralizingAgent,_SystemAgent,22,3,41,0,-1,-1,BUYER|05Ind@2,[],05Ind@2,BUYER,p3,BUYER,True,3,0,-1,05Ind@2:product(0.6666666666666666),-1,-1
354,67c809b7-25a0-4482-8b92-5f2b99596d70,SELLER,01Ran@0,_SystemAgent,RandomAgent,13,2,10,0,-1,-1,01Ran@0|SELLER,[],SELLER,01Ran@0,p0,SELLER,True,0,0,13,,-1,-1
355,e6693120-6108-4bb7-9ed9-1ad688280d7a,05Ind@2,BUYER,IndDecentralizingAgent,_SystemAgent,7,2,41,0,-1,-1,BUYER|05Ind@2,[],05Ind@2,BUYER,p3,BUYER,True,3,0,7,,-1,-1
356,f6f41488-7a12-45f2-a0b5-c2f495a8dc36,SELLER,01Ran@0,_SystemAgent,RandomAgent,25,2,10,0,-1,-1,01Ran@0|SELLER,[],SELLER,01Ran@0,p0,SELLER,False,0,0,25,,-1,-1
357,f4b8b14d-80c9-43de-a13e-c370304afc11,SELLER,00Buy@0,_SystemAgent,BuyCheapSellExpensiveAgent,27,3,10,0,-1,-1,00Buy@0|SELLER,[],SELLER,00Buy@0,p0,SELLER,False,0,0,27,,-1,-1
358,322aab20-9f94-46b5-8313-d8fa2d463532,SELLER,00Buy@0,_SystemAgent,BuyCheapSellExpensiveAgent,6,2,10,0,-1,-1,00Buy@0|SELLER,[],SELLER,00Buy@0,p0,SELLER,True,0,0,6,,-1,-1
359,844209a0-8bfa-4704-86c0-eea9972fd1a2,SELLER,00Buy@0,_SystemAgent,BuyCheapSellExpensiveAgent,9,3,10,0,-1,-1,00Buy@0|SELLER,[],SELLER,00Buy@0,p0,SELLER,True,0,0,9,,-1,-1
360,fe7cd3fe-cb03-4895-9f7a-7f8f8b34c399,SELLER,01Ran@0,_SystemAgent,RandomAgent,0,1,10,0,-1,-1,01Ran@0|SELLER,[],SELLER,01Ran@0,p0,SELLER,True,0,0,0,,-1,-1
361,f6a5dc4d-48a2-4748-8a0c-98f0e3e65c8c,SELLER,01Ran@0,_SystemAgent,RandomAgent,18,1,10,0,-1,-1,01Ran@0|SELLER,[],SELLER,01Ran@0,p0,SELLER,True,0,0,18,,-1,-1
362,4a433127-db5d-42ac-a80f-6c9541f38971,SELLER,01Ran@0,_SystemAgent,RandomAgent,24,2,10,0,-1,-1,01Ran@0|SELLER,[],SELLER,01Ran@0,p0,SELLER,True,0,0,24,,-1,-1
363,426d0078-959d-44ce-8457-280f71f137e2,05Ind@2,BUYER,IndDecentralizingAgent,_SystemAgent,18,3,41,0,-1,-1,BUYER|05Ind@2,[],05Ind@2,BUYER,p3,BUYER,True,3,0,18,,-1,-1
364,dae31843-fc15-4e06-ae99-c625d5f1117c,SELLER,01Ran@0,_SystemAgent,RandomAgent,10,1,10,0,-1,-1,01Ran@0|SELLER,[],SELLER,01Ran@0,p0,SELLER,False,0,0,10,,-1,-1
365,440a662b-0460-4df1-9b1b-e4eef77211c1,SELLER,01Ran@0,_SystemAgent,RandomAgent,22,1,10,0,-1,-1,01Ran@0|SELLER,[],SELLER,01Ran@0,p0,SELLER,True,0,0,22,,-1,-1
366,baa676a3-9932-4fbb-920b-726103ef0d58,SELLER,01Ran@0,_SystemAgent,RandomAgent,19,1,10,0,-1,-1,01Ran@0|SELLER,[],SELLER,01Ran@0,p0,SELLER,False,0,0,19,,-1,-1
367,c2a894ca-d9f9-420d-84e2-bc4c7a36c1af,SELLER,00Buy@0,_SystemAgent,BuyCheapSellExpensiveAgent,5,2,10,0,-1,-1,00Buy@0|SELLER,[],SELLER,00Buy@0,p0,SELLER,True,0,0,5,,-1,-1
368,958f63bf-5d3c-41d8-b81e-b9ec425c1e93,05Ind@2,BUYER,IndDecentralizingAgent,_SystemAgent,23,1,41,0,-1,-1,BUYER|05Ind@2,[],05Ind@2,BUYER,p3,BUYER,True,3,0,-1,05Ind@2:product(1.0),-1,-1
369,a786a5a6-5828-40e5-a826-7958d819d7e1,SELLER,00Buy@0,_SystemAgent,BuyCheapSellExpensiveAgent,15,1,10,0,-1,-1,00Buy@0|SELLER,[],SELLER,00Buy@0,p0,SELLER,False,0,0,15,,-1,-1
370,8616f5e6-c29b-44e2-942f-d7e17d781b78,SELLER,01Ran@0,_SystemAgent,RandomAgent,8,1,10,0,-1,-1,01Ran@0|SELLER,[],SELLER,01Ran@0,p0,SELLER,False,0,0,8,,-1,-1
371,a0c70a3a-ee02-410e-bc76-7354d5cf9e06,SELLER,01Ran@0,_SystemAgent,RandomAgent,4,1,10,0,-1,-1,01Ran@0|SELLER,[],SELLER,01Ran@0,p0,SELLER,True,0,0,4,,-1,-1
372,9f61d13b-3045-47fb-90d3-b8f56e3e537c,05Ind@2,BUYER,IndDecentralizingAgent,_SystemAgent,11,1,41,0,-1,-1,BUYER|05Ind@2,[],05Ind@2,BUYER,p3,BUYER,True,3,0,-1,05Ind@2:product(1.0),-1,-1
373,4530e321-0180-4cdd-acdc-8182ad863b65,SELLER,01Ran@0,_SystemAgent,RandomAgent,9,1,10,0,-1,-1,01Ran@0|SELLER,[],SELLER,01Ran@0,p0,SELLER,True,0,0,9,,-1,-1
374,dfa2b956-4ecf-4889-81e0-89bb296e94b5,05Ind@2,BUYER,IndDecentralizingAgent,_SystemAgent,19,1,41,0,-1,-1,BUYER|05Ind@2,[],05Ind@2,BUYER,p3,BUYER,True,3,0,19,,-1,-1
375,1f4a9f19-4dc6-4ab0-9357-e3e2f718bd2e,05Ind@2,BUYER,IndDecentralizingAgent,_SystemAgent,13,3,41,0,-1,-1,BUYER|05Ind@2,[],05Ind@2,BUYER,p3,BUYER,True,3,0,13,,-1,-1
376,cd824b7b-8ce3-4081-abaf-f2b4d04ae47d,05Ind@2,BUYER,IndDecentralizingAgent,_SystemAgent,24,3,41,0,-1,-1,BUYER|05Ind@2,[],05Ind@2,BUYER,p3,BUYER,False,3,0,24,,-1,-1
377,9475717a-ff6e-4881-b2be-6a4fa4cebb24,SELLER,01Ran@0,_SystemAgent,RandomAgent,14,3,10,0,-1,-1,01Ran@0|SELLER,[],SELLER,01Ran@0,p0,SELLER,False,0,0,14,,-1,-1
378,9384f3c6-d854-4652-88d5-a9e228aeea27,SELLER,01Ran@0,_SystemAgent,RandomAgent,19,3,10,0,-1,-1,01Ran@0|SELLER,[],SELLER,01Ran@0,p0,SELLER,True,0,0,19,,-1,-1
379,f354c618-c00b-4cc7-86d4-1c024d0e38bc,SELLER,01Ran@0,_SystemAgent,RandomAgent,26,1,10,0,-1,-1,01Ran@0|SELLER,[],SELLER,01Ran@0,p0,SELLER,False,0,0,26,,-1,-1
380,4c62d710-42be-476f-afe2-165fac9f6d7e,SELLER,00Buy@0,_SystemAgent,BuyCheapSellExpensiveAgent,0,3,10,0,-1,-1,00Buy@0|SELLER,[],SELLER,00Buy@0,p0,SELLER,False,0,0,0,,-1,-1
381,e42a5ec8-f4c5-4dba-86f9-407626b223da,05Ind@2,BUYER,IndDecentralizingAgent,_SystemAgent,15,1,41,0,-1,-1,BUYER|05Ind@2,[],05Ind@2,BUYER,p3,BUYER,False,3,0,15,,-1,-1
382,9ab898ec-e5f7-4264-b4b0-951f8cdf3441,SELLER,00Buy@0,_SystemAgent,BuyCheapSellExpensiveAgent,13,2,10,0,-1,-1,00Buy@0|SELLER,[],SELLER,00Buy@0,p0,SELLER,False,0,0,13,,-1,-1
383,83d5df7f-c2f2-411b-83b7-2542e4f49666,SELLER,00Buy@0,_SystemAgent,BuyCheapSellExpensiveAgent,21,1,10,0,-1,-1,00Buy@0|SELLER,[],SELLER,00Buy@0,p0,SELLER,False,0,0,21,,-1,-1
384,5301a1aa-76e7-426d-b238-3669155f2d1b,SELLER,00Buy@0,_SystemAgent,BuyCheapSellExpensiveAgent,26,2,10,0,-1,-1,00Buy@0|SELLER,[],SELLER,00Buy@0,p0,SELLER,True,0,0,26,,-1,-1
385,b5bbef06-fe4d-4098-9e90-688d79087ab1,SELLER,00Buy@0,_SystemAgent,BuyCheapSellExpensiveAgent,10,2,10,0,-1,-1,00Buy@0|SELLER,[],SELLER,00Buy@0,p0,SELLER,True,0,0,10,,-1,-1
386,99613819-2ab5-48a2-b07a-b8f08032cf22,SELLER,01Ran@0,_SystemAgent,RandomAgent,26,1,10,0,-1,-1,01Ran@0|SELLER,[],SELLER,01Ran@0,p0,SELLER,False,0,0,26,,-1,-1
387,b6f3dcfd-deec-4bf3-bea1-40b5210bebca,SELLER,01Ran@0,_SystemAgent,RandomAgent,2,2,10,0,-1,-1,01Ran@0|SELLER,[],SELLER,01Ran@0,p0,SELLER,False,0,0,2,,-1,-1
388,79c636fd-7f1c-4ab6-9d59-28f836dddd8f,SELLER,01Ran@0,_SystemAgent,RandomAgent,14,1,10,0,-1,-1,01Ran@0|SELLER,[],SELLER,01Ran@0,p0,SELLER,False,0,0,14,,-1,-1
389,688fcf11-dfd3-4c5b-9c37-438b76f4f44f,SELLER,00Buy@0,_SystemAgent,BuyCheapSellExpensiveAgent,8,1,10,0,-1,-1,00Buy@0|SELLER,[],SELLER,00Buy@0,p0,SELLER,False,0,0,8,,-1,-1
390,adf475b9-1af5-471c-8125-5bcff924758d,SELLER,00Buy@0,_SystemAgent,BuyCheapSellExpensiveAgent,19,4,10,0,-1,-1,00Buy@0|SELLER,[],SELLER,00Buy@0,p0,SELLER,True,0,0,19,,-1,-1
391,f04f1b38-2e43-4cff-b987-c9f9189a3738,SELLER,00Buy@0,_SystemAgent,BuyCheapSellExpensiveAgent,6,4,10,0,-1,-1,00Buy@0|SELLER,[],SELLER,00Buy@0,p0,SELLER,False,0,0,6,,-1,-1
392,b49b6dff-24c8-4883-b898-469ba1061aad,05Ind@2,BUYER,IndDecentralizingAgent,_SystemAgent,13,1,41,0,-1,-1,BUYER|05Ind@2,[],05Ind@2,BUYER,p3,BUYER,False,3,0,13,,-1,-1
393,a777eea6-348c-49cb-9540-7d3b0976c358,SELLER,01Ran@0,_SystemAgent,RandomAgent,16,4,10,0,-1,-1,01Ran@0|SELLER,[],SELLER,01Ran@0,p0,SELLER,True,0,0,16,,-1,-1
394,21520721-1152-4965-b702-54b38c5b44eb,SELLER,01Ran@0,_SystemAgent,RandomAgent,14,1,10,0,-1,-1,01Ran@0|SELLER,[],SELLER,01Ran@0,p0,SELLER,False,0,0,14,,-1,-1
395,5fa1e397-a002-4601-828d-e0c8284aad1c,SELLER,00Buy@0,_SystemAgent,BuyCheapSellExpensiveAgent,23,1,10,0,-1,-1,00Buy@0|SELLER,[],SELLER,00Buy@0,p0,SELLER,False,0,0,23,,-1,-1
396,21b0ce5b-e0c1-412b-b221-83aff0782003,SELLER,00Buy@0,_SystemAgent,BuyCheapSellExpensiveAgent,4,2,10,0,-1,-1,00Buy@0|SELLER,[],SELLER,00Buy@0,p0,SELLER,False,0,0,4,,-1,-1
397,bbdb71ac-14bb-4a2d-beab-a1ad742be0a5,SELLER,01Ran@0,_SystemAgent,RandomAgent,11,1,10,0,-1,-1,01Ran@0|SELLER,[],SELLER,01Ran@0,p0,SELLER,True,0,0,11,,-1,-1
398,3c16ed74-3d4b-4af1-8721-a7eee955e150,SELLER,00Buy@0,_SystemAgent,BuyCheapSellExpensiveAgent,22,1,10,0,-1,-1,00Buy@0|SELLER,[],SELLER,00Buy@0,p0,SELLER,False,0,0,22,,-1,-1
399,d6789f67-2329-4ce4-832d-304407fa9826,SELLER,01Ran@0,_SystemAgent,RandomAgent,4,1,10,0,-1,-1,01Ran@0|SELLER,[],SELLER,01Ran@0,p0,SELLER,False,0,0,4,,-1,-1
400,9913fd52-169d-4505-9c24-4886c82c5aa2,SELLER,01Ran@0,_SystemAgent,RandomAgent,14,4,10,0,-1,-1,01Ran@0|SELLER,[],SELLER,01Ran@0,p0,SELLER,False,0,0,14,,-1,-1
401,dcc4a06e-868e-4d27-8088-4eaac24e2a05,05Ind@2,BUYER,IndDecentralizingAgent,_SystemAgent,14,1,41,0,-1,-1,BUYER|05Ind@2,[],05Ind@2,BUYER,p3,BUYER,False,3,0,14,,-1,-1
402,886cd7da-d1ee-4cef-b8a6-1150c99624e2,05Ind@2,BUYER,IndDecentralizingAgent,_SystemAgent,13,2,41,0,-1,-1,BUYER|05Ind@2,[],05Ind@2,BUYER,p3,BUYER,True,3,0,-1,05Ind@2:product(0.5),-1,-1
403,bac9c3a5-0520-4dbd-8ee3-0b42b29948ce,SELLER,00Buy@0,_SystemAgent,BuyCheapSellExpensiveAgent,4,3,10,0,-1,-1,00Buy@0|SELLER,[],SELLER,00Buy@0,p0,SELLER,True,0,0,4,,-1,-1
404,2f8f0f6d-7dbe-4ac0-b9c7-17c831bcc203,SELLER,00Buy@0,_SystemAgent,BuyCheapSellExpensiveAgent,14,3,10,0,-1,-1,00Buy@0|SELLER,[],SELLER,00Buy@0,p0,SELLER,False,0,0,14,,-1,-1
405,1c9e4a16-8ed3-4f83-9964-6ccba651280d,SELLER,01Ran@0,_SystemAgent,RandomAgent,3,1,10,0,-1,-1,01Ran@0|SELLER,[],SELLER,01Ran@0,p0,SELLER,True,0,0,3,,-1,-1
406,62f2f0de-ec4f-49c1-97ba-793f4e336191,SELLER,01Ran@0,_SystemAgent,RandomAgent,4,2,10,0,-1,-1,01Ran@0|SELLER,[],SELLER,01Ran@0,p0,SELLER,True,0,0,4,,-1,-1
407,953dfaaa-7a67-4147-bfd3-64f9c6481592,05Ind@2,BUYER,IndDecentralizingAgent,_SystemAgent,5,1,41,0,-1,-1,BUYER|05Ind@2,[],05Ind@2,BUYER,p3,BUYER,False,3,0,-1,05Ind@2:product(1.0),-1,-1
408,673e9a20-c0ac-42fb-9062-d3306a7c7527,05Ind@2,BUYER,IndDecentralizingAgent,_SystemAgent,8,2,41,0,-1,-1,BUYER|05Ind@2,[],05Ind@2,BUYER,p3,BUYER,False,3,0,8,,-1,-1
409,96162733-5720-4ab4-964c-6415cee682c4,SELLER,00Buy@0,_SystemAgent,BuyCheapSellExpensiveAgent,6,2,10,0,-1,-1,00Buy@0|SELLER,[],SELLER,00Buy@0,p0,SELLER,False,0,0,6,,-1,-1
410,dbabef83-e457-428b-b0cb-d6cc1ffe06ca,SELLER,00Buy@0,_SystemAgent,BuyCheapSellExpensiveAgent,20,2,10,0,-1,-1,00Buy@0|SELLER,[],SELLER,00Buy@0,p0,SELLER,True,0,0,20,,-1,-1
411,95225b8f-96b2-4f32-b701-5f39b4e14acc,05Ind@2,BUYER,IndDecentralizingAgent,_SystemAgent,18,2,41,0,-1,-1,BUYER|05Ind@2,[],05Ind@2,BUYER,p3,BUYER,True,3,0,18,,-1,-1
412,0dfb6a90-092a-438e-a8a7-a948dfe1f787,SELLER,00Buy@0,_SystemAgent,BuyCheapSellExpensiveAgent,22,1,10,0,-1,-1,00Buy@0|SELLER,[],SELLER,00Buy@0,p0,SELLER,False,0,0,22,,-1,-1
413,86a62220-52a1-4a7a-98da-5cde41c32b77,SELLER,01Ran@0,_SystemAgent,RandomAgent,6,4,10,0,-1,-1,01Ran@0|SELLER,[],SELLER,01Ran@0,p0,SELLER,False,0,0,6,,-1,-1
414,96bfec18-7c72-47ca-92f8-9e8f4601fbe0,05Ind@2,BUYER,IndDecentralizingAgent,_SystemAgent,6,3,41,0,-1,-1,BUYER|05Ind@2,[],05Ind@2,BUYER,p3,BUYER,False,3,0,-1,05Ind@2:product(0.3333333333333333),-1,-1
415,fce77412-6a6d-498a-9994-ce0f98db3cab,SELLER,01Ran@0,_SystemAgent,RandomAgent,6,2,10,0,-1,-1,01Ran@0|SELLER,[],SELLER,01Ran@0,p0,SELLER,False,0,0,6,,-1,-1
416,a8d44fec-02b2-4cdf-be29-a54392538e17,05Ind@2,BUYER,IndDecentralizingAgent,_SystemAgent,22,1,41,0,-1,-1,BUYER|05Ind@2,[],05Ind@2,BUYER,p3,BUYER,True,3,0,-1,05Ind@2:product(1.0),-1,-1
417,95126b41-da8a-4bb5-badd-729950344790,SELLER,01Ran@0,_SystemAgent,RandomAgent,2,4,10,0,-1,-1,01Ran@0|SELLER,[],SELLER,01Ran@0,p0,SELLER,False,0,0,2,,-1,-1
418,8e7d5352-2caa-4ffa-b5e0-38b79d567596,SELLER,01Ran@0,_SystemAgent,RandomAgent,7,2,10,0,-1,-1,01Ran@0|SELLER,[],SELLER,01Ran@0,p0,SELLER,False,0,0,7,,-1,-1
419,aeb8677d-8c5c-407d-aa99-5b0655574c45,05Ind@2,BUYER,IndDecentralizingAgent,_SystemAgent,26,2,41,0,-1,-1,BUYER|05Ind@2,[],05Ind@2,BUYER,p3,BUYER,True,3,0,-1,05Ind@2:product(1.0),-1,-1
420,ac241b70-2866-42c7-8283-d5f9ac627e26,SELLER,00Buy@0,_SystemAgent,BuyCheapSellExpensiveAgent,10,2,10,0,-1,-1,00Buy@0|SELLER,[],SELLER,00Buy@0,p0,SELLER,False,0,0,10,,-1,-1
421,4caf3432-ed3f-456b-bc73-e815f7766c91,SELLER,00Buy@0,_SystemAgent,BuyCheapSellExpensiveAgent,18,1,10,0,-1,-1,00Buy@0|SELLER,[],SELLER,00Buy@0,p0,SELLER,False,0,0,18,,-1,-1
422,7eee6433-04c1-425c-b38f-579fd16379f0,05Ind@2,BUYER,IndDecentralizingAgent,_SystemAgent,11,1,41,0,-1,-1,BUYER|05Ind@2,[],05Ind@2,BUYER,p3,BUYER,False,3,0,-1,05Ind@2:product(1.0),-1,-1
423,697b2741-ca0e-4961-8a1e-c8d0d08e2c64,05Ind@2,BUYER,IndDecentralizingAgent,_SystemAgent,15,1,41,0,-1,-1,BUYER|05Ind@2,[],05Ind@2,BUYER,p3,BUYER,True,3,0,15,,-1,-1
424,1b431c77-cd65-47fc-bb9c-94a5dcc6203f,05Ind@2,BUYER,IndDecentralizingAgent,_SystemAgent,24,1,41,0,-1,-1,BUYER|05Ind@2,[],05Ind@2,BUYER,p3,BUYER,True,3,0,24,,-1,-1
425,c815d2d3-8ec7-43e9-a775-0a8f6e569dad,SELLER,01Ran@0,_SystemAgent,RandomAgent,8,2,10,0,-1,-1,01Ran@0|SELLER,[],SELLER,01Ran@0,p0,SELLER,False,0,0,8,,-1,-1
426,1f78e596-2300-4e1b-bb90-8f9d67f4ecb1,05Ind@2,BUYER,IndDecentralizingAgent,_SystemAgent,25,1,41,0,-1,-1,BUYER|05Ind@2,[],05Ind@2,BUYER,p3,BUYER,True,3,0,25,,-1,-1
427,a4f43cc5-12c2-471c-b9d0-121eee8976e6,SELLER,01Ran@0,_SystemAgent,RandomAgent,10,1,10,0,-1,-1,01Ran@0|SELLER,[],SELLER,01Ran@0,p0,SELLER,False,0,0,10,,-1,-1
428,9b36b237-4939-4f3c-afbf-92111d7bbf76,SELLER,00Buy@0,_SystemAgent,BuyCheapSellExpensiveAgent,3,1,10,0,-1,-1,00Buy@0|SELLER,[],SELLER,00Buy@0,p0,SELLER,False,0,0,3,,-1,-1
429,dca2af47-ffb5-4fc7-9554-675c3ea375a7,05Ind@2,BUYER,IndDecentralizingAgent,_SystemAgent,19,3,41,0,-1,-1,BUYER|05Ind@2,[],05Ind@2,BUYER,p3,BUYER,False,3,0,-1,05Ind@2:product(0.3333333333333333),-1,-1
430,c75adaa1-aa41-45a3-96a9-649c5dcd54b1,05Ind@2,BUYER,IndDecentralizingAgent,_SystemAgent,4,1,41,0,-1,-1,BUYER|05Ind@2,[],05Ind@2,BUYER,p3,BUYER,True,3,0,-1,05Ind@2:product(1.0),-1,-1
431,2d5c111c-b88a-4582-83e1-8f7cceed968d,SELLER,01Ran@0,_SystemAgent,RandomAgent,21,1,10,0,-1,-1,01Ran@0|SELLER,[],SELLER,01Ran@0,p0,SELLER,False,0,0,21,,-1,-1
432,a137f903-a0bf-4852-934e-a0e460005db9,SELLER,01Ran@0,_SystemAgent,RandomAgent,14,1,10,0,-1,-1,01Ran@0|SELLER,[],SELLER,01Ran@0,p0,SELLER,True,0,0,14,,-1,-1
433,c59f0989-6c6b-4d7b-bfd5-b0c22ef93a96,05Ind@2,BUYER,IndDecentralizingAgent,_SystemAgent,24,1,41,0,-1,-1,BUYER|05Ind@2,[],05Ind@2,BUYER,p3,BUYER,True,3,0,-1,05Ind@2:product(1.0),-1,-1
434,1becb70a-7bfb-4d81-a2d6-053cb6df1cb6,SELLER,00Buy@0,_SystemAgent,BuyCheapSellExpensiveAgent,23,2,10,0,-1,-1,00Buy@0|SELLER,[],SELLER,00Buy@0,p0,SELLER,True,0,0,23,,-1,-1
435,4b687d5b-420e-4569-b31e-3f6d1801517e,05Ind@2,BUYER,IndDecentralizingAgent,_SystemAgent,6,1,41,0,-1,-1,BUYER|05Ind@2,[],05Ind@2,BUYER,p3,BUYER,True,3,0,-1,05Ind@2:product(1.0),-1,-1
436,121f27c8-ea96-432e-b9f9-2b88e630a767,SELLER,01Ran@0,_SystemAgent,RandomAgent,22,4,10,0,-1,-1,01Ran@0|SELLER,[],SELLER,01Ran@0,p0,SELLER,False,0,0,22,,-1,-1
437,d38d0e86-e6ee-45cd-85b7-2c3aad47672a,SELLER,01Ran@0,_SystemAgent,RandomAgent,11,2,10,0,-1,-1,01Ran@0|SELLER,[],SELLER,01Ran@0,p0,SELLER,False,0,0,11,,-1,-1
438,f0025d09-55a8-4cf3-a98d-9ffb28e5a641,SELLER,01Ran@0,_SystemAgent,RandomAgent,11,2,10,0,-1,-1,01Ran@0|SELLER,[],SELLER,01Ran@0,p0,SELLER,True,0,0,11,,-1,-1
439,5be9aaae-e287-4d6c-80e7-e572ce56878a,SELLER,00Buy@0,_SystemAgent,BuyCheapSellExpensiveAgent,13,4,10,0,-1,-1,00Buy@0|SELLER,[],SELLER,00Buy@0,p0,SELLER,True,0,0,13,,-1,-1
440,b7a5bc94-813a-4d6c-a613-fa684bf3044e,05Ind@2,BUYER,IndDecentralizingAgent,_SystemAgent,3,2,41,0,-1,-1,BUYER|05Ind@2,[],05Ind@2,BUYER,p3,BUYER,True,3,0,-1,05Ind@2:product(1.0),-1,-1
441,f7a37fd9-fdf1-43c6-aa7a-127d9bdac444,05Ind@2,BUYER,IndDecentralizingAgent,_SystemAgent,11,2,41,0,-1,-1,BUYER|05Ind@2,[],05Ind@2,BUYER,p3,BUYER,False,3,0,-1,05Ind@2:product(1.0),-1,-1
442,4c7bb978-88a1-44e3-9f7b-a85850c3af80,SELLER,00Buy@0,_SystemAgent,BuyCheapSellExpensiveAgent,27,1,10,0,-1,-1,00Buy@0|SELLER,[],SELLER,00Buy@0,p0,SELLER,True,0,0,27,,-1,-1
443,21013748-8f8e-4c54-8655-cb78a95fe0a1,SELLER,00Buy@0,_SystemAgent,BuyCheapSellExpensiveAgent,25,1,10,0,-1,-1,00Buy@0|SELLER,[],SELLER,00Buy@0,p0,SELLER,False,0,0,25,,-1,-1
444,87b01c17-cd31-4479-9add-270bddb062bc,05Ind@2,BUYER,IndDecentralizingAgent,_SystemAgent,15,1,41,0,-1,-1,BUYER|05Ind@2,[],05Ind@2,BUYER,p3,BUYER,True,3,0,-1,05Ind@2:product(1.0),-1,-1
445,58e75673-bc02-4f1b-ba98-6c32beafe126,SELLER,00Buy@0,_SystemAgent,BuyCheapSellExpensiveAgent,3,2,10,0,-1,-1,00Buy@0|SELLER,[],SELLER,00Buy@0,p0,SELLER,False,0,0,3,,-1,-1
446,11a6477a-cadf-4d5d-978e-aaba10850a1e,SELLER,01Ran@0,_SystemAgent,RandomAgent,7,2,10,0,-1,-1,01Ran@0|SELLER,[],SELLER,01Ran@0,p0,SELLER,False,0,0,7,,-1,-1
447,72c3aea2-13b3-4aae-969f-3b95cef4a776,05Ind@2,BUYER,IndDecentralizingAgent,_SystemAgent,23,1,41,0,-1,-1,BUYER|05Ind@2,[],05Ind@2,BUYER,p3,BUYER,False,3,0,-1,05Ind@2:product(1.0),-1,-1
448,b2b107bb-db1d-48ed-954a-a354d19f6361,00Buy@0,03Dec@1,BuyCheapSellExpensiveAgent,DecentralizingAgent,3,5,10,1,-1,1,03Dec@1|00Buy@0,"[quantity: (1, 5), time: (1, 4), unit_price: (1, 18)]",00Buy@0,03Dec@1,p1,03Dec@1,True,1,17,-1,00Buy@0:product(1.0),-1,-1
449,af278ec3-6bb3-4a71-996f-d7bbd3a1be0f,SELLER,01Ran@0,_SystemAgent,RandomAgent,28,4,10,1,-1,-1,01Ran@0|SELLER,[],SELLER,01Ran@0,p0,SELLER,False,0,0,28,,-1,-1
450,a008dde9-84f3-481d-bc88-9b5d6c3acafe,02Dec@1,05Ind@2,DecentralizingAgent,IndDecentralizingAgent,12,6,13,1,-1,1,05Ind@2|02Dec@1,"[quantity: (1, 8), time: (1, 24), unit_price: (1, 27)]",02Dec@1,05Ind@2,p2,05Ind@2,True,2,17,12,,-1,-1
451,17179036-618d-4a04-b959-13f2298344fb,00Buy@0,02Dec@1,BuyCheapSellExpensiveAgent,DecentralizingAgent,2,5,10,1,-1,1,02Dec@1|00Buy@0,"[quantity: (1, 5), time: (1, 2), unit_price: (1, 18)]",00Buy@0,02Dec@1,p1,02Dec@1,True,1,17,-1,00Buy@0:product(1.0),-1,-1
452,c17c400c-c32b-40ea-a032-a3d31f6e54f7,02Dec@1,05Ind@2,DecentralizingAgent,IndDecentralizingAgent,20,7,14,1,-1,1,05Ind@2|02Dec@1,"[quantity: (1, 7), time: (1, 21), unit_price: (1, 27)]",02Dec@1,05Ind@2,p2,05Ind@2,True,2,17,20,,-1,-1
453,34b2de09-54a6-4c06-b99d-b5b9f35d8106,SELLER,01Ran@0,_SystemAgent,RandomAgent,28,2,10,1,-1,-1,01Ran@0|SELLER,[],SELLER,01Ran@0,p0,SELLER,False,0,0,28,,-1,-1
454,1115bc60-2b10-4bcc-b7f3-8550a6accf5c,SELLER,00Buy@0,_SystemAgent,BuyCheapSellExpensiveAgent,28,1,10,1,-1,-1,00Buy@0|SELLER,[],SELLER,00Buy@0,p0,SELLER,False,0,0,28,,-1,-1
455,fdfe6b44-f1b3-4276-85b7-aa1610d24424,SELLER,01Ran@0,_SystemAgent,RandomAgent,28,1,10,1,-1,-1,01Ran@0|SELLER,[],SELLER,01Ran@0,p0,SELLER,False,0,0,28,,-1,-1
456,8acac672-053f-488b-b39e-9b0fd5120967,02Dec@1,05Ind@2,DecentralizingAgent,IndDecentralizingAgent,6,5,40,1,-1,1,02Dec@1|05Ind@2,"[quantity: (1, 5), time: (6, 11), unit_price: (27, 54)]",02Dec@1,05Ind@2,p2,02Dec@1,False,2,17,6,,-1,-1
457,a0b4fc12-8f28-4c2c-8f55-b629e82dfc8b,03Dec@1,05Ind@2,DecentralizingAgent,IndDecentralizingAgent,12,5,13,1,-1,1,05Ind@2|03Dec@1,"[quantity: (1, 6), time: (1, 23), unit_price: (1, 27)]",03Dec@1,05Ind@2,p2,05Ind@2,True,2,17,12,,-1,-1
458,a3ce65a8-2b35-42a2-a49a-c59a10e00e51,03Dec@1,05Ind@2,DecentralizingAgent,IndDecentralizingAgent,6,5,41,1,-1,1,03Dec@1|05Ind@2,"[quantity: (1, 5), time: (1, 6), unit_price: (27, 54)]",03Dec@1,05Ind@2,p2,03Dec@1,False,2,17,6,,-1,-1
459,e7fb27bf-4008-4a71-891b-16644f3667ea,01Ran@0,02Dec@1,RandomAgent,DecentralizingAgent,2,5,1,1,-1,1,02Dec@1|01Ran@0,"[quantity: (1, 5), time: (1, 4), unit_price: (1, 18)]",01Ran@0,02Dec@1,p1,02Dec@1,True,1,6,-1,01Ran@0:product(1.0),-1,-1
460,67937ada-934e-45ae-ac4f-5dc80a1a90ec,SELLER,00Buy@0,_SystemAgent,BuyCheapSellExpensiveAgent,28,1,10,1,-1,-1,00Buy@0|SELLER,[],SELLER,00Buy@0,p0,SELLER,False,0,0,28,,-1,-1
461,3e25009a-4667-43ea-ac37-2649708102fc,01Ran@0,03Dec@1,RandomAgent,DecentralizingAgent,3,3,3,1,-1,1,03Dec@1|01Ran@0,"[quantity: (1, 5), time: (1, 3), unit_price: (1, 18)]",01Ran@0,03Dec@1,p1,03Dec@1,True,1,15,-1,01Ran@0:product(1.0),-1,-1
462,85f470a7-3978-4c8b-aa5f-ef62431520e8,01Ran@0,03Dec@1,RandomAgent,DecentralizingAgent,5,2,1,1,-1,1,03Dec@1|01Ran@0,"[quantity: (1, 5), time: (1, 5), unit_price: (1, 18)]",01Ran@0,03Dec@1,p1,03Dec@1,True,1,10,-1,01Ran@0:product(1.0),-1,-1
463,1aaa6c2b-2c97-43d4-8065-31eac1fd7390,SELLER,00Buy@0,_SystemAgent,BuyCheapSellExpensiveAgent,28,1,10,1,-1,-1,00Buy@0|SELLER,[],SELLER,00Buy@0,p0,SELLER,False,0,0,28,,-1,-1
464,72e3ef6d-83b0-4ff6-bad8-d092d772f637,01Ran@0,03Dec@1,RandomAgent,DecentralizingAgent,2,3,1,1,-1,1,03Dec@1|01Ran@0,"[quantity: (1, 5), time: (1, 2), unit_price: (1, 18)]",01Ran@0,03Dec@1,p1,03Dec@1,True,1,13,-1,01Ran@0:product(1.0),-1,-1
465,512b478b-2b6f-4caf-b837-cde54bb2a775,SELLER,00Buy@0,_SystemAgent,BuyCheapSellExpensiveAgent,28,2,10,1,-1,-1,00Buy@0|SELLER,[],SELLER,00Buy@0,p0,SELLER,True,0,0,28,,-1,-1
466,7c8cfdc4-c3dc-4c48-9ed1-05780390468f,00Buy@0,02Dec@1,BuyCheapSellExpensiveAgent,DecentralizingAgent,3,5,10,1,-1,1,02Dec@1|00Buy@0,"[quantity: (1, 5), time: (1, 5), unit_price: (1, 18)]",00Buy@0,02Dec@1,p1,02Dec@1,True,1,17,-1,00Buy@0:product(1.0),-1,-1
467,4f142388-654d-4efa-b060-3aea37cbb65d,01Ran@0,02Dec@1,RandomAgent,DecentralizingAgent,3,3,1,1,-1,1,02Dec@1|01Ran@0,"[quantity: (1, 5), time: (1, 5), unit_price: (1, 18)]",01Ran@0,02Dec@1,p1,02Dec@1,True,1,15,-1,01Ran@0:product(1.0),-1,-1
468,56b7f760-21b9-485e-aa2d-459eef0d0de4,SELLER,00Buy@0,_SystemAgent,BuyCheapSellExpensiveAgent,28,3,10,1,-1,-1,00Buy@0|SELLER,[],SELLER,00Buy@0,p0,SELLER,False,0,0,28,,-1,-1
469,fbab2231-a62e-4e27-9754-df86a9ba4278,03Dec@1,05Ind@2,DecentralizingAgent,IndDecentralizingAgent,5,5,40,1,-1,1,03Dec@1|05Ind@2,"[quantity: (1, 5), time: (5, 10), unit_price: (27, 54)]",03Dec@1,05Ind@2,p2,03Dec@1,False,2,17,5,,-1,-1
470,764abaee-61bd-4a30-a924-ce5947980764,01Ran@0,02Dec@1,RandomAgent,DecentralizingAgent,2,1,1,1,-1,1,02Dec@1|01Ran@0,"[quantity: (1, 5), time: (1, 2), unit_price: (1, 18)]",01Ran@0,02Dec@1,p1,02Dec@1,True,1,10,-1,01Ran@0:product(1.0),-1,-1
471,e494214b-c231-46f7-9fad-a26efaba7149,SELLER,00Buy@0,_SystemAgent,BuyCheapSellExpensiveAgent,28,1,10,1,-1,-1,00Buy@0|SELLER,[],SELLER,00Buy@0,p0,SELLER,False,0,0,28,,-1,-1
472,4c7cca59-7164-41de-8727-4f7c7ca30604,00Buy@0,03Dec@1,BuyCheapSellExpensiveAgent,DecentralizingAgent,3,5,10,1,-1,1,03Dec@1|00Buy@0,"[quantity: (1, 5), time: (1, 5), unit_price: (1, 18)]",00Buy@0,03Dec@1,p1,03Dec@1,True,1,17,-1,00Buy@0:product(1.0),-1,-1
473,5bf67027-9e18-4e38-a10b-9e0fe9bf2f6d,03Dec@1,05Ind@2,DecentralizingAgent,IndDecentralizingAgent,17,5,14,1,-1,1,05Ind@2|03Dec@1,"[quantity: (1, 5), time: (1, 18), unit_price: (1, 27)]",03Dec@1,05Ind@2,p2,05Ind@2,True,2,17,17,,-1,-1
474,8f73bc30-570d-46cb-b2bf-5884760e57ce,00Buy@0,02Dec@1,BuyCheapSellExpensiveAgent,DecentralizingAgent,2,5,10,1,-1,1,02Dec@1|00Buy@0,"[quantity: (1, 5), time: (1, 3), unit_price: (1, 18)]",00Buy@0,02Dec@1,p1,02Dec@1,True,1,17,-1,00Buy@0:product(1.0),-1,-1
475,a81dc040-98c1-4d7f-af48-539fff4cb742,SELLER,00Buy@0,_SystemAgent,BuyCheapSellExpensiveAgent,28,3,10,1,-1,-1,00Buy@0|SELLER,[],SELLER,00Buy@0,p0,SELLER,True,0,0,28,,-1,-1
476,047ba751-f7b4-45b6-bc6e-eb1237a10e27,00Buy@0,03Dec@1,BuyCheapSellExpensiveAgent,DecentralizingAgent,2,5,9,1,-1,1,03Dec@1|00Buy@0,"[quantity: (1, 5), time: (1, 3), unit_price: (1, 18)]",00Buy@0,03Dec@1,p1,03Dec@1,True,1,17,-1,00Buy@0:product(1.0),-1,-1
477,cb33e0ec-3974-4356-afd0-772648139672,01Ran@0,02Dec@1,RandomAgent,DecentralizingAgent,3,1,6,1,-1,1,02Dec@1|01Ran@0,"[quantity: (1, 5), time: (1, 3), unit_price: (1, 18)]",01Ran@0,02Dec@1,p1,02Dec@1,True,1,16,-1,01Ran@0:product(1.0),-1,-1
478,178ba587-901d-4bf3-9dfb-e025c975c98d,SELLER,01Ran@0,_SystemAgent,RandomAgent,28,1,10,1,-1,-1,01Ran@0|SELLER,[],SELLER,01Ran@0,p0,SELLER,True,0,0,28,,-1,-1
479,a23a195b-9cad-46ed-a2d8-b565ba45df6d,00Buy@0,03Dec@1,BuyCheapSellExpensiveAgent,DecentralizingAgent,4,5,9,2,-1,2,03Dec@1|00Buy@0,"[quantity: (1, 5), time: (2, 6), unit_price: (1, 18)]",00Buy@0,03Dec@1,p1,03Dec@1,True,1,17,-1,00Buy@0:product(1.0),-1,-1
480,faeeb000-adcc-4c95-a91f-719ae4f8b3f9,SELLER,00Buy@0,_SystemAgent,BuyCheapSellExpensiveAgent,29,2,10,2,-1,-1,00Buy@0|SELLER,[],SELLER,00Buy@0,p0,SELLER,False,0,0,29,,-1,-1
481,5bf41a99-adae-4761-b4ab-94ef441848c4,SELLER,01Ran@0,_SystemAgent,RandomAgent,29,3,10,2,-1,-1,01Ran@0|SELLER,[],SELLER,01Ran@0,p0,SELLER,False,0,0,29,,-1,-1
482,5cc589be-61e8-4355-85ad-81e2fbc3f8e1,02Dec@1,05Ind@2,DecentralizingAgent,IndDecentralizingAgent,7,5,41,2,-1,2,02Dec@1|05Ind@2,"[quantity: (1, 5), time: (2, 7), unit_price: (27, 54)]",02Dec@1,05Ind@2,p2,02Dec@1,False,2,17,7,,-1,-1
483,4d0eaa8b-594f-40e2-93bc-991bda8bd4d2,SELLER,00Buy@0,_SystemAgent,BuyCheapSellExpensiveAgent,29,1,10,2,-1,-1,00Buy@0|SELLER,[],SELLER,00Buy@0,p0,SELLER,False,0,0,29,,-1,-1
484,743e6925-f705-4d4c-97aa-e3a9dcf7f712,SELLER,01Ran@0,_SystemAgent,RandomAgent,29,2,10,2,-1,-1,01Ran@0|SELLER,[],SELLER,01Ran@0,p0,SELLER,False,0,0,29,,-1,-1
485,6c5bc5f7-331a-4a54-a131-1266272a250c,SELLER,01Ran@0,_SystemAgent,RandomAgent,29,1,10,2,-1,-1,01Ran@0|SELLER,[],SELLER,01Ran@0,p0,SELLER,True,0,0,29,,-1,-1
486,5bdc8d82-568d-4a0c-8051-b9ce1a1407d0,02Dec@1,05Ind@2,DecentralizingAgent,IndDecentralizingAgent,11,5,41,2,-1,2,02Dec@1|05Ind@2,"[quantity: (1, 5), time: (6, 11), unit_price: (27, 54)]",02Dec@1,05Ind@2,p2,02Dec@1,False,2,17,11,,-1,-1
487,70d5f464-e111-4e89-8846-579ec551630b,03Dec@1,05Ind@2,DecentralizingAgent,IndDecentralizingAgent,4,5,40,2,-1,2,03Dec@1|05Ind@2,"[quantity: (1, 5), time: (4, 9), unit_price: (27, 54)]",03Dec@1,05Ind@2,p2,03Dec@1,False,2,17,4,,-1,-1
488,8b4d868c-0df6-4f2b-90df-38c31fe19df6,SELLER,00Buy@0,_SystemAgent,BuyCheapSellExpensiveAgent,29,1,10,2,-1,-1,00Buy@0|SELLER,[],SELLER,00Buy@0,p0,SELLER,False,0,0,29,,-1,-1
489,923a4384-2931-44bc-a836-9e067fcb5c1d,SELLER,00Buy@0,_SystemAgent,BuyCheapSellExpensiveAgent,29,2,10,2,-1,-1,00Buy@0|SELLER,[],SELLER,00Buy@0,p0,SELLER,False,0,0,29,,-1,-1
490,b7d1f211-88d5-41ea-9fe9-09465c6201f7,SELLER,00Buy@0,_SystemAgent,BuyCheapSellExpensiveAgent,29,1,10,2,-1,-1,00Buy@0|SELLER,[],SELLER,00Buy@0,p0,SELLER,True,0,0,29,,-1,-1
491,466c79ee-1e96-4bb5-9800-dba305f3aa29,02Dec@1,05Ind@2,DecentralizingAgent,IndDecentralizingAgent,8,5,41,2,-1,2,02Dec@1|05Ind@2,"[quantity: (1, 5), time: (3, 8), unit_price: (27, 54)]",02Dec@1,05Ind@2,p2,02Dec@1,False,2,17,8,,-1,-1
492,c66152b8-570f-4de1-89c5-4f25e090e195,00Buy@0,02Dec@1,BuyCheapSellExpensiveAgent,DecentralizingAgent,4,5,10,2,-1,2,02Dec@1|00Buy@0,"[quantity: (1, 5), time: (2, 6), unit_price: (1, 18)]",00Buy@0,02Dec@1,p1,02Dec@1,True,1,17,-1,00Buy@0:product(1.0),-1,-1
493,41cc007c-0ded-4f3e-880d-5626c6f02310,01Ran@0,02Dec@1,RandomAgent,DecentralizingAgent,4,3,1,2,-1,2,02Dec@1|01Ran@0,"[quantity: (1, 5), time: (2, 4), unit_price: (1, 18)]",01Ran@0,02Dec@1,p1,02Dec@1,True,1,8,-1,01Ran@0:product(1.0),-1,-1
494,cf91503a-6ef3-47aa-aac6-76f59de2f37f,SELLER,00Buy@0,_SystemAgent,BuyCheapSellExpensiveAgent,29,2,10,2,-1,-1,00Buy@0|SELLER,[],SELLER,00Buy@0,p0,SELLER,True,0,0,29,,-1,-1
495,d102413b-cfef-4cd7-9e0f-2a90fc573993,SELLER,00Buy@0,_SystemAgent,BuyCheapSellExpensiveAgent,29,2,10,2,-1,-1,00Buy@0|SELLER,[],SELLER,00Buy@0,p0,SELLER,False,0,0,29,,-1,-1
496,9c84e195-0a68-4aa8-9389-63246e893bf7,01Ran@0,02Dec@1,RandomAgent,DecentralizingAgent,3,1,1,2,-1,2,02Dec@1|01Ran@0,"[quantity: (1, 5), time: (2, 6), unit_price: (1, 18)]",01Ran@0,02Dec@1,p1,02Dec@1,True,1,12,-1,01Ran@0:product(1.0),-1,-1
497,725faa7b-e1a0-4b0e-842c-7c1f39e2c1ca,02Dec@1,05Ind@2,DecentralizingAgent,IndDecentralizingAgent,5,9,13,2,-1,2,05Ind@2|02Dec@1,"[quantity: (1, 9), time: (2, 6), unit_price: (1, 27)]",02Dec@1,05Ind@2,p2,05Ind@2,True,2,17,5,,-1,-1
498,7c8095ed-a394-49f0-807c-2955279bd0ba,SELLER,00Buy@0,_SystemAgent,BuyCheapSellExpensiveAgent,29,3,10,2,-1,-1,00Buy@0|SELLER,[],SELLER,00Buy@0,p0,SELLER,True,0,0,29,,-1,-1
499,fcb20e94-ab9d-4e58-8537-181662e43450,02Dec@1,05Ind@2,DecentralizingAgent,IndDecentralizingAgent,5,5,40,2,-1,2,02Dec@1|05Ind@2,"[quantity: (1, 5), time: (5, 10), unit_price: (27, 54)]",02Dec@1,05Ind@2,p2,02Dec@1,False,2,17,5,,-1,-1
500,c70968c0-d3dc-4a10-9eb7-4ddd2d713f37,02Dec@1,05Ind@2,DecentralizingAgent,IndDecentralizingAgent,12,5,41,2,-1,2,02Dec@1|05Ind@2,"[quantity: (1, 5), time: (7, 12), unit_price: (27, 54)]",02Dec@1,05Ind@2,p2,02Dec@1,False,2,17,12,,-1,-1
501,e748a445-60d1-4672-b8b5-2bb1263a145d,00Buy@0,02Dec@1,BuyCheapSellExpensiveAgent,DecentralizingAgent,3,5,9,2,-1,2,02Dec@1|00Buy@0,"[quantity: (1, 5), time: (2, 4), unit_price: (1, 18)]",00Buy@0,02Dec@1,p1,02Dec@1,True,1,17,-1,00Buy@0:product(1.0),-1,-1
502,5cbf1368-ce5f-4d4c-9beb-f2facd30c5d8,SELLER,01Ran@0,_SystemAgent,RandomAgent,30,2,10,3,-1,-1,01Ran@0|SELLER,[],SELLER,01Ran@0,p0,SELLER,False,0,0,30,,-1,-1
503,e56c4879-3a9b-4da8-bf94-892e59fd6224,00Buy@0,03Dec@1,BuyCheapSellExpensiveAgent,DecentralizingAgent,5,5,10,3,-1,3,03Dec@1|00Buy@0,"[quantity: (1, 5), time: (3, 7), unit_price: (1, 18)]",00Buy@0,03Dec@1,p1,03Dec@1,True,1,17,-1,00Buy@0:product(1.0),-1,-1
504,4c5e2bc1-dc8f-44b7-9caa-2d814134044b,03Dec@1,05Ind@2,DecentralizingAgent,IndDecentralizingAgent,7,5,40,3,-1,3,03Dec@1|05Ind@2,"[quantity: (1, 5), time: (7, 12), unit_price: (27, 54)]",03Dec@1,05Ind@2,p2,03Dec@1,False,2,17,7,,-1,-1
505,40ca1a0f-15f2-489f-9287-3963d4ef0619,00Buy@0,02Dec@1,BuyCheapSellExpensiveAgent,DecentralizingAgent,5,5,9,3,-1,3,02Dec@1|00Buy@0,"[quantity: (1, 5), time: (3, 7), unit_price: (1, 18)]",00Buy@0,02Dec@1,p1,02Dec@1,True,1,17,-1,00Buy@0:product(1.0),-1,-1
506,eddd239d-d75a-43d3-8e2f-95057d441ea6,SELLER,00Buy@0,_SystemAgent,BuyCheapSellExpensiveAgent,30,3,10,3,-1,-1,00Buy@0|SELLER,[],SELLER,00Buy@0,p0,SELLER,True,0,0,30,,-1,-1
507,3e8040ee-0ac6-40f7-a038-b394eee8d0d1,SELLER,01Ran@0,_SystemAgent,RandomAgent,30,1,10,3,-1,-1,01Ran@0|SELLER,[],SELLER,01Ran@0,p0,SELLER,False,0,0,30,,-1,-1
508,f00baf4c-21a2-4b3c-bf04-630a8e4bc502,SELLER,01Ran@0,_SystemAgent,RandomAgent,30,1,10,3,-1,-1,01Ran@0|SELLER,[],SELLER,01Ran@0,p0,SELLER,True,0,0,30,,-1,-1
509,ae7110f7-37cf-4af4-8c45-bc9259158e0c,SELLER,01Ran@0,_SystemAgent,RandomAgent,30,3,10,3,-1,-1,01Ran@0|SELLER,[],SELLER,01Ran@0,p0,SELLER,True,0,0,30,,-1,-1
510,638501dc-3ddd-447e-ad3e-100b76162347,SELLER,01Ran@0,_SystemAgent,RandomAgent,30,1,10,3,-1,-1,01Ran@0|SELLER,[],SELLER,01Ran@0,p0,SELLER,False,0,0,30,,-1,-1
511,08168bc1-7d8c-4004-83ad-8f1cab16b885,SELLER,00Buy@0,_SystemAgent,BuyCheapSellExpensiveAgent,30,4,10,3,-1,-1,00Buy@0|SELLER,[],SELLER,00Buy@0,p0,SELLER,False,0,0,30,,-1,-1
512,d12577dc-5085-4c60-9448-1cea64d4372d,02Dec@1,05Ind@2,DecentralizingAgent,IndDecentralizingAgent,10,5,41,3,-1,3,02Dec@1|05Ind@2,"[quantity: (1, 5), time: (5, 10), unit_price: (27, 54)]",02Dec@1,05Ind@2,p2,02Dec@1,False,2,17,10,,-1,-1
513,f0afa19a-b086-4e1b-bb5a-60a8ce7b77b0,SELLER,01Ran@0,_SystemAgent,RandomAgent,30,1,10,3,-1,-1,01Ran@0|SELLER,[],SELLER,01Ran@0,p0,SELLER,True,0,0,30,,-1,-1
514,3cd7dfd5-7227-491a-95f2-51a7f9c54277,SELLER,01Ran@0,_SystemAgent,RandomAgent,30,4,10,3,-1,-1,01Ran@0|SELLER,[],SELLER,01Ran@0,p0,SELLER,True,0,0,30,,-1,-1
515,ce6bcef0-dff6-489c-9460-e936af20894a,SELLER,00Buy@0,_SystemAgent,BuyCheapSellExpensiveAgent,31,2,10,4,-1,-1,00Buy@0|SELLER,[],SELLER,00Buy@0,p0,SELLER,True,0,0,31,,-1,-1
516,156ff897-4580-4af3-ac15-09e6cd0e1422,00Buy@0,02Dec@1,BuyCheapSellExpensiveAgent,DecentralizingAgent,6,5,10,4,-1,4,02Dec@1|00Buy@0,"[quantity: (1, 5), time: (4, 8), unit_price: (1, 18)]",00Buy@0,02Dec@1,p1,02Dec@1,True,1,17,-1,00Buy@0:product(1.0),-1,-1
517,0112a6ec-a2b0-4da8-9b58-079b2a9fd4d2,SELLER,01Ran@0,_SystemAgent,RandomAgent,31,1,10,4,-1,-1,01Ran@0|SELLER,[],SELLER,01Ran@0,p0,SELLER,False,0,0,31,,-1,-1
518,3c7347e5-e827-41cb-a711-bd0aaa7cd13e,SELLER,01Ran@0,_SystemAgent,RandomAgent,31,5,10,4,-1,-1,01Ran@0|SELLER,[],SELLER,01Ran@0,p0,SELLER,False,0,0,31,,-1,-1
519,385dda70-2166-42b6-abed-aef615df9baf,01Ran@0,02Dec@1,RandomAgent,DecentralizingAgent,5,2,1,4,-1,4,02Dec@1|01Ran@0,"[quantity: (1, 5), time: (4, 8), unit_price: (1, 18)]",01Ran@0,02Dec@1,p1,02Dec@1,True,1,10,-1,01Ran@0:product(1.0),-1,-1
520,b789399f-50da-4e10-b6ba-942811431d66,SELLER,00Buy@0,_SystemAgent,BuyCheapSellExpensiveAgent,31,2,10,4,-1,-1,00Buy@0|SELLER,[],SELLER,00Buy@0,p0,SELLER,False,0,0,31,,-1,-1
521,a62bc901-aa9f-4798-ac30-6ec84d2e3dbe,SELLER,01Ran@0,_SystemAgent,RandomAgent,31,1,10,4,-1,-1,01Ran@0|SELLER,[],SELLER,01Ran@0,p0,SELLER,True,0,0,31,,-1,-1
522,49bb94e3-b8b8-4ebd-b9ec-061f4f17d800,SELLER,00Buy@0,_SystemAgent,BuyCheapSellExpensiveAgent,31,4,10,4,-1,-1,00Buy@0|SELLER,[],SELLER,00Buy@0,p0,SELLER,False,0,0,31,,-1,-1
523,db9ef38a-0b61-4e09-8817-cbf725fae755,SELLER,00Buy@0,_SystemAgent,BuyCheapSellExpensiveAgent,31,1,10,4,-1,-1,00Buy@0|SELLER,[],SELLER,00Buy@0,p0,SELLER,True,0,0,31,,-1,-1
524,6f142606-78a5-424a-bd0d-9decc1560bf0,SELLER,00Buy@0,_SystemAgent,BuyCheapSellExpensiveAgent,31,1,10,4,-1,-1,00Buy@0|SELLER,[],SELLER,00Buy@0,p0,SELLER,False,0,0,31,,-1,-1
525,c3bf2d66-95e2-483e-bb0b-c8cbaac3284e,SELLER,00Buy@0,_SystemAgent,BuyCheapSellExpensiveAgent,31,1,10,4,-1,-1,00Buy@0|SELLER,[],SELLER,00Buy@0,p0,SELLER,False,0,0,31,,-1,-1
526,73416c38-e51b-4d8c-a582-487cbaf11e51,01Ran@0,03Dec@1,RandomAgent,DecentralizingAgent,8,4,2,4,-1,4,03Dec@1|01Ran@0,"[quantity: (1, 5), time: (4, 8), unit_price: (1, 18)]",01Ran@0,03Dec@1,p1,03Dec@1,True,1,11,-1,01Ran@0:product(1.0),-1,-1
527,fca54959-7f56-4ff5-96e2-0533bb991431,SELLER,00Buy@0,_SystemAgent,BuyCheapSellExpensiveAgent,31,2,10,4,-1,-1,00Buy@0|SELLER,[],SELLER,00Buy@0,p0,SELLER,False,0,0,31,,-1,-1
528,6c1be737-6004-4732-8e34-fd99885a28bb,00Buy@0,03Dec@1,BuyCheapSellExpensiveAgent,DecentralizingAgent,6,5,10,4,-1,4,03Dec@1|00Buy@0,"[quantity: (1, 5), time: (4, 8), unit_price: (1, 18)]",00Buy@0,03Dec@1,p1,03Dec@1,True,1,17,-1,00Buy@0:product(1.0),-1,-1
529,db89ea52-ac50-4fdd-b09d-eb5de1ef951b,SELLER,01Ran@0,_SystemAgent,RandomAgent,32,1,10,5,-1,-1,01Ran@0|SELLER,[],SELLER,01Ran@0,p0,SELLER,True,0,0,32,,-1,-1
530,7e84d5c3-dd77-4497-914b-f1fa8aaa4a45,SELLER,00Buy@0,_SystemAgent,BuyCheapSellExpensiveAgent,32,3,10,5,-1,-1,00Buy@0|SELLER,[],SELLER,00Buy@0,p0,SELLER,True,0,0,32,,-1,-1
531,62f78e3e-855c-4b20-a1f8-9d7c457681a6,SELLER,01Ran@0,_SystemAgent,RandomAgent,32,3,10,5,-1,-1,01Ran@0|SELLER,[],SELLER,01Ran@0,p0,SELLER,False,0,0,32,,-1,-1
532,25d2cef5-e013-4a1a-842f-46811146968a,SELLER,00Buy@0,_SystemAgent,BuyCheapSellExpensiveAgent,32,3,10,5,-1,-1,00Buy@0|SELLER,[],SELLER,00Buy@0,p0,SELLER,False,0,0,32,,-1,-1
533,98857cc7-ddce-4152-ad6e-03bced38dbc5,SELLER,01Ran@0,_SystemAgent,RandomAgent,32,1,10,5,-1,-1,01Ran@0|SELLER,[],SELLER,01Ran@0,p0,SELLER,True,0,0,32,,-1,-1
534,ffe28602-7275-4f46-8220-405098cc340d,03Dec@1,05Ind@2,DecentralizingAgent,IndDecentralizingAgent,14,5,41,5,-1,5,03Dec@1|05Ind@2,"[quantity: (1, 5), time: (9, 14), unit_price: (27, 54)]",03Dec@1,05Ind@2,p2,03Dec@1,False,2,17,14,,-1,-1
535,12170427-048e-48cf-9de8-a9c2841219ef,SELLER,01Ran@0,_SystemAgent,RandomAgent,32,3,10,5,-1,-1,01Ran@0|SELLER,[],SELLER,01Ran@0,p0,SELLER,True,0,0,32,,-1,-1
536,86ac481f-9460-41ee-abda-57bff38d98c2,00Buy@0,03Dec@1,BuyCheapSellExpensiveAgent,DecentralizingAgent,7,5,9,5,-1,5,03Dec@1|00Buy@0,"[quantity: (1, 5), time: (5, 9), unit_price: (1, 18)]",00Buy@0,03Dec@1,p1,03Dec@1,True,1,17,-1,00Buy@0:product(1.0),-1,-1
537,3640af0a-3e06-48cc-b970-3e6c3ae0076b,01Ran@0,03Dec@1,RandomAgent,DecentralizingAgent,7,4,2,5,-1,5,03Dec@1|01Ran@0,"[quantity: (1, 5), time: (5, 9), unit_price: (1, 18)]",01Ran@0,03Dec@1,p1,03Dec@1,True,1,12,-1,01Ran@0:product(1.0),-1,-1
538,786b0381-7113-4927-95a5-f132fef2bedc,SELLER,01Ran@0,_SystemAgent,RandomAgent,32,1,10,5,-1,-1,01Ran@0|SELLER,[],SELLER,01Ran@0,p0,SELLER,False,0,0,32,,-1,-1
539,d0d8c5da-9888-4ff9-87ba-17703f678efa,SELLER,01Ran@0,_SystemAgent,RandomAgent,32,1,10,5,-1,-1,01Ran@0|SELLER,[],SELLER,01Ran@0,p0,SELLER,True,0,0,32,,-1,-1
540,82218cf0-df78-4860-a4d7-a05ec263f5cc,SELLER,01Ran@0,_SystemAgent,RandomAgent,32,2,10,5,-1,-1,01Ran@0|SELLER,[],SELLER,01Ran@0,p0,SELLER,False,0,0,32,,-1,-1
541,e93bbbe8-5aeb-43ee-b77a-cc8e7ab72d64,SELLER,00Buy@0,_SystemAgent,BuyCheapSellExpensiveAgent,32,1,10,5,-1,-1,00Buy@0|SELLER,[],SELLER,00Buy@0,p0,SELLER,True,0,0,32,,-1,-1
542,ad509390-9b19-4b47-af8f-6fbb31651e86,SELLER,01Ran@0,_SystemAgent,RandomAgent,32,1,10,5,-1,-1,01Ran@0|SELLER,[],SELLER,01Ran@0,p0,SELLER,True,0,0,32,,-1,-1
543,3ae7917e-0a7f-4bcd-871d-2e288b51a41a,03Dec@1,05Ind@2,DecentralizingAgent,IndDecentralizingAgent,15,5,41,5,-1,5,03Dec@1|05Ind@2,"[quantity: (1, 5), time: (10, 15), unit_price: (27, 54)]",03Dec@1,05Ind@2,p2,03Dec@1,False,2,17,15,,-1,-1
544,3957238c-e525-4479-9bb8-dd4678d4f352,01Ran@0,02Dec@1,RandomAgent,DecentralizingAgent,7,5,2,5,-1,5,02Dec@1|01Ran@0,"[quantity: (1, 5), time: (5, 9), unit_price: (1, 18)]",01Ran@0,02Dec@1,p1,02Dec@1,True,1,15,-1,01Ran@0:product(1.0),-1,-1
545,543cad00-2563-4df8-95ed-08719bf571c0,03Dec@1,05Ind@2,DecentralizingAgent,IndDecentralizingAgent,11,5,40,6,-1,6,03Dec@1|05Ind@2,"[quantity: (1, 5), time: (11, 16), unit_price: (27, 54)]",03Dec@1,05Ind@2,p2,03Dec@1,False,2,17,11,,-1,-1
546,259b27e5-d071-416c-ba5b-2179bcb01f35,SELLER,01Ran@0,_SystemAgent,RandomAgent,33,3,10,6,-1,-1,01Ran@0|SELLER,[],SELLER,01Ran@0,p0,SELLER,False,0,0,33,,-1,-1
547,497826b0-79f4-469d-a882-52acffae1375,SELLER,00Buy@0,_SystemAgent,BuyCheapSellExpensiveAgent,33,3,10,6,-1,-1,00Buy@0|SELLER,[],SELLER,00Buy@0,p0,SELLER,True,0,0,33,,-1,-1
548,0b61c7ea-56a7-4753-93f3-5b913b1127c8,SELLER,00Buy@0,_SystemAgent,BuyCheapSellExpensiveAgent,33,2,10,6,-1,-1,00Buy@0|SELLER,[],SELLER,00Buy@0,p0,SELLER,False,0,0,33,,-1,-1
549,100e5592-6ef1-4339-addb-8f5421100b6d,SELLER,01Ran@0,_SystemAgent,RandomAgent,33,1,10,6,-1,-1,01Ran@0|SELLER,[],SELLER,01Ran@0,p0,SELLER,False,0,0,33,,-1,-1
550,fedd8ebb-2154-41ae-a1d4-61ccdfd93bd9,00Buy@0,02Dec@1,BuyCheapSellExpensiveAgent,DecentralizingAgent,7,5,9,6,-1,6,02Dec@1|00Buy@0,"[quantity: (1, 5), time: (6, 9), unit_price: (1, 18)]",00Buy@0,02Dec@1,p1,02Dec@1,True,1,17,-1,00Buy@0:product(1.0),-1,-1
551,48f2e14c-d871-4a78-845a-bd7903321215,SELLER,01Ran@0,_SystemAgent,RandomAgent,33,1,10,6,-1,-1,01Ran@0|SELLER,[],SELLER,01Ran@0,p0,SELLER,True,0,0,33,,-1,-1
552,0baf461a-a421-4c56-a7e8-749ed7531d19,SELLER,01Ran@0,_SystemAgent,RandomAgent,33,1,10,6,-1,-1,01Ran@0|SELLER,[],SELLER,01Ran@0,p0,SELLER,True,0,0,33,,-1,-1
553,397b671f-a0c2-4988-80d8-95205a1887c3,01Ran@0,02Dec@1,RandomAgent,DecentralizingAgent,8,9,3,6,-1,6,02Dec@1|01Ran@0,"[quantity: (1, 10), time: (6, 10), unit_price: (1, 18)]",01Ran@0,02Dec@1,p1,02Dec@1,True,1,14,-1,01Ran@0:product(1.0),-1,-1
554,edfaacf9-01d4-462f-b535-a046d2aebae4,SELLER,00Buy@0,_SystemAgent,BuyCheapSellExpensiveAgent,33,1,10,6,-1,-1,00Buy@0|SELLER,[],SELLER,00Buy@0,p0,SELLER,True,0,0,33,,-1,-1
555,bd80c0d0-9362-4150-bf11-5ec42866b145,01Ran@0,02Dec@1,RandomAgent,DecentralizingAgent,9,1,1,6,-1,6,02Dec@1|01Ran@0,"[quantity: (1, 5), time: (6, 9), unit_price: (1, 18)]",01Ran@0,02Dec@1,p1,02Dec@1,True,1,9,-1,01Ran@0:product(1.0),-1,-1
556,a002647c-0c68-4d2a-b434-66f7543c1905,SELLER,01Ran@0,_SystemAgent,RandomAgent,33,2,10,6,-1,-1,01Ran@0|SELLER,[],SELLER,01Ran@0,p0,SELLER,True,0,0,33,,-1,-1
557,c8b64807-c2d3-4600-ab9c-ba4c56e1890a,01Ran@0,03Dec@1,RandomAgent,DecentralizingAgent,10,5,3,6,-1,6,03Dec@1|01Ran@0,"[quantity: (1, 9), time: (6, 10), unit_price: (1, 18)]",01Ran@0,03Dec@1,p1,03Dec@1,True,1,14,-1,01Ran@0:product(1.0),-1,-1
558,fb6dcf44-7121-4ccb-82aa-447e1faac215,SELLER,00Buy@0,_SystemAgent,BuyCheapSellExpensiveAgent,33,1,10,6,-1,-1,00Buy@0|SELLER,[],SELLER,00Buy@0,p0,SELLER,False,0,0,33,,-1,-1
559,eadd2acc-20c6-4982-9813-2c7613c6339b,SELLER,00Buy@0,_SystemAgent,BuyCheapSellExpensiveAgent,33,1,10,6,-1,-1,00Buy@0|SELLER,[],SELLER,00Buy@0,p0,SELLER,True,0,0,33,,-1,-1
560,a0d15961-3ba4-4f51-a073-e4eaea179de4,SELLER,00Buy@0,_SystemAgent,BuyCheapSellExpensiveAgent,33,2,10,6,-1,-1,00Buy@0|SELLER,[],SELLER,00Buy@0,p0,SELLER,False,0,0,33,,-1,-1
561,1b90d070-27a7-45cd-a7a3-3da213670f44,SELLER,01Ran@0,_SystemAgent,RandomAgent,33,1,10,6,-1,-1,01Ran@0|SELLER,[],SELLER,01Ran@0,p0,SELLER,True,0,0,33,,-1,-1
562,7ee2347b-ebe9-481c-850f-147d9995146f,SELLER,01Ran@0,_SystemAgent,RandomAgent,33,1,10,6,-1,-1,01Ran@0|SELLER,[],SELLER,01Ran@0,p0,SELLER,False,0,0,33,,-1,-1
563,810a0535-dc27-494b-b70b-48d9403c5497,SELLER,00Buy@0,_SystemAgent,BuyCheapSellExpensiveAgent,34,4,10,7,-1,-1,00Buy@0|SELLER,[],SELLER,00Buy@0,p0,SELLER,False,0,0,34,,-1,-1
564,f1c67636-4c34-4853-a2e3-85e56715669f,01Ran@0,02Dec@1,RandomAgent,DecentralizingAgent,8,4,1,7,-1,7,02Dec@1|01Ran@0,"[quantity: (1, 5), time: (7, 11), unit_price: (1, 18)]",01Ran@0,02Dec@1,p1,02Dec@1,True,1,12,-1,01Ran@0:product(1.0),-1,-1
565,9fb2d4ee-9c00-40bd-8d11-abc417d6fdd1,03Dec@1,05Ind@2,DecentralizingAgent,IndDecentralizingAgent,9,5,40,7,-1,7,03Dec@1|05Ind@2,"[quantity: (1, 5), time: (9, 14), unit_price: (27, 54)]",03Dec@1,05Ind@2,p2,03Dec@1,False,2,17,9,,-1,-1
566,47884404-d16e-4d2d-a872-fab3b1709fde,SELLER,00Buy@0,_SystemAgent,BuyCheapSellExpensiveAgent,34,2,10,7,-1,-1,00Buy@0|SELLER,[],SELLER,00Buy@0,p0,SELLER,False,0,0,34,,-1,-1
567,1adb1cc2-d335-4e02-9464-b682f295e115,SELLER,01Ran@0,_SystemAgent,RandomAgent,34,2,10,7,-1,-1,01Ran@0|SELLER,[],SELLER,01Ran@0,p0,SELLER,True,0,0,34,,-1,-1
568,287851e8-6c7b-41f0-8a7b-6bea1287254a,SELLER,01Ran@0,_SystemAgent,RandomAgent,34,1,10,7,-1,-1,01Ran@0|SELLER,[],SELLER,01Ran@0,p0,SELLER,True,0,0,34,,-1,-1
569,614c312c-140d-47ac-b2c6-42b1de4ebd0c,03Dec@1,05Ind@2,DecentralizingAgent,IndDecentralizingAgent,15,5,41,7,-1,7,03Dec@1|05Ind@2,"[quantity: (1, 5), time: (10, 15), unit_price: (27, 54)]",03Dec@1,05Ind@2,p2,03Dec@1,False,2,17,15,,-1,-1
570,a0f4f1de-1422-4535-b7fb-9967e3d5c7e9,SELLER,01Ran@0,_SystemAgent,RandomAgent,34,2,10,7,-1,-1,01Ran@0|SELLER,[],SELLER,01Ran@0,p0,SELLER,True,0,0,34,,-1,-1
571,8544899a-5d72-4d84-9c26-eee44276c9da,SELLER,01Ran@0,_SystemAgent,RandomAgent,34,2,10,7,-1,-1,01Ran@0|SELLER,[],SELLER,01Ran@0,p0,SELLER,True,0,0,34,,-1,-1
572,9eab2a16-e376-4b99-a909-ad910cded062,SELLER,00Buy@0,_SystemAgent,BuyCheapSellExpensiveAgent,34,2,10,7,-1,-1,00Buy@0|SELLER,[],SELLER,00Buy@0,p0,SELLER,False,0,0,34,,-1,-1
573,1c11fda0-4572-4f97-bb83-55991c2024f1,01Ran@0,03Dec@1,RandomAgent,DecentralizingAgent,9,5,3,7,-1,7,03Dec@1|01Ran@0,"[quantity: (1, 5), time: (7, 11), unit_price: (1, 18)]",01Ran@0,03Dec@1,p1,03Dec@1,True,1,15,-1,01Ran@0:product(1.0),-1,-1
574,637b9a5d-2775-4ec9-936e-3d4a897851ff,SELLER,01Ran@0,_SystemAgent,RandomAgent,34,2,10,7,-1,-1,01Ran@0|SELLER,[],SELLER,01Ran@0,p0,SELLER,False,0,0,34,,-1,-1
575,b5b695ad-01d3-424c-b2a8-ba165b0dbbab,03Dec@1,05Ind@2,DecentralizingAgent,IndDecentralizingAgent,16,5,41,7,-1,7,03Dec@1|05Ind@2,"[quantity: (1, 5), time: (11, 16), unit_price: (27, 54)]",03Dec@1,05Ind@2,p2,03Dec@1,False,2,17,16,,-1,-1
576,4b2428a6-374b-408d-9bbf-6c015ac8539b,00Buy@0,02Dec@1,BuyCheapSellExpensiveAgent,DecentralizingAgent,9,5,10,7,-1,7,02Dec@1|00Buy@0,"[quantity: (1, 5), time: (7, 11), unit_price: (1, 18)]",00Buy@0,02Dec@1,p1,02Dec@1,True,1,17,-1,00Buy@0:product(1.0),-1,-1
577,01710661-d9a4-4a45-9c79-811941ca212f,SELLER,00Buy@0,_SystemAgent,BuyCheapSellExpensiveAgent,34,1,10,7,-1,-1,00Buy@0|SELLER,[],SELLER,00Buy@0,p0,SELLER,True,0,0,34,,-1,-1
578,7c61e4df-a9b1-4eab-a238-c2756647f7db,SELLER,00Buy@0,_SystemAgent,BuyCheapSellExpensiveAgent,34,2,10,7,-1,-1,00Buy@0|SELLER,[],SELLER,00Buy@0,p0,SELLER,False,0,0,34,,-1,-1
579,9575f78f-e771-4c43-96ee-141c3d89046d,03Dec@1,05Ind@2,DecentralizingAgent,IndDecentralizingAgent,13,5,41,7,-1,7,03Dec@1|05Ind@2,"[quantity: (1, 5), time: (8, 13), unit_price: (27, 54)]",03Dec@1,05Ind@2,p2,03Dec@1,False,2,17,13,,-1,-1
580,e88a7302-4a69-455f-b446-088d96db75b1,00Buy@0,02Dec@1,BuyCheapSellExpensiveAgent,DecentralizingAgent,10,5,10,8,-1,8,02Dec@1|00Buy@0,"[quantity: (1, 5), time: (8, 12), unit_price: (1, 18)]",00Buy@0,02Dec@1,p1,02Dec@1,True,1,17,-1,00Buy@0:product(1.0),-1,-1
581,29516507-e816-48c7-9c43-f2bb88e884f0,SELLER,00Buy@0,_SystemAgent,BuyCheapSellExpensiveAgent,35,1,10,8,-1,-1,00Buy@0|SELLER,[],SELLER,00Buy@0,p0,SELLER,False,0,0,35,,-1,-1
582,403dc651-fbd4-4ad0-ae72-f88a8dc2e737,SELLER,00Buy@0,_SystemAgent,BuyCheapSellExpensiveAgent,35,2,10,8,-1,-1,00Buy@0|SELLER,[],SELLER,00Buy@0,p0,SELLER,False,0,0,35,,-1,-1
583,2fc3a327-40e5-49d4-bb6f-c6fd364643ca,SELLER,00Buy@0,_SystemAgent,BuyCheapSellExpensiveAgent,35,1,10,8,-1,-1,00Buy@0|SELLER,[],SELLER,00Buy@0,p0,SELLER,True,0,0,35,,-1,-1
584,fe2c8675-270d-4fa9-9249-ee04f1739ab9,SELLER,00Buy@0,_SystemAgent,BuyCheapSellExpensiveAgent,35,6,10,8,-1,-1,00Buy@0|SELLER,[],SELLER,00Buy@0,p0,SELLER,False,0,0,35,,-1,-1
585,6c6cd46e-e611-462c-b259-93c30fb2d6a9,SELLER,01Ran@0,_SystemAgent,RandomAgent,35,1,10,8,-1,-1,01Ran@0|SELLER,[],SELLER,01Ran@0,p0,SELLER,True,0,0,35,,-1,-1
586,e2830cb0-1953-4ef6-9622-53e8472b017b,SELLER,01Ran@0,_SystemAgent,RandomAgent,35,2,10,8,-1,-1,01Ran@0|SELLER,[],SELLER,01Ran@0,p0,SELLER,True,0,0,35,,-1,-1
587,dcd1b4d5-7438-4253-a78f-db2b18ce15fb,01Ran@0,02Dec@1,RandomAgent,DecentralizingAgent,12,2,2,8,-1,8,02Dec@1|01Ran@0,"[quantity: (1, 5), time: (8, 12), unit_price: (1, 18)]",01Ran@0,02Dec@1,p1,02Dec@1,True,1,13,-1,01Ran@0:product(1.0),-1,-1
588,f8ad47fd-b212-4fd0-b941-e21f75bd61f5,SELLER,01Ran@0,_SystemAgent,RandomAgent,35,3,10,8,-1,-1,01Ran@0|SELLER,[],SELLER,01Ran@0,p0,SELLER,False,0,0,35,,-1,-1
589,247885a8-2a9f-4019-a11d-4a9b40ef4957,00Buy@0,03Dec@1,BuyCheapSellExpensiveAgent,DecentralizingAgent,10,5,10,8,-1,8,03Dec@1|00Buy@0,"[quantity: (1, 5), time: (8, 11), unit_price: (1, 18)]",00Buy@0,03Dec@1,p1,03Dec@1,True,1,17,-1,00Buy@0:product(1.0),-1,-1
590,73406f20-3a73-4bc2-8a02-e6ee38e600ad,SELLER,01Ran@0,_SystemAgent,RandomAgent,35,1,10,8,-1,-1,01Ran@0|SELLER,[],SELLER,01Ran@0,p0,SELLER,True,0,0,35,,-1,-1
591,75126b8d-2088-4787-8abd-bf314a34c531,01Ran@0,03Dec@1,RandomAgent,DecentralizingAgent,9,1,2,8,-1,8,03Dec@1|01Ran@0,"[quantity: (1, 5), time: (8, 11), unit_price: (1, 18)]",01Ran@0,03Dec@1,p1,03Dec@1,True,1,11,-1,01Ran@0:product(1.0),-1,-1
592,04a04cce-972d-4dbd-b3f1-ca2e3ee346e8,SELLER,01Ran@0,_SystemAgent,RandomAgent,35,1,10,8,-1,-1,01Ran@0|SELLER,[],SELLER,01Ran@0,p0,SELLER,True,0,0,35,,-1,-1
593,7823a365-dace-4d5b-aaac-e50acd49ae47,SELLER,01Ran@0,_SystemAgent,RandomAgent,35,2,10,8,-1,-1,01Ran@0|SELLER,[],SELLER,01Ran@0,p0,SELLER,False,0,0,35,,-1,-1
594,024560d9-d61d-44b0-ae19-17cd170936c7,SELLER,01Ran@0,_SystemAgent,RandomAgent,36,3,10,9,-1,-1,01Ran@0|SELLER,[],SELLER,01Ran@0,p0,SELLER,True,0,0,36,,-1,-1
595,54ba6ca7-b2dd-48c7-a1a8-32802d238c0e,00Buy@0,03Dec@1,BuyCheapSellExpensiveAgent,DecentralizingAgent,11,5,10,9,-1,9,03Dec@1|00Buy@0,"[quantity: (1, 5), time: (9, 12), unit_price: (1, 18)]",00Buy@0,03Dec@1,p1,03Dec@1,True,1,17,-1,00Buy@0:product(1.0),-1,-1
596,04df91ad-50aa-4b45-952c-a337d311747a,SELLER,00Buy@0,_SystemAgent,BuyCheapSellExpensiveAgent,36,2,10,9,-1,-1,00Buy@0|SELLER,[],SELLER,00Buy@0,p0,SELLER,True,0,0,36,,-1,-1
597,8c1988ca-5629-48de-bf69-ec451df27d24,01Ran@0,03Dec@1,RandomAgent,DecentralizingAgent,10,2,4,9,-1,9,03Dec@1|01Ran@0,"[quantity: (1, 5), time: (9, 12), unit_price: (1, 18)]",01Ran@0,03Dec@1,p1,03Dec@1,True,1,14,-1,01Ran@0:product(1.0),-1,-1
598,2aaec141-549b-42e0-92ae-196e02c275c3,SELLER,00Buy@0,_SystemAgent,BuyCheapSellExpensiveAgent,36,3,10,9,-1,-1,00Buy@0|SELLER,[],SELLER,00Buy@0,p0,SELLER,True,0,0,36,,-1,-1
599,54a80a0f-2bd7-4e89-8c3e-2e9b28b7238f,02Dec@1,05Ind@2,DecentralizingAgent,IndDecentralizingAgent,18,5,41,9,-1,9,02Dec@1|05Ind@2,"[quantity: (1, 5), time: (13, 18), unit_price: (27, 54)]",02Dec@1,05Ind@2,p2,02Dec@1,False,2,17,18,,-1,-1
600,bd4b1d46-cd84-4c9f-a676-cf9a279c7fb9,SELLER,00Buy@0,_SystemAgent,BuyCheapSellExpensiveAgent,36,4,10,9,-1,-1,00Buy@0|SELLER,[],SELLER,00Buy@0,p0,SELLER,False,0,0,36,,-1,-1
601,027a0d3c-0735-46ee-8bc6-9c8adc5bd483,01Ran@0,02Dec@1,RandomAgent,DecentralizingAgent,12,5,3,9,-1,9,02Dec@1|01Ran@0,"[quantity: (1, 5), time: (9, 13), unit_price: (1, 18)]",01Ran@0,02Dec@1,p1,02Dec@1,True,1,13,-1,01Ran@0:product(1.0),-1,-1
602,95fbe5d4-540c-46d4-aa3b-3a921eee6d91,SELLER,00Buy@0,_SystemAgent,BuyCheapSellExpensiveAgent,36,1,10,9,-1,-1,00Buy@0|SELLER,[],SELLER,00Buy@0,p0,SELLER,True,0,0,36,,-1,-1
603,6301669d-6083-4e6b-b151-b0debaa39f33,01Ran@0,03Dec@1,RandomAgent,DecentralizingAgent,10,4,1,9,-1,9,03Dec@1|01Ran@0,"[quantity: (1, 5), time: (9, 13), unit_price: (1, 18)]",01Ran@0,03Dec@1,p1,03Dec@1,True,1,12,-1,01Ran@0:product(1.0),-1,-1
604,e75a2652-c33f-4174-8003-dee5768fdb9d,SELLER,01Ran@0,_SystemAgent,RandomAgent,36,1,10,9,-1,-1,01Ran@0|SELLER,[],SELLER,01Ran@0,p0,SELLER,False,0,0,36,,-1,-1
605,640e37cb-ccc5-45aa-9710-93fa05845d82,SELLER,01Ran@0,_SystemAgent,RandomAgent,36,2,10,9,-1,-1,01Ran@0|SELLER,[],SELLER,01Ran@0,p0,SELLER,True,0,0,36,,-1,-1
606,5a57b98c-6f33-4f41-bc4e-3fe0432ce3b9,SELLER,01Ran@0,_SystemAgent,RandomAgent,36,4,10,9,-1,-1,01Ran@0|SELLER,[],SELLER,01Ran@0,p0,SELLER,False,0,0,36,,-1,-1
607,a03f871f-407b-42ae-a3f3-3f3ed16ef6eb,00Buy@0,03Dec@1,BuyCheapSellExpensiveAgent,DecentralizingAgent,11,5,10,9,-1,9,03Dec@1|00Buy@0,"[quantity: (1, 5), time: (9, 13), unit_price: (1, 18)]",00Buy@0,03Dec@1,p1,03Dec@1,True,1,17,-1,00Buy@0:product(1.0),-1,-1
608,6c3cb73f-ba62-4602-9e34-5ae51c78dc1c,SELLER,01Ran@0,_SystemAgent,RandomAgent,37,1,10,10,-1,-1,01Ran@0|SELLER,[],SELLER,01Ran@0,p0,SELLER,True,0,0,37,,-1,-1
609,fc9da514-7eb3-491e-b90b-07d7b0eed21d,01Ran@0,02Dec@1,RandomAgent,DecentralizingAgent,11,5,2,10,-1,10,02Dec@1|01Ran@0,"[quantity: (1, 5), time: (10, 13), unit_price: (1, 18)]",01Ran@0,02Dec@1,p1,02Dec@1,True,1,11,-1,01Ran@0:product(1.0),-1,-1
610,a7cc9cf4-20d6-417a-b276-23608d08102d,01Ran@0,02Dec@1,RandomAgent,DecentralizingAgent,12,5,8,10,-1,10,02Dec@1|01Ran@0,"[quantity: (1, 5), time: (10, 14), unit_price: (1, 18)]",01Ran@0,02Dec@1,p1,02Dec@1,True,1,17,-1,01Ran@0:product(1.0),-1,-1
611,0587a61c-6670-40aa-9b39-f7b6e9b8a2a6,SELLER,00Buy@0,_SystemAgent,BuyCheapSellExpensiveAgent,37,3,10,10,-1,-1,00Buy@0|SELLER,[],SELLER,00Buy@0,p0,SELLER,False,0,0,37,,-1,-1
612,89974b50-dbde-40a4-b859-cdaf95102549,SELLER,00Buy@0,_SystemAgent,BuyCheapSellExpensiveAgent,37,3,10,10,-1,-1,00Buy@0|SELLER,[],SELLER,00Buy@0,p0,SELLER,False,0,0,37,,-1,-1
613,1e2efad8-bdf7-4207-8ac4-4389b960d317,SELLER,00Buy@0,_SystemAgent,BuyCheapSellExpensiveAgent,37,2,10,10,-1,-1,00Buy@0|SELLER,[],SELLER,00Buy@0,p0,SELLER,False,0,0,37,,-1,-1
614,8fa82a8e-897b-4c7f-a108-518a3ad51ef5,SELLER,00Buy@0,_SystemAgent,BuyCheapSellExpensiveAgent,37,2,10,10,-1,-1,00Buy@0|SELLER,[],SELLER,00Buy@0,p0,SELLER,False,0,0,37,,-1,-1
615,05d14e84-ef1b-494c-9840-ba3fee282e83,SELLER,01Ran@0,_SystemAgent,RandomAgent,37,1,10,10,-1,-1,01Ran@0|SELLER,[],SELLER,01Ran@0,p0,SELLER,False,0,0,37,,-1,-1
616,caef8ce1-b653-4967-ad7f-da96c8c714a0,SELLER,00Buy@0,_SystemAgent,BuyCheapSellExpensiveAgent,37,1,10,10,-1,-1,00Buy@0|SELLER,[],SELLER,00Buy@0,p0,SELLER,False,0,0,37,,-1,-1
617,7d39eb76-8d11-4503-9ba1-84aecfe0262e,02Dec@1,05Ind@2,DecentralizingAgent,IndDecentralizingAgent,19,5,41,10,-1,10,02Dec@1|05Ind@2,"[quantity: (1, 5), time: (14, 19), unit_price: (27, 54)]",02Dec@1,05Ind@2,p2,02Dec@1,False,2,17,19,,-1,-1
618,36d50912-84b0-4754-b0e6-37af58a8b4c1,SELLER,01Ran@0,_SystemAgent,RandomAgent,37,2,10,10,-1,-1,01Ran@0|SELLER,[],SELLER,01Ran@0,p0,SELLER,True,0,0,37,,-1,-1
619,2c8a507c-7f18-4b22-8e07-94e6b0661b61,SELLER,01Ran@0,_SystemAgent,RandomAgent,37,1,10,10,-1,-1,01Ran@0|SELLER,[],SELLER,01Ran@0,p0,SELLER,True,0,0,37,,-1,-1
620,40471500-1072-4e9a-8964-e50a9efe3a8e,SELLER,01Ran@0,_SystemAgent,RandomAgent,37,2,10,10,-1,-1,01Ran@0|SELLER,[],SELLER,01Ran@0,p0,SELLER,False,0,0,37,,-1,-1
621,9d36d4f6-adff-4b21-95aa-88bd7a84db83,SELLER,00Buy@0,_SystemAgent,BuyCheapSellExpensiveAgent,37,2,10,10,-1,-1,00Buy@0|SELLER,[],SELLER,00Buy@0,p0,SELLER,False,0,0,37,,-1,-1
622,d023d5b9-c4aa-49be-9b1f-4a2377857a7b,01Ran@0,02Dec@1,RandomAgent,DecentralizingAgent,15,3,6,11,-1,11,02Dec@1|01Ran@0,"[quantity: (1, 5), time: (11, 15), unit_price: (1, 18)]",01Ran@0,02Dec@1,p1,02Dec@1,True,1,15,-1,01Ran@0:product(1.0),-1,-1
623,0a16a6d8-cbca-4cbc-909a-fac53b390527,SELLER,00Buy@0,_SystemAgent,BuyCheapSellExpensiveAgent,38,3,10,11,-1,-1,00Buy@0|SELLER,[],SELLER,00Buy@0,p0,SELLER,False,0,0,38,,-1,-1
624,a9078d79-3fab-40ac-827b-30c41d9e1555,05Ind@2,BUYER,IndDecentralizingAgent,_SystemAgent,38,1,41,11,-1,-1,BUYER|05Ind@2,[],05Ind@2,BUYER,p3,BUYER,True,3,0,38,,-1,-1
625,c6f2f3f3-bb68-4d44-8d79-44e0af1bb6b5,01Ran@0,02Dec@1,RandomAgent,DecentralizingAgent,12,2,2,11,-1,11,02Dec@1|01Ran@0,"[quantity: (1, 5), time: (11, 13), unit_price: (1, 18)]",01Ran@0,02Dec@1,p1,02Dec@1,True,1,12,-1,01Ran@0:product(1.0),-1,-1
626,040104d8-53b0-432b-aa98-baa57815d376,05Ind@2,BUYER,IndDecentralizingAgent,_SystemAgent,38,2,41,11,-1,-1,BUYER|05Ind@2,[],05Ind@2,BUYER,p3,BUYER,False,3,0,38,,-1,-1
627,edcf0004-607a-4536-a089-7f67364cff83,01Ran@0,03Dec@1,RandomAgent,DecentralizingAgent,14,6,3,11,-1,11,03Dec@1|01Ran@0,"[quantity: (1, 6), time: (11, 15), unit_price: (1, 18)]",01Ran@0,03Dec@1,p1,03Dec@1,True,1,13,-1,01Ran@0:product(1.0),-1,-1
628,15e10e4e-a344-4a2f-8e1e-9459179d63d7,SELLER,00Buy@0,_SystemAgent,BuyCheapSellExpensiveAgent,38,2,10,11,-1,-1,00Buy@0|SELLER,[],SELLER,00Buy@0,p0,SELLER,True,0,0,38,,-1,-1
629,af55722b-2545-4f8f-8ced-a584ee1f283e,SELLER,01Ran@0,_SystemAgent,RandomAgent,38,2,10,11,-1,-1,01Ran@0|SELLER,[],SELLER,01Ran@0,p0,SELLER,True,0,0,38,,-1,-1
630,6bcda08a-db1e-480b-9508-c46c47e0c818,SELLER,01Ran@0,_SystemAgent,RandomAgent,38,1,10,11,-1,-1,01Ran@0|SELLER,[],SELLER,01Ran@0,p0,SELLER,True,0,0,38,,-1,-1
631,9b525a0f-edf2-4cfa-8324-ed99efd4f597,05Ind@2,BUYER,IndDecentralizingAgent,_SystemAgent,38,2,41,11,-1,-1,BUYER|05Ind@2,[],05Ind@2,BUYER,p3,BUYER,True,3,0,38,,-1,-1
632,9bd19d10-cb1c-4161-9996-ff0d40b7cd65,SELLER,00Buy@0,_SystemAgent,BuyCheapSellExpensiveAgent,38,1,10,11,-1,-1,00Buy@0|SELLER,[],SELLER,00Buy@0,p0,SELLER,True,0,0,38,,-1,-1
633,a8c25d2e-4932-4517-a021-6d2ead5b7b59,05Ind@2,BUYER,IndDecentralizingAgent,_SystemAgent,38,1,41,11,-1,-1,BUYER|05Ind@2,[],05Ind@2,BUYER,p3,BUYER,False,3,0,38,,-1,-1
634,ee7138e6-734f-49e5-8d6b-f71fbc1966a5,00Buy@0,02Dec@1,BuyCheapSellExpensiveAgent,DecentralizingAgent,13,5,9,11,-1,11,02Dec@1|00Buy@0,"[quantity: (1, 5), time: (11, 15), unit_price: (1, 18)]",00Buy@0,02Dec@1,p1,02Dec@1,True,1,17,-1,00Buy@0:product(1.0),-1,-1
635,ba7ee926-8fe8-4efd-b5a9-9fbc5778cf8f,05Ind@2,BUYER,IndDecentralizingAgent,_SystemAgent,38,2,41,11,-1,-1,BUYER|05Ind@2,[],05Ind@2,BUYER,p3,BUYER,True,3,0,38,,-1,-1
636,9bfcaec7-3054-4750-a71b-78b8ecac2c77,SELLER,00Buy@0,_SystemAgent,BuyCheapSellExpensiveAgent,38,1,10,11,-1,-1,00Buy@0|SELLER,[],SELLER,00Buy@0,p0,SELLER,False,0,0,38,,-1,-1
637,500e8937-2e89-4fdf-9b2c-f42ff7b03f42,SELLER,01Ran@0,_SystemAgent,RandomAgent,38,2,10,11,-1,-1,01Ran@0|SELLER,[],SELLER,01Ran@0,p0,SELLER,True,0,0,38,,-1,-1
638,56cec636-6fb1-415b-a930-ad5b2db282e9,01Ran@0,03Dec@1,RandomAgent,DecentralizingAgent,14,1,1,11,-1,11,03Dec@1|01Ran@0,"[quantity: (1, 5), time: (11, 14), unit_price: (1, 18)]",01Ran@0,03Dec@1,p1,03Dec@1,True,1,10,-1,01Ran@0:product(1.0),-1,-1
639,c68881dc-d64c-40f4-9b01-8450ba624988,SELLER,00Buy@0,_SystemAgent,BuyCheapSellExpensiveAgent,38,1,10,11,-1,-1,00Buy@0|SELLER,[],SELLER,00Buy@0,p0,SELLER,True,0,0,38,,-1,-1
640,3d915f94-28b6-4c81-ae03-dff4c000e03c,00Buy@0,03Dec@1,BuyCheapSellExpensiveAgent,DecentralizingAgent,12,5,9,11,-1,11,03Dec@1|00Buy@0,"[quantity: (1, 5), time: (11, 14), unit_price: (1, 18)]",00Buy@0,03Dec@1,p1,03Dec@1,True,1,17,-1,00Buy@0:product(1.0),-1,-1
641,6f61a28f-2688-4b05-8a18-e4d0b749845a,00Buy@0,02Dec@1,BuyCheapSellExpensiveAgent,DecentralizingAgent,12,5,9,11,-1,11,02Dec@1|00Buy@0,"[quantity: (1, 5), time: (11, 14), unit_price: (1, 18)]",00Buy@0,02Dec@1,p1,02Dec@1,True,1,17,-1,00Buy@0:product(1.0),-1,-1
642,abc6c746-feeb-4012-837a-0cc3acf15951,01Ran@0,02Dec@1,RandomAgent,DecentralizingAgent,14,2,1,11,-1,11,02Dec@1|01Ran@0,"[quantity: (1, 5), time: (11, 14), unit_price: (1, 18)]",01Ran@0,02Dec@1,p1,02Dec@1,True,1,15,-1,01Ran@0:product(1.0),-1,-1
643,3dff1780-fa9a-4690-840e-3bc5c93c09b1,SELLER,01Ran@0,_SystemAgent,RandomAgent,38,3,10,11,-1,-1,01Ran@0|SELLER,[],SELLER,01Ran@0,p0,SELLER,True,0,0,38,,-1,-1
644,9422f11b-05c0-40e1-9bd5-f5572714f4c8,00Buy@0,02Dec@1,BuyCheapSellExpensiveAgent,DecentralizingAgent,12,5,10,11,-1,11,02Dec@1|00Buy@0,"[quantity: (1, 5), time: (11, 13), unit_price: (1, 18)]",00Buy@0,02Dec@1,p1,02Dec@1,True,1,17,-1,00Buy@0:product(1.0),-1,-1
645,30ae90ed-b537-4b6c-969d-4207141dbbfd,SELLER,00Buy@0,_SystemAgent,BuyCheapSellExpensiveAgent,38,2,10,11,-1,-1,00Buy@0|SELLER,[],SELLER,00Buy@0,p0,SELLER,False,0,0,38,,-1,-1
646,aff843d0-2041-4d0e-b949-5cd7e3d12e34,SELLER,00Buy@0,_SystemAgent,BuyCheapSellExpensiveAgent,38,2,10,11,-1,-1,00Buy@0|SELLER,[],SELLER,00Buy@0,p0,SELLER,True,0,0,38,,-1,-1
647,f85524c9-f1b5-4319-9589-1a136d730936,01Ran@0,02Dec@1,RandomAgent,DecentralizingAgent,13,4,1,12,-1,12,02Dec@1|01Ran@0,"[quantity: (1, 5), time: (12, 16), unit_price: (1, 18)]",01Ran@0,02Dec@1,p1,02Dec@1,True,1,10,-1,01Ran@0:product(1.0),-1,-1
648,37814003-8ecd-4d5e-b16e-7f3e4f98d2a8,SELLER,00Buy@0,_SystemAgent,BuyCheapSellExpensiveAgent,39,2,10,12,-1,-1,00Buy@0|SELLER,[],SELLER,00Buy@0,p0,SELLER,False,0,0,39,,-1,-1
649,758dbede-c292-4afe-8e36-2b22f8a3e9cd,00Buy@0,02Dec@1,BuyCheapSellExpensiveAgent,DecentralizingAgent,14,5,9,12,-1,12,02Dec@1|00Buy@0,"[quantity: (1, 5), time: (12, 16), unit_price: (1, 18)]",00Buy@0,02Dec@1,p1,02Dec@1,True,1,17,-1,00Buy@0:product(1.0),-1,-1
650,431a58e7-4059-4e0f-944b-e5e86d512ffe,SELLER,00Buy@0,_SystemAgent,BuyCheapSellExpensiveAgent,39,1,10,12,-1,-1,00Buy@0|SELLER,[],SELLER,00Buy@0,p0,SELLER,True,0,0,39,,-1,-1
651,adc0d64b-617a-426d-b00d-ba062f3c4548,SELLER,00Buy@0,_SystemAgent,BuyCheapSellExpensiveAgent,39,2,10,12,-1,-1,00Buy@0|SELLER,[],SELLER,00Buy@0,p0,SELLER,True,0,0,39,,-1,-1
652,77071f20-1f1c-42e4-b8fd-7beb07348b4f,02Dec@1,05Ind@2,DecentralizingAgent,IndDecentralizingAgent,18,5,41,12,-1,12,02Dec@1|05Ind@2,"[quantity: (1, 5), time: (13, 18), unit_price: (27, 54)]",02Dec@1,05Ind@2,p2,02Dec@1,False,2,17,18,,-1,-1
653,27ddc448-f864-4528-a222-aca861b7f4e3,SELLER,00Buy@0,_SystemAgent,BuyCheapSellExpensiveAgent,39,2,10,12,-1,-1,00Buy@0|SELLER,[],SELLER,00Buy@0,p0,SELLER,False,0,0,39,,-1,-1
654,d8ee74d5-dd74-4190-86ef-42254cb99760,SELLER,01Ran@0,_SystemAgent,RandomAgent,39,1,10,12,-1,-1,01Ran@0|SELLER,[],SELLER,01Ran@0,p0,SELLER,True,0,0,39,,-1,-1
655,ff6c10b4-9de0-4327-8e86-1ce68b5216e0,02Dec@1,05Ind@2,DecentralizingAgent,IndDecentralizingAgent,22,5,41,12,-1,12,02Dec@1|05Ind@2,"[quantity: (1, 5), time: (17, 22), unit_price: (27, 54)]",02Dec@1,05Ind@2,p2,02Dec@1,False,2,17,22,,-1,-1
656,27b8304e-687c-4c33-82a9-138b98c89f32,SELLER,01Ran@0,_SystemAgent,RandomAgent,39,1,10,12,-1,-1,01Ran@0|SELLER,[],SELLER,01Ran@0,p0,SELLER,False,0,0,39,,-1,-1
657,44d134e7-52b7-4ca6-9ec6-699732601746,SELLER,01Ran@0,_SystemAgent,RandomAgent,39,3,10,12,-1,-1,01Ran@0|SELLER,[],SELLER,01Ran@0,p0,SELLER,False,0,0,39,,-1,-1
658,8522fc1f-09ca-4d97-90c2-ac3df7f9a900,00Buy@0,03Dec@1,BuyCheapSellExpensiveAgent,DecentralizingAgent,13,6,9,12,-1,12,03Dec@1|00Buy@0,"[quantity: (1, 6), time: (12, 15), unit_price: (1, 18)]",00Buy@0,03Dec@1,p1,03Dec@1,True,1,17,-1,00Buy@0:product(1.0),-1,-1
659,38cebdfa-a328-4f73-b187-f18c92df42a5,SELLER,01Ran@0,_SystemAgent,RandomAgent,39,2,10,12,-1,-1,01Ran@0|SELLER,[],SELLER,01Ran@0,p0,SELLER,False,0,0,39,,-1,-1
660,1b499ce3-60c4-4072-a01e-01de53286baa,02Dec@1,05Ind@2,DecentralizingAgent,IndDecentralizingAgent,16,5,40,12,-1,12,02Dec@1|05Ind@2,"[quantity: (1, 5), time: (16, 21), unit_price: (27, 54)]",02Dec@1,05Ind@2,p2,02Dec@1,False,2,17,16,,-1,-1
661,f99dbeb1-dd06-444f-8d05-9e69ac39c2d9,SELLER,01Ran@0,_SystemAgent,RandomAgent,39,2,10,12,-1,-1,01Ran@0|SELLER,[],SELLER,01Ran@0,p0,SELLER,False,0,0,39,,-1,-1
662,f795609a-b5bb-49e0-bb91-921228900490,02Dec@1,05Ind@2,DecentralizingAgent,IndDecentralizingAgent,16,1,14,12,-1,12,05Ind@2|02Dec@1,"[quantity: (1, 5), time: (12, 16), unit_price: (1, 27)]",02Dec@1,05Ind@2,p2,05Ind@2,True,2,17,16,,-1,-1
663,9696c390-830d-40f1-bfe7-588fef8660c2,SELLER,00Buy@0,_SystemAgent,BuyCheapSellExpensiveAgent,39,3,10,12,-1,-1,00Buy@0|SELLER,[],SELLER,00Buy@0,p0,SELLER,True,0,0,39,,-1,-1
664,7fa994e3-c5a2-48ff-be05-9638181376e6,SELLER,01Ran@0,_SystemAgent,RandomAgent,39,1,10,12,-1,-1,01Ran@0|SELLER,[],SELLER,01Ran@0,p0,SELLER,True,0,0,39,,-1,-1
665,5a2436d6-9e2b-48b6-b7a4-e9b116fc0bc5,01Ran@0,03Dec@1,RandomAgent,DecentralizingAgent,13,5,2,12,-1,12,03Dec@1|01Ran@0,"[quantity: (1, 5), time: (12, 16), unit_price: (1, 18)]",01Ran@0,03Dec@1,p1,03Dec@1,True,1,11,-1,01Ran@0:product(1.0),-1,-1
666,0d8b6e47-9e1c-4640-81a7-b8668d38cef4,02Dec@1,05Ind@2,DecentralizingAgent,IndDecentralizingAgent,16,5,40,13,-1,13,02Dec@1|05Ind@2,"[quantity: (1, 5), time: (16, 21), unit_price: (27, 54)]",02Dec@1,05Ind@2,p2,02Dec@1,False,2,17,16,,-1,-1
667,ccb53668-6d33-47c5-95a2-86b10a55aa17,SELLER,01Ran@0,_SystemAgent,RandomAgent,40,2,10,13,-1,-1,01Ran@0|SELLER,[],SELLER,01Ran@0,p0,SELLER,False,0,0,40,,-1,-1
668,4a21af44-ecde-4522-80b9-c21cbff17f96,SELLER,00Buy@0,_SystemAgent,BuyCheapSellExpensiveAgent,40,1,10,13,-1,-1,00Buy@0|SELLER,[],SELLER,00Buy@0,p0,SELLER,False,0,0,40,,-1,-1
669,7cae441b-0d64-4f93-a68e-e615d1fd06dd,05Ind@2,BUYER,IndDecentralizingAgent,_SystemAgent,40,2,41,13,-1,-1,BUYER|05Ind@2,[],05Ind@2,BUYER,p3,BUYER,False,3,0,40,,-1,-1
670,7fc1828e-25b2-4e06-adae-869e90cfb044,05Ind@2,BUYER,IndDecentralizingAgent,_SystemAgent,40,3,41,13,-1,-1,BUYER|05Ind@2,[],05Ind@2,BUYER,p3,BUYER,False,3,0,40,,-1,-1
671,c11afbc8-cb81-4f4d-b11d-3275ba12daed,SELLER,00Buy@0,_SystemAgent,BuyCheapSellExpensiveAgent,40,2,10,13,-1,-1,00Buy@0|SELLER,[],SELLER,00Buy@0,p0,SELLER,False,0,0,40,,-1,-1
672,f0f7ae03-ad61-47ba-9f90-9e650edff98c,01Ran@0,02Dec@1,RandomAgent,DecentralizingAgent,17,3,6,13,-1,13,02Dec@1|01Ran@0,"[quantity: (1, 5), time: (13, 17), unit_price: (1, 18)]",01Ran@0,02Dec@1,p1,02Dec@1,True,1,15,-1,01Ran@0:product(1.0),-1,-1
673,6bc5aa34-d40f-4ea1-af71-fc3172c74a71,SELLER,00Buy@0,_SystemAgent,BuyCheapSellExpensiveAgent,40,2,10,13,-1,-1,00Buy@0|SELLER,[],SELLER,00Buy@0,p0,SELLER,False,0,0,40,,-1,-1
674,a0dd02ef-4edd-46a3-819b-262373ca9e13,SELLER,00Buy@0,_SystemAgent,BuyCheapSellExpensiveAgent,40,3,10,13,-1,-1,00Buy@0|SELLER,[],SELLER,00Buy@0,p0,SELLER,False,0,0,40,,-1,-1
675,0e2e288d-442c-495e-8ddd-13ce3093a857,SELLER,00Buy@0,_SystemAgent,BuyCheapSellExpensiveAgent,40,1,10,13,-1,-1,00Buy@0|SELLER,[],SELLER,00Buy@0,p0,SELLER,True,0,0,40,,-1,-1
676,669d7430-8bc7-40c6-ba13-9213c13f8e9c,00Buy@0,03Dec@1,BuyCheapSellExpensiveAgent,DecentralizingAgent,15,5,9,13,-1,13,03Dec@1|00Buy@0,"[quantity: (1, 5), time: (13, 17), unit_price: (1, 18)]",00Buy@0,03Dec@1,p1,03Dec@1,True,1,17,-1,00Buy@0:product(1.0),-1,-1
677,29790ea4-5a05-4179-bbb6-c4a3fa2af64f,SELLER,01Ran@0,_SystemAgent,RandomAgent,40,1,10,13,-1,-1,01Ran@0|SELLER,[],SELLER,01Ran@0,p0,SELLER,False,0,0,40,,-1,-1
678,53e5fbd4-4b5c-4c9a-b325-76433ead71e0,SELLER,01Ran@0,_SystemAgent,RandomAgent,40,4,10,13,-1,-1,01Ran@0|SELLER,[],SELLER,01Ran@0,p0,SELLER,True,0,0,40,,-1,-1
679,faba7661-8c84-431d-a321-8bf44960fc01,00Buy@0,02Dec@1,BuyCheapSellExpensiveAgent,DecentralizingAgent,15,5,9,13,-1,13,02Dec@1|00Buy@0,"[quantity: (1, 5), time: (13, 17), unit_price: (1, 18)]",00Buy@0,02Dec@1,p1,02Dec@1,True,1,17,-1,00Buy@0:product(1.0),-1,-1
680,784649d1-0308-4986-97b6-26f9eec7fb7c,SELLER,00Buy@0,_SystemAgent,BuyCheapSellExpensiveAgent,40,2,10,13,-1,-1,00Buy@0|SELLER,[],SELLER,00Buy@0,p0,SELLER,True,0,0,40,,-1,-1
681,98a4a914-101c-4ec3-a864-4a0360d5ce61,01Ran@0,03Dec@1,RandomAgent,DecentralizingAgent,17,3,2,13,-1,13,03Dec@1|01Ran@0,"[quantity: (1, 5), time: (13, 17), unit_price: (1, 18)]",01Ran@0,03Dec@1,p1,03Dec@1,True,1,11,-1,01Ran@0:product(1.0),-1,-1
682,06480a87-9a7d-4c9d-aaa0-95b5133972fc,05Ind@2,BUYER,IndDecentralizingAgent,_SystemAgent,40,1,41,13,-1,-1,BUYER|05Ind@2,[],05Ind@2,BUYER,p3,BUYER,True,3,0,40,,-1,-1
683,ce463e0f-74db-471c-9836-cb6a0ecebee7,01Ran@0,03Dec@1,RandomAgent,DecentralizingAgent,15,5,5,13,-1,13,03Dec@1|01Ran@0,"[quantity: (1, 5), time: (13, 16), unit_price: (1, 18)]",01Ran@0,03Dec@1,p1,03Dec@1,True,1,14,-1,01Ran@0:product(1.0),-1,-1
684,bc4c0aea-1022-43bb-a573-af4a4dcfd623,05Ind@2,BUYER,IndDecentralizingAgent,_SystemAgent,40,2,41,13,-1,-1,BUYER|05Ind@2,[],05Ind@2,BUYER,p3,BUYER,False,3,0,40,,-1,-1
685,3fe6310d-b5e1-4261-bad0-d298e0d0376a,SELLER,00Buy@0,_SystemAgent,BuyCheapSellExpensiveAgent,40,2,10,13,-1,-1,00Buy@0|SELLER,[],SELLER,00Buy@0,p0,SELLER,True,0,0,40,,-1,-1
686,9c398b45-bd52-4b03-8e74-b352b22c544e,02Dec@1,05Ind@2,DecentralizingAgent,IndDecentralizingAgent,17,1,14,13,-1,13,05Ind@2|02Dec@1,"[quantity: (1, 3), time: (13, 17), unit_price: (1, 27)]",02Dec@1,05Ind@2,p2,05Ind@2,True,2,17,17,,-1,-1
687,819e57d1-5ab0-4266-b674-9b6c88fc0120,05Ind@2,BUYER,IndDecentralizingAgent,_SystemAgent,41,3,41,14,-1,-1,BUYER|05Ind@2,[],05Ind@2,BUYER,p3,BUYER,False,3,0,41,,-1,-1
688,f4d3ea2f-1470-4812-8367-9123108cb924,01Ran@0,03Dec@1,RandomAgent,DecentralizingAgent,16,2,1,14,-1,14,03Dec@1|01Ran@0,"[quantity: (1, 5), time: (14, 16), unit_price: (1, 18)]",01Ran@0,03Dec@1,p1,03Dec@1,True,1,11,-1,01Ran@0:product(1.0),-1,-1
689,9bb4ced7-9060-4e8f-aa7e-9dfa94dbd3d8,01Ran@0,03Dec@1,RandomAgent,DecentralizingAgent,16,2,1,14,-1,14,03Dec@1|01Ran@0,"[quantity: (1, 5), time: (14, 18), unit_price: (1, 18)]",01Ran@0,03Dec@1,p1,03Dec@1,True,1,11,-1,01Ran@0:product(1.0),-1,-1
690,d1bbbf9c-09f4-42a1-b8d6-2ef176d4b725,SELLER,01Ran@0,_SystemAgent,RandomAgent,41,4,10,14,-1,-1,01Ran@0|SELLER,[],SELLER,01Ran@0,p0,SELLER,True,0,0,41,,-1,-1
691,3641672a-5739-49fd-8fff-cbcbb97f96f3,SELLER,01Ran@0,_SystemAgent,RandomAgent,41,3,10,14,-1,-1,01Ran@0|SELLER,[],SELLER,01Ran@0,p0,SELLER,True,0,0,41,,-1,-1
692,c3c30f70-e0d1-448b-9f80-7dce5af24998,01Ran@0,02Dec@1,RandomAgent,DecentralizingAgent,17,3,1,14,-1,14,02Dec@1|01Ran@0,"[quantity: (1, 6), time: (14, 18), unit_price: (1, 18)]",01Ran@0,02Dec@1,p1,02Dec@1,True,1,9,-1,01Ran@0:product(1.0),-1,-1
693,b8d35836-26fb-4b12-b564-d8a137679e9d,SELLER,01Ran@0,_SystemAgent,RandomAgent,41,1,10,14,-1,-1,01Ran@0|SELLER,[],SELLER,01Ran@0,p0,SELLER,False,0,0,41,,-1,-1
694,298b7207-d84c-45a5-8dcd-8c771d78b2e8,SELLER,01Ran@0,_SystemAgent,RandomAgent,41,2,10,14,-1,-1,01Ran@0|SELLER,[],SELLER,01Ran@0,p0,SELLER,False,0,0,41,,-1,-1
695,9c287d85-b524-4c68-bd63-8bf34ea38302,SELLER,01Ran@0,_SystemAgent,RandomAgent,41,1,10,14,-1,-1,01Ran@0|SELLER,[],SELLER,01Ran@0,p0,SELLER,True,0,0,41,,-1,-1
696,abf97649-4b2e-4ea4-9707-07b57dbb088a,00Buy@0,02Dec@1,BuyCheapSellExpensiveAgent,DecentralizingAgent,17,6,10,14,-1,14,02Dec@1|00Buy@0,"[quantity: (1, 6), time: (14, 18), unit_price: (1, 18)]",00Buy@0,02Dec@1,p1,02Dec@1,True,1,17,-1,00Buy@0:product(1.0),-1,-1
697,a68ba0d0-8610-4c8b-bc01-88742a68541d,SELLER,00Buy@0,_SystemAgent,BuyCheapSellExpensiveAgent,41,2,10,14,-1,-1,00Buy@0|SELLER,[],SELLER,00Buy@0,p0,SELLER,False,0,0,41,,-1,-1
698,86e96752-cfce-4824-8578-9ed1401824d3,SELLER,00Buy@0,_SystemAgent,BuyCheapSellExpensiveAgent,41,2,10,14,-1,-1,00Buy@0|SELLER,[],SELLER,00Buy@0,p0,SELLER,False,0,0,41,,-1,-1
699,111ae8dc-358e-4c5b-b5b7-73242f25afda,SELLER,01Ran@0,_SystemAgent,RandomAgent,41,1,10,14,-1,-1,01Ran@0|SELLER,[],SELLER,01Ran@0,p0,SELLER,False,0,0,41,,-1,-1
700,530c8c96-2bb3-479c-844d-da44d953a1a2,00Buy@0,03Dec@1,BuyCheapSellExpensiveAgent,DecentralizingAgent,16,5,9,14,-1,14,03Dec@1|00Buy@0,"[quantity: (1, 5), time: (14, 18), unit_price: (1, 18)]",00Buy@0,03Dec@1,p1,03Dec@1,True,1,17,-1,00Buy@0:product(1.0),-1,-1
701,be699bb1-cff7-405f-b228-bead7ab23bf9,SELLER,01Ran@0,_SystemAgent,RandomAgent,41,1,10,14,-1,-1,01Ran@0|SELLER,[],SELLER,01Ran@0,p0,SELLER,True,0,0,41,,-1,-1
702,344d08c8-d4fd-44d8-b41f-eb3628a6aad7,SELLER,01Ran@0,_SystemAgent,RandomAgent,41,1,10,14,-1,-1,01Ran@0|SELLER,[],SELLER,01Ran@0,p0,SELLER,True,0,0,41,,-1,-1
703,e54605ce-7709-4db5-9ab0-d93f42e77191,SELLER,00Buy@0,_SystemAgent,BuyCheapSellExpensiveAgent,41,2,10,14,-1,-1,00Buy@0|SELLER,[],SELLER,00Buy@0,p0,SELLER,True,0,0,41,,-1,-1
704,917fe67b-15ec-438f-9543-2942f7d09879,00Buy@0,03Dec@1,BuyCheapSellExpensiveAgent,DecentralizingAgent,15,5,9,14,-1,14,03Dec@1|00Buy@0,"[quantity: (1, 5), time: (14, 16), unit_price: (1, 18)]",00Buy@0,03Dec@1,p1,03Dec@1,True,1,17,-1,00Buy@0:product(1.0),-1,-1
705,d77ad0c5-e826-4756-bf18-520992d63dae,05Ind@2,BUYER,IndDecentralizingAgent,_SystemAgent,41,1,41,14,-1,-1,BUYER|05Ind@2,[],05Ind@2,BUYER,p3,BUYER,True,3,0,41,,-1,-1
706,c08ea4c3-7e6d-43d5-9ef6-1673ae709776,SELLER,00Buy@0,_SystemAgent,BuyCheapSellExpensiveAgent,42,2,10,15,-1,-1,00Buy@0|SELLER,[],SELLER,00Buy@0,p0,SELLER,True,0,0,42,,-1,-1
707,50aa30c1-54e3-48c4-9a0f-f22ea373e578,05Ind@2,BUYER,IndDecentralizingAgent,_SystemAgent,42,3,41,15,-1,-1,BUYER|05Ind@2,[],05Ind@2,BUYER,p3,BUYER,False,3,0,42,,-1,-1
708,2e529f98-dd6f-4352-85bd-92acdd3dd7f8,SELLER,00Buy@0,_SystemAgent,BuyCheapSellExpensiveAgent,42,3,10,15,-1,-1,00Buy@0|SELLER,[],SELLER,00Buy@0,p0,SELLER,True,0,0,42,,-1,-1
709,fea61f09-3585-4745-a0f2-b13b55af42ea,03Dec@1,05Ind@2,DecentralizingAgent,IndDecentralizingAgent,23,5,41,15,-1,15,03Dec@1|05Ind@2,"[quantity: (1, 5), time: (18, 23), unit_price: (27, 54)]",03Dec@1,05Ind@2,p2,03Dec@1,False,2,17,23,,-1,-1
710,edc2ba7d-ea99-4fba-b182-be4acfd99e59,01Ran@0,02Dec@1,RandomAgent,DecentralizingAgent,19,2,1,15,-1,15,02Dec@1|01Ran@0,"[quantity: (1, 5), time: (15, 19), unit_price: (1, 18)]",01Ran@0,02Dec@1,p1,02Dec@1,True,1,10,-1,01Ran@0:product(1.0),-1,-1
711,43189f71-7208-4d69-9d78-adacb944df7b,00Buy@0,02Dec@1,BuyCheapSellExpensiveAgent,DecentralizingAgent,17,5,10,15,-1,15,02Dec@1|00Buy@0,"[quantity: (1, 5), time: (15, 19), unit_price: (1, 18)]",00Buy@0,02Dec@1,p1,02Dec@1,True,1,17,-1,00Buy@0:product(1.0),-1,-1
712,2bf9a03a-1c0a-4c16-907e-5415976fc2f1,05Ind@2,BUYER,IndDecentralizingAgent,_SystemAgent,42,1,41,15,-1,-1,BUYER|05Ind@2,[],05Ind@2,BUYER,p3,BUYER,False,3,0,42,,-1,-1
713,656a8bc3-60fb-4d68-90b4-87de55c116ae,SELLER,01Ran@0,_SystemAgent,RandomAgent,42,4,10,15,-1,-1,01Ran@0|SELLER,[],SELLER,01Ran@0,p0,SELLER,False,0,0,42,,-1,-1
714,8827ee30-8216-49fc-bdb4-9a5c1094b0d2,03Dec@1,05Ind@2,DecentralizingAgent,IndDecentralizingAgent,20,5,40,15,-1,15,03Dec@1|05Ind@2,"[quantity: (1, 5), time: (20, 25), unit_price: (27, 54)]",03Dec@1,05Ind@2,p2,03Dec@1,False,2,17,20,,-1,-1
715,a362b5cd-7671-43d9-b293-fcc145841de6,05Ind@2,BUYER,IndDecentralizingAgent,_SystemAgent,42,2,41,15,-1,-1,BUYER|05Ind@2,[],05Ind@2,BUYER,p3,BUYER,True,3,0,42,,-1,-1
716,5a78c8c5-56ed-4403-8a2a-e92c72a70607,SELLER,01Ran@0,_SystemAgent,RandomAgent,42,1,10,15,-1,-1,01Ran@0|SELLER,[],SELLER,01Ran@0,p0,SELLER,False,0,0,42,,-1,-1
717,b1e0b78e-dff8-48dd-b85a-8279d95cfb45,03Dec@1,05Ind@2,DecentralizingAgent,IndDecentralizingAgent,24,5,41,15,-1,15,03Dec@1|05Ind@2,"[quantity: (1, 5), time: (19, 24), unit_price: (27, 54)]",03Dec@1,05Ind@2,p2,03Dec@1,False,2,17,24,,-1,-1
718,8364b067-759e-4fda-8e83-e48af62748ed,SELLER,01Ran@0,_SystemAgent,RandomAgent,42,3,10,15,-1,-1,01Ran@0|SELLER,[],SELLER,01Ran@0,p0,SELLER,False,0,0,42,,-1,-1
719,683b2776-955e-4eb3-9b74-bccb17d229d5,01Ran@0,03Dec@1,RandomAgent,DecentralizingAgent,17,5,5,15,-1,15,03Dec@1|01Ran@0,"[quantity: (1, 5), time: (15, 19), unit_price: (1, 18)]",01Ran@0,03Dec@1,p1,03Dec@1,True,1,14,-1,01Ran@0:product(1.0),-1,-1
720,b1339117-a353-435b-ba3a-08a8df35df23,SELLER,00Buy@0,_SystemAgent,BuyCheapSellExpensiveAgent,42,2,10,15,-1,-1,00Buy@0|SELLER,[],SELLER,00Buy@0,p0,SELLER,False,0,0,42,,-1,-1
721,214c3e30-0517-4686-b092-630368d92d77,SELLER,00Buy@0,_SystemAgent,BuyCheapSellExpensiveAgent,42,1,10,15,-1,-1,00Buy@0|SELLER,[],SELLER,00Buy@0,p0,SELLER,False,0,0,42,,-1,-1
722,cfb4c2a8-6c02-47a4-a5eb-465d14d19ef4,SELLER,00Buy@0,_SystemAgent,BuyCheapSellExpensiveAgent,42,4,10,15,-1,-1,00Buy@0|SELLER,[],SELLER,00Buy@0,p0,SELLER,False,0,0,42,,-1,-1
723,d2725685-43f2-47ca-aeb0-b5da06a9a577,03Dec@1,05Ind@2,DecentralizingAgent,IndDecentralizingAgent,23,5,41,16,-1,16,03Dec@1|05Ind@2,"[quantity: (1, 5), time: (18, 23), unit_price: (27, 54)]",03Dec@1,05Ind@2,p2,03Dec@1,False,2,17,23,,-1,-1
724,c253098a-ddd5-48a1-9bf2-a66435e9ae5e,05Ind@2,BUYER,IndDecentralizingAgent,_SystemAgent,43,2,41,16,-1,-1,BUYER|05Ind@2,[],05Ind@2,BUYER,p3,BUYER,True,3,0,43,,-1,-1
725,13b1eabc-16dc-48ef-8f92-3cdebb1b6038,SELLER,01Ran@0,_SystemAgent,RandomAgent,43,4,10,16,-1,-1,01Ran@0|SELLER,[],SELLER,01Ran@0,p0,SELLER,True,0,0,43,,-1,-1
726,421dbbbd-d5d4-4f3f-8ad8-5bd8425e6dce,05Ind@2,BUYER,IndDecentralizingAgent,_SystemAgent,43,1,41,16,-1,-1,BUYER|05Ind@2,[],05Ind@2,BUYER,p3,BUYER,True,3,0,43,,-1,-1
727,d84031cb-5866-48ae-8e71-0970855a3fbb,SELLER,00Buy@0,_SystemAgent,BuyCheapSellExpensiveAgent,43,3,10,16,-1,-1,00Buy@0|SELLER,[],SELLER,00Buy@0,p0,SELLER,True,0,0,43,,-1,-1
728,1342d91d-13cd-4b80-a10b-94c7e3a45e93,SELLER,01Ran@0,_SystemAgent,RandomAgent,43,2,10,16,-1,-1,01Ran@0|SELLER,[],SELLER,01Ran@0,p0,SELLER,True,0,0,43,,-1,-1
729,64480d23-7b6f-4428-9eb3-f92935c39248,SELLER,01Ran@0,_SystemAgent,RandomAgent,43,3,10,16,-1,-1,01Ran@0|SELLER,[],SELLER,01Ran@0,p0,SELLER,False,0,0,43,,-1,-1
730,1d893cf8-2120-4c24-831d-244b9fb52611,00Buy@0,03Dec@1,BuyCheapSellExpensiveAgent,DecentralizingAgent,18,5,10,16,-1,16,03Dec@1|00Buy@0,"[quantity: (1, 5), time: (16, 19), unit_price: (1, 18)]",00Buy@0,03Dec@1,p1,03Dec@1,True,1,17,-1,00Buy@0:product(1.0),-1,-1
731,2995dcba-6045-45fe-ba64-13e5261b571d,SELLER,00Buy@0,_SystemAgent,BuyCheapSellExpensiveAgent,43,1,10,16,-1,-1,00Buy@0|SELLER,[],SELLER,00Buy@0,p0,SELLER,True,0,0,43,,-1,-1
732,bfe1c18d-2d5c-462d-961c-e27e1b2c5ec6,05Ind@2,BUYER,IndDecentralizingAgent,_SystemAgent,43,3,41,16,-1,-1,BUYER|05Ind@2,[],05Ind@2,BUYER,p3,BUYER,True,3,0,43,,-1,-1
733,a2671357-cbec-4e4c-a9e1-6f9b2d9b8e51,SELLER,00Buy@0,_SystemAgent,BuyCheapSellExpensiveAgent,43,1,10,16,-1,-1,00Buy@0|SELLER,[],SELLER,00Buy@0,p0,SELLER,False,0,0,43,,-1,-1
734,64c8dd61-ceae-494b-8b75-2252c53b6cc7,00Buy@0,02Dec@1,BuyCheapSellExpensiveAgent,DecentralizingAgent,18,5,10,16,-1,16,02Dec@1|00Buy@0,"[quantity: (1, 5), time: (16, 20), unit_price: (1, 18)]",00Buy@0,02Dec@1,p1,02Dec@1,True,1,17,-1,00Buy@0:product(1.0),-1,-1
735,8b1cf6be-f667-4182-af4d-d3b142162f0a,05Ind@2,BUYER,IndDecentralizingAgent,_SystemAgent,43,2,41,16,-1,-1,BUYER|05Ind@2,[],05Ind@2,BUYER,p3,BUYER,False,3,0,43,,-1,-1
736,c2b2b62b-cd54-4aab-a538-41fcd02b278b,SELLER,01Ran@0,_SystemAgent,RandomAgent,43,3,10,16,-1,-1,01Ran@0|SELLER,[],SELLER,01Ran@0,p0,SELLER,True,0,0,43,,-1,-1
737,6ae450c8-c8a1-41fa-b93a-dffcbe524223,02Dec@1,05Ind@2,DecentralizingAgent,IndDecentralizingAgent,26,5,41,16,-1,16,02Dec@1|05Ind@2,"[quantity: (1, 5), time: (21, 26), unit_price: (27, 54)]",02Dec@1,05Ind@2,p2,02Dec@1,False,2,17,26,,-1,-1
738,8cb156c5-b2b2-409f-a2a3-511cc81372ce,01Ran@0,03Dec@1,RandomAgent,DecentralizingAgent,17,4,6,16,-1,16,03Dec@1|01Ran@0,"[quantity: (1, 5), time: (16, 20), unit_price: (1, 18)]",01Ran@0,03Dec@1,p1,03Dec@1,True,1,15,-1,01Ran@0:product(1.0),-1,-1
739,a460140e-c242-4c62-ad50-e3a2650f138b,SELLER,01Ran@0,_SystemAgent,RandomAgent,43,1,10,16,-1,-1,01Ran@0|SELLER,[],SELLER,01Ran@0,p0,SELLER,True,0,0,43,,-1,-1
740,ff0c25c9-5542-4b1c-ab4e-3229c32cfd3d,00Buy@0,03Dec@1,BuyCheapSellExpensiveAgent,DecentralizingAgent,18,5,10,16,-1,16,03Dec@1|00Buy@0,"[quantity: (1, 5), time: (16, 20), unit_price: (1, 18)]",00Buy@0,03Dec@1,p1,03Dec@1,True,1,17,-1,00Buy@0:product(1.0),-1,-1
741,81186c66-28ee-4521-9223-597e43d28858,SELLER,00Buy@0,_SystemAgent,BuyCheapSellExpensiveAgent,43,2,10,16,-1,-1,00Buy@0|SELLER,[],SELLER,00Buy@0,p0,SELLER,True,0,0,43,,-1,-1
742,6e42b444-f0e0-4f3d-843c-319e9d88197b,01Ran@0,02Dec@1,RandomAgent,DecentralizingAgent,19,3,1,16,-1,16,02Dec@1|01Ran@0,"[quantity: (1, 5), time: (16, 20), unit_price: (1, 18)]",01Ran@0,02Dec@1,p1,02Dec@1,True,1,9,-1,01Ran@0:product(1.0),-1,-1
743,0c5549ca-8791-4dcd-8ea5-584cdbe8397e,01Ran@0,03Dec@1,RandomAgent,DecentralizingAgent,19,2,6,16,-1,16,03Dec@1|01Ran@0,"[quantity: (1, 5), time: (16, 19), unit_price: (1, 18)]",01Ran@0,03Dec@1,p1,03Dec@1,True,1,15,-1,01Ran@0:product(1.0),-1,-1
744,86fd0e7d-6e93-4aa3-99c4-5a657abcb6bd,SELLER,00Buy@0,_SystemAgent,BuyCheapSellExpensiveAgent,44,1,10,17,-1,-1,00Buy@0|SELLER,[],SELLER,00Buy@0,p0,SELLER,False,0,0,44,,-1,-1
745,4df17518-6d6b-49fc-9ff4-afe95e972a7c,SELLER,00Buy@0,_SystemAgent,BuyCheapSellExpensiveAgent,44,1,10,17,-1,-1,00Buy@0|SELLER,[],SELLER,00Buy@0,p0,SELLER,False,0,0,44,,-1,-1
746,f5d5df7c-4d55-41b5-bec4-ae6b0e4fb039,SELLER,00Buy@0,_SystemAgent,BuyCheapSellExpensiveAgent,44,3,10,17,-1,-1,00Buy@0|SELLER,[],SELLER,00Buy@0,p0,SELLER,True,0,0,44,,-1,-1
747,9f2bdb37-d2cb-45e1-a423-ec383dcee121,SELLER,01Ran@0,_SystemAgent,RandomAgent,44,1,10,17,-1,-1,01Ran@0|SELLER,[],SELLER,01Ran@0,p0,SELLER,False,0,0,44,,-1,-1
748,2c35ae01-23c1-465e-810f-3c1bd2436d82,SELLER,01Ran@0,_SystemAgent,RandomAgent,44,2,10,17,-1,-1,01Ran@0|SELLER,[],SELLER,01Ran@0,p0,SELLER,False,0,0,44,,-1,-1
749,9a7711d7-8417-4375-a11e-58417e725eb4,05Ind@2,BUYER,IndDecentralizingAgent,_SystemAgent,44,4,41,17,-1,-1,BUYER|05Ind@2,[],05Ind@2,BUYER,p3,BUYER,True,3,0,44,,-1,-1
750,53d30f63-d5f6-4544-9043-584de2f2aae9,SELLER,00Buy@0,_SystemAgent,BuyCheapSellExpensiveAgent,44,1,10,17,-1,-1,00Buy@0|SELLER,[],SELLER,00Buy@0,p0,SELLER,True,0,0,44,,-1,-1
751,ee0965fd-dcdb-4b74-80de-badc17f50f98,05Ind@2,BUYER,IndDecentralizingAgent,_SystemAgent,44,2,41,17,-1,-1,BUYER|05Ind@2,[],05Ind@2,BUYER,p3,BUYER,False,3,0,44,,-1,-1
752,e8339ca1-a8e2-466c-82ba-ea269869c5e7,SELLER,01Ran@0,_SystemAgent,RandomAgent,44,2,10,17,-1,-1,01Ran@0|SELLER,[],SELLER,01Ran@0,p0,SELLER,True,0,0,44,,-1,-1
753,7d65d894-5e26-488a-b99f-c03a25eb8114,SELLER,01Ran@0,_SystemAgent,RandomAgent,44,3,10,17,-1,-1,01Ran@0|SELLER,[],SELLER,01Ran@0,p0,SELLER,False,0,0,44,,-1,-1
754,96dfb2a3-c7f8-47bf-934d-1d7f21130c85,SELLER,00Buy@0,_SystemAgent,BuyCheapSellExpensiveAgent,44,1,10,17,-1,-1,00Buy@0|SELLER,[],SELLER,00Buy@0,p0,SELLER,True,0,0,44,,-1,-1
755,cddcdbf1-8133-4bf1-afa5-a49e46387bd2,SELLER,00Buy@0,_SystemAgent,BuyCheapSellExpensiveAgent,44,2,10,17,-1,-1,00Buy@0|SELLER,[],SELLER,00Buy@0,p0,SELLER,False,0,0,44,,-1,-1
756,19284dd6-eb69-48ed-b43f-49e26dbfe4df,01Ran@0,02Dec@1,RandomAgent,DecentralizingAgent,19,2,1,17,-1,17,02Dec@1|01Ran@0,"[quantity: (1, 5), time: (17, 21), unit_price: (1, 18)]",01Ran@0,02Dec@1,p1,02Dec@1,True,1,10,-1,01Ran@0:product(1.0),-1,-1
757,a4d14ef4-d47a-43ac-a8b1-a7a8e026cd72,03Dec@1,05Ind@2,DecentralizingAgent,IndDecentralizingAgent,21,5,40,17,-1,17,03Dec@1|05Ind@2,"[quantity: (1, 5), time: (21, 26), unit_price: (27, 54)]",03Dec@1,05Ind@2,p2,03Dec@1,False,2,17,21,,-1,-1
758,2f536636-e457-4e62-ac52-e666adaaf8d1,03Dec@1,05Ind@2,DecentralizingAgent,IndDecentralizingAgent,19,5,40,17,-1,17,03Dec@1|05Ind@2,"[quantity: (1, 5), time: (19, 24), unit_price: (27, 54)]",03Dec@1,05Ind@2,p2,03Dec@1,False,2,17,19,,-1,-1
759,134ac47e-4fa3-4d75-a7a1-7707e609871c,00Buy@0,03Dec@1,BuyCheapSellExpensiveAgent,DecentralizingAgent,19,5,10,17,-1,17,03Dec@1|00Buy@0,"[quantity: (1, 5), time: (17, 21), unit_price: (1, 18)]",00Buy@0,03Dec@1,p1,03Dec@1,True,1,17,-1,00Buy@0:product(1.0),-1,-1
760,c5562476-6d86-4eb2-9ac2-a1ba5e3c55d5,05Ind@2,BUYER,IndDecentralizingAgent,_SystemAgent,44,2,41,17,-1,-1,BUYER|05Ind@2,[],05Ind@2,BUYER,p3,BUYER,False,3,0,44,,-1,-1
761,3cde9498-a64b-49eb-bcf3-337cb7acc5b5,SELLER,00Buy@0,_SystemAgent,BuyCheapSellExpensiveAgent,44,3,10,17,-1,-1,00Buy@0|SELLER,[],SELLER,00Buy@0,p0,SELLER,False,0,0,44,,-1,-1
762,54eb6b34-ab8f-4c30-a304-126e5c3d9b2a,05Ind@2,BUYER,IndDecentralizingAgent,_SystemAgent,44,1,41,17,-1,-1,BUYER|05Ind@2,[],05Ind@2,BUYER,p3,BUYER,False,3,0,44,,-1,-1
763,c06797b4-1432-4500-b7eb-591f2457480b,00Buy@0,02Dec@1,BuyCheapSellExpensiveAgent,DecentralizingAgent,19,5,10,17,-1,17,02Dec@1|00Buy@0,"[quantity: (1, 5), time: (17, 21), unit_price: (1, 18)]",00Buy@0,02Dec@1,p1,02Dec@1,True,1,17,-1,00Buy@0:product(1.0),-1,-1
764,8eed45b4-170f-44c1-b091-a0488bf514ca,SELLER,01Ran@0,_SystemAgent,RandomAgent,45,2,10,18,-1,-1,01Ran@0|SELLER,[],SELLER,01Ran@0,p0,SELLER,True,0,0,45,,-1,-1
765,072512ad-d3d2-4398-aa5d-d52bc542daee,00Buy@0,02Dec@1,BuyCheapSellExpensiveAgent,DecentralizingAgent,20,5,10,18,-1,18,02Dec@1|00Buy@0,"[quantity: (1, 5), time: (18, 22), unit_price: (1, 18)]",00Buy@0,02Dec@1,p1,02Dec@1,True,1,17,-1,00Buy@0:product(1.0),-1,-1
766,221f0b69-8915-42a5-860f-44888c89df8b,SELLER,01Ran@0,_SystemAgent,RandomAgent,45,2,10,18,-1,-1,01Ran@0|SELLER,[],SELLER,01Ran@0,p0,SELLER,True,0,0,45,,-1,-1
767,b74f04d2-991c-4442-9627-baa94c09f700,01Ran@0,03Dec@1,RandomAgent,DecentralizingAgent,20,3,1,18,-1,18,03Dec@1|01Ran@0,"[quantity: (1, 5), time: (18, 22), unit_price: (1, 18)]",01Ran@0,03Dec@1,p1,03Dec@1,True,1,13,-1,01Ran@0:product(1.0),-1,-1
768,f7d334e6-6772-4ef2-8afa-8e933c759f3c,01Ran@0,02Dec@1,RandomAgent,DecentralizingAgent,20,4,2,18,-1,18,02Dec@1|01Ran@0,"[quantity: (1, 5), time: (18, 22), unit_price: (1, 18)]",01Ran@0,02Dec@1,p1,02Dec@1,True,1,11,-1,01Ran@0:product(1.0),-1,-1
769,fe00c620-1203-4197-ac39-56c9e48af228,SELLER,01Ran@0,_SystemAgent,RandomAgent,45,1,10,18,-1,-1,01Ran@0|SELLER,[],SELLER,01Ran@0,p0,SELLER,True,0,0,45,,-1,-1
770,678f709e-a618-4369-bfad-62fb9651530b,SELLER,00Buy@0,_SystemAgent,BuyCheapSellExpensiveAgent,45,1,10,18,-1,-1,00Buy@0|SELLER,[],SELLER,00Buy@0,p0,SELLER,False,0,0,45,,-1,-1
771,341972e2-8808-4ae1-b016-c14d56f36300,05Ind@2,BUYER,IndDecentralizingAgent,_SystemAgent,45,2,41,18,-1,-1,BUYER|05Ind@2,[],05Ind@2,BUYER,p3,BUYER,False,3,0,45,,-1,-1
772,d89dc1f8-f6b2-49b7-9dda-922fc8ab86c7,SELLER,00Buy@0,_SystemAgent,BuyCheapSellExpensiveAgent,45,2,10,18,-1,-1,00Buy@0|SELLER,[],SELLER,00Buy@0,p0,SELLER,True,0,0,45,,-1,-1
773,727a4936-d57d-4631-9c0f-a6b6e229a3e2,SELLER,00Buy@0,_SystemAgent,BuyCheapSellExpensiveAgent,45,1,10,18,-1,-1,00Buy@0|SELLER,[],SELLER,00Buy@0,p0,SELLER,True,0,0,45,,-1,-1
774,58236b2e-4152-49d5-be84-be0751ace32d,SELLER,00Buy@0,_SystemAgent,BuyCheapSellExpensiveAgent,45,2,10,18,-1,-1,00Buy@0|SELLER,[],SELLER,00Buy@0,p0,SELLER,False,0,0,45,,-1,-1
775,0967bdfd-ac19-45d6-9419-b5aa06a49ed6,05Ind@2,BUYER,IndDecentralizingAgent,_SystemAgent,45,2,41,18,-1,-1,BUYER|05Ind@2,[],05Ind@2,BUYER,p3,BUYER,False,3,0,45,,-1,-1
776,a3c50d2e-7c70-41be-9c92-96553b64b48a,05Ind@2,BUYER,IndDecentralizingAgent,_SystemAgent,45,1,41,18,-1,-1,BUYER|05Ind@2,[],05Ind@2,BUYER,p3,BUYER,True,3,0,45,,-1,-1
777,f2c37177-5736-4ce7-8068-eafcdc7fd376,SELLER,00Buy@0,_SystemAgent,BuyCheapSellExpensiveAgent,45,3,10,18,-1,-1,00Buy@0|SELLER,[],SELLER,00Buy@0,p0,SELLER,True,0,0,45,,-1,-1
778,195fd982-f60e-40a1-becf-942fa3e81cc9,00Buy@0,03Dec@1,BuyCheapSellExpensiveAgent,DecentralizingAgent,20,5,9,18,-1,18,03Dec@1|00Buy@0,"[quantity: (1, 5), time: (18, 22), unit_price: (1, 18)]",00Buy@0,03Dec@1,p1,03Dec@1,True,1,17,-1,00Buy@0:product(1.0),-1,-1
779,2e7cd72b-a46c-4ccc-9290-f9cc469a5afb,SELLER,01Ran@0,_SystemAgent,RandomAgent,45,1,10,18,-1,-1,01Ran@0|SELLER,[],SELLER,01Ran@0,p0,SELLER,True,0,0,45,,-1,-1
780,3c417646-4962-45d1-bbe0-dee44b23ca0f,SELLER,01Ran@0,_SystemAgent,RandomAgent,45,4,10,18,-1,-1,01Ran@0|SELLER,[],SELLER,01Ran@0,p0,SELLER,True,0,0,45,,-1,-1
781,2cb40a91-59ec-48ad-be07-5af876a79477,SELLER,00Buy@0,_SystemAgent,BuyCheapSellExpensiveAgent,45,1,10,18,-1,-1,00Buy@0|SELLER,[],SELLER,00Buy@0,p0,SELLER,True,0,0,45,,-1,-1
782,9e90aa6b-47cc-4d95-8825-3a66fc5b5fb0,05Ind@2,BUYER,IndDecentralizingAgent,_SystemAgent,45,3,41,18,-1,-1,BUYER|05Ind@2,[],05Ind@2,BUYER,p3,BUYER,False,3,0,45,,-1,-1
783,9d532454-f926-44fb-9744-04fb9d40136e,05Ind@2,BUYER,IndDecentralizingAgent,_SystemAgent,45,2,41,18,-1,-1,BUYER|05Ind@2,[],05Ind@2,BUYER,p3,BUYER,False,3,0,45,,-1,-1
784,279618e6-4750-4bba-a2a5-40992ed52fcf,02Dec@1,05Ind@2,DecentralizingAgent,IndDecentralizingAgent,24,5,40,19,-1,19,02Dec@1|05Ind@2,"[quantity: (1, 5), time: (24, 29), unit_price: (27, 54)]",02Dec@1,05Ind@2,p2,02Dec@1,False,2,17,24,,-1,-1
785,d1d9e1c5-70fd-4b42-b957-f5c6a70581ee,05Ind@2,BUYER,IndDecentralizingAgent,_SystemAgent,46,1,41,19,-1,-1,BUYER|05Ind@2,[],05Ind@2,BUYER,p3,BUYER,True,3,0,46,,-1,-1
786,d0ee0f8a-3c80-4b6f-b877-c549ab8cee5c,SELLER,01Ran@0,_SystemAgent,RandomAgent,46,1,10,19,-1,-1,01Ran@0|SELLER,[],SELLER,01Ran@0,p0,SELLER,False,0,0,46,,-1,-1
787,a4b5fa72-50f7-4b52-8cfa-f528ece49baf,05Ind@2,BUYER,IndDecentralizingAgent,_SystemAgent,46,3,41,19,-1,-1,BUYER|05Ind@2,[],05Ind@2,BUYER,p3,BUYER,False,3,0,46,,-1,-1
788,9e8b2192-75d8-4c68-a045-1bab9d3d4e38,SELLER,01Ran@0,_SystemAgent,RandomAgent,46,2,10,19,-1,-1,01Ran@0|SELLER,[],SELLER,01Ran@0,p0,SELLER,False,0,0,46,,-1,-1
789,125fa155-29e7-4215-9a8a-4dd500e05007,02Dec@1,05Ind@2,DecentralizingAgent,IndDecentralizingAgent,28,5,41,19,-1,19,02Dec@1|05Ind@2,"[quantity: (1, 5), time: (23, 28), unit_price: (27, 54)]",02Dec@1,05Ind@2,p2,02Dec@1,False,2,17,28,,-1,-1
790,9a55c10a-0409-4ff6-8e4e-e26744f70b2e,SELLER,01Ran@0,_SystemAgent,RandomAgent,46,1,10,19,-1,-1,01Ran@0|SELLER,[],SELLER,01Ran@0,p0,SELLER,True,0,0,46,,-1,-1
791,bb30e162-bdcf-4719-bdfb-15624eecb0eb,05Ind@2,BUYER,IndDecentralizingAgent,_SystemAgent,46,3,41,19,-1,-1,BUYER|05Ind@2,[],05Ind@2,BUYER,p3,BUYER,False,3,0,46,,-1,-1
792,32461876-46f8-4a65-a254-1c86b7646b32,SELLER,00Buy@0,_SystemAgent,BuyCheapSellExpensiveAgent,46,1,10,19,-1,-1,00Buy@0|SELLER,[],SELLER,00Buy@0,p0,SELLER,False,0,0,46,,-1,-1
793,2275d553-8991-402a-a84b-ba612b2ecd50,SELLER,00Buy@0,_SystemAgent,BuyCheapSellExpensiveAgent,46,4,10,19,-1,-1,00Buy@0|SELLER,[],SELLER,00Buy@0,p0,SELLER,True,0,0,46,,-1,-1
794,4744c3a6-8b61-47f0-9f07-b0008babfbb0,SELLER,00Buy@0,_SystemAgent,BuyCheapSellExpensiveAgent,46,3,10,19,-1,-1,00Buy@0|SELLER,[],SELLER,00Buy@0,p0,SELLER,False,0,0,46,,-1,-1
795,3da90a06-6f61-4493-bf14-9d62bbc154f9,01Ran@0,03Dec@1,RandomAgent,DecentralizingAgent,22,3,5,19,-1,19,03Dec@1|01Ran@0,"[quantity: (1, 5), time: (19, 23), unit_price: (1, 18)]",01Ran@0,03Dec@1,p1,03Dec@1,True,1,15,-1,01Ran@0:product(1.0),-1,-1
796,38b4d011-2e61-418c-a02f-be76a982d047,SELLER,00Buy@0,_SystemAgent,BuyCheapSellExpensiveAgent,46,3,10,19,-1,-1,00Buy@0|SELLER,[],SELLER,00Buy@0,p0,SELLER,False,0,0,46,,-1,-1
797,580dc72a-bca2-4899-9be0-b9a75ff6c3c4,05Ind@2,BUYER,IndDecentralizingAgent,_SystemAgent,46,1,41,19,-1,-1,BUYER|05Ind@2,[],05Ind@2,BUYER,p3,BUYER,False,3,0,46,,-1,-1
798,8b4c30fe-0a47-4c7d-8a44-4440fa92c3f0,01Ran@0,02Dec@1,RandomAgent,DecentralizingAgent,21,3,1,19,-1,19,02Dec@1|01Ran@0,"[quantity: (1, 5), time: (19, 23), unit_price: (1, 18)]",01Ran@0,02Dec@1,p1,02Dec@1,True,1,10,-1,01Ran@0:product(1.0),-1,-1
799,e21e2739-aaac-415a-9d75-5bceb7c585e5,SELLER,01Ran@0,_SystemAgent,RandomAgent,46,3,10,19,-1,-1,01Ran@0|SELLER,[],SELLER,01Ran@0,p0,SELLER,True,0,0,46,,-1,-1
800,a505fc9d-6943-4c91-96dd-5e489f884638,SELLER,00Buy@0,_SystemAgent,BuyCheapSellExpensiveAgent,46,1,10,19,-1,-1,00Buy@0|SELLER,[],SELLER,00Buy@0,p0,SELLER,True,0,0,46,,-1,-1
801,0f2eea26-db12-4f48-8eb5-5fc4089f92ef,00Buy@0,02Dec@1,BuyCheapSellExpensiveAgent,DecentralizingAgent,21,5,9,19,-1,19,02Dec@1|00Buy@0,"[quantity: (1, 5), time: (19, 23), unit_price: (1, 18)]",00Buy@0,02Dec@1,p1,02Dec@1,True,1,17,-1,00Buy@0:product(1.0),-1,-1
802,03793495-4ed2-46e7-989e-7977d3a55e18,SELLER,00Buy@0,_SystemAgent,BuyCheapSellExpensiveAgent,46,1,10,19,-1,-1,00Buy@0|SELLER,[],SELLER,00Buy@0,p0,SELLER,True,0,0,46,,-1,-1
803,03763606-6b0c-4445-b179-483fa1d22a01,00Buy@0,03Dec@1,BuyCheapSellExpensiveAgent,DecentralizingAgent,21,5,9,19,-1,19,03Dec@1|00Buy@0,"[quantity: (1, 5), time: (19, 23), unit_price: (1, 18)]",00Buy@0,03Dec@1,p1,03Dec@1,True,1,17,-1,00Buy@0:product(1.0),-1,-1
804,3cd157d4-475d-46ea-b04c-3d0e4691d0b8,05Ind@2,BUYER,IndDecentralizingAgent,_SystemAgent,47,4,41,20,-1,-1,BUYER|05Ind@2,[],05Ind@2,BUYER,p3,BUYER,False,3,0,47,,-1,-1
805,1983abee-dd48-49dc-994f-1ac0dbed29eb,SELLER,00Buy@0,_SystemAgent,BuyCheapSellExpensiveAgent,47,3,10,20,-1,-1,00Buy@0|SELLER,[],SELLER,00Buy@0,p0,SELLER,False,0,0,47,,-1,-1
806,3bedd3ba-fbec-42bb-a595-4a80854886dd,SELLER,01Ran@0,_SystemAgent,RandomAgent,47,1,10,20,-1,-1,01Ran@0|SELLER,[],SELLER,01Ran@0,p0,SELLER,False,0,0,47,,-1,-1
807,80b77470-bbbe-4b2d-8a33-090974b47ceb,SELLER,01Ran@0,_SystemAgent,RandomAgent,47,1,10,20,-1,-1,01Ran@0|SELLER,[],SELLER,01Ran@0,p0,SELLER,False,0,0,47,,-1,-1
808,4bc3912a-d14f-4989-a4b2-137d8fb4ffa8,02Dec@1,05Ind@2,DecentralizingAgent,IndDecentralizingAgent,30,5,41,20,-1,20,02Dec@1|05Ind@2,"[quantity: (1, 5), time: (25, 30), unit_price: (27, 54)]",02Dec@1,05Ind@2,p2,02Dec@1,False,2,17,30,,-1,-1
809,f7fe8246-221a-46dc-a1a8-28eba41d198d,SELLER,01Ran@0,_SystemAgent,RandomAgent,47,2,10,20,-1,-1,01Ran@0|SELLER,[],SELLER,01Ran@0,p0,SELLER,True,0,0,47,,-1,-1
810,8b5e9307-00df-423d-8099-6a0fb977efc4,SELLER,00Buy@0,_SystemAgent,BuyCheapSellExpensiveAgent,47,4,10,20,-1,-1,00Buy@0|SELLER,[],SELLER,00Buy@0,p0,SELLER,False,0,0,47,,-1,-1
811,fcbbc90b-d744-49f4-ae0d-e64b866f45d1,SELLER,00Buy@0,_SystemAgent,BuyCheapSellExpensiveAgent,47,2,10,20,-1,-1,00Buy@0|SELLER,[],SELLER,00Buy@0,p0,SELLER,False,0,0,47,,-1,-1
812,64f5d1b8-0811-4507-b992-ed16a2da1191,05Ind@2,BUYER,IndDecentralizingAgent,_SystemAgent,47,1,41,20,-1,-1,BUYER|05Ind@2,[],05Ind@2,BUYER,p3,BUYER,True,3,0,47,,-1,-1
813,fe377822-5499-4ff2-a83f-edb6bca981d4,SELLER,01Ran@0,_SystemAgent,RandomAgent,47,1,10,20,-1,-1,01Ran@0|SELLER,[],SELLER,01Ran@0,p0,SELLER,False,0,0,47,,-1,-1
814,b2dd00cf-e1d4-4599-9178-23dae8fd0265,SELLER,00Buy@0,_SystemAgent,BuyCheapSellExpensiveAgent,47,1,10,20,-1,-1,00Buy@0|SELLER,[],SELLER,00Buy@0,p0,SELLER,True,0,0,47,,-1,-1
815,ecf342f6-676d-4d3e-9b08-e60d9edd2165,05Ind@2,BUYER,IndDecentralizingAgent,_SystemAgent,47,1,41,20,-1,-1,BUYER|05Ind@2,[],05Ind@2,BUYER,p3,BUYER,True,3,0,47,,-1,-1
816,b509afd5-6281-4798-a8c2-3d4a32c8852e,05Ind@2,BUYER,IndDecentralizingAgent,_SystemAgent,47,1,41,20,-1,-1,BUYER|05Ind@2,[],05Ind@2,BUYER,p3,BUYER,True,3,0,47,,-1,-1
817,48e4f628-bb39-4eaf-9962-ecfc384d4094,03Dec@1,05Ind@2,DecentralizingAgent,IndDecentralizingAgent,27,5,41,20,-1,20,03Dec@1|05Ind@2,"[quantity: (1, 5), time: (22, 27), unit_price: (27, 54)]",03Dec@1,05Ind@2,p2,03Dec@1,False,2,17,27,,-1,-1
818,bb64d63a-f277-48a8-ad83-4220eb3e1c9f,00Buy@0,02Dec@1,BuyCheapSellExpensiveAgent,DecentralizingAgent,22,5,9,20,-1,20,02Dec@1|00Buy@0,"[quantity: (1, 5), time: (20, 24), unit_price: (1, 18)]",00Buy@0,02Dec@1,p1,02Dec@1,True,1,17,-1,00Buy@0:product(1.0),-1,-1
819,4a3b2645-faa7-4ca7-bb8d-ca2ee2561292,SELLER,01Ran@0,_SystemAgent,RandomAgent,47,5,10,20,-1,-1,01Ran@0|SELLER,[],SELLER,01Ran@0,p0,SELLER,False,0,0,47,,-1,-1
820,6a720729-54da-4947-80f7-7c3ab2826473,01Ran@0,03Dec@1,RandomAgent,DecentralizingAgent,22,5,8,20,-1,20,03Dec@1|01Ran@0,"[quantity: (1, 5), time: (20, 24), unit_price: (1, 18)]",01Ran@0,03Dec@1,p1,03Dec@1,True,1,16,-1,01Ran@0:product(1.0),-1,-1
821,a5670797-c092-441a-b708-98775ccc27ff,01Ran@0,02Dec@1,RandomAgent,DecentralizingAgent,24,3,6,20,-1,20,02Dec@1|01Ran@0,"[quantity: (1, 5), time: (20, 24), unit_price: (1, 18)]",01Ran@0,02Dec@1,p1,02Dec@1,True,1,15,-1,01Ran@0:product(1.0),-1,-1
822,42e5a32f-c8db-4f52-a8cd-bf7bc18d5d5d,05Ind@2,BUYER,IndDecentralizingAgent,_SystemAgent,47,2,41,20,-1,-1,BUYER|05Ind@2,[],05Ind@2,BUYER,p3,BUYER,False,3,0,47,,-1,-1
823,1d23212c-44b3-4360-8f4a-c3da07e3d9f6,SELLER,00Buy@0,_SystemAgent,BuyCheapSellExpensiveAgent,48,1,10,21,-1,-1,00Buy@0|SELLER,[],SELLER,00Buy@0,p0,SELLER,True,0,0,48,,-1,-1
824,744021c8-3542-42e3-b4a6-87fe2cd4cacc,05Ind@2,BUYER,IndDecentralizingAgent,_SystemAgent,48,2,41,21,-1,-1,BUYER|05Ind@2,[],05Ind@2,BUYER,p3,BUYER,True,3,0,48,,-1,-1
825,8db41beb-ff21-4ddd-bc81-9860472038a2,01Ran@0,03Dec@1,RandomAgent,DecentralizingAgent,22,2,1,21,-1,21,03Dec@1|01Ran@0,"[quantity: (1, 5), time: (21, 25), unit_price: (1, 18)]",01Ran@0,03Dec@1,p1,03Dec@1,True,1,8,-1,01Ran@0:product(1.0),-1,-1
826,4284a93f-4e4a-4395-bdf0-a727026ef529,05Ind@2,BUYER,IndDecentralizingAgent,_SystemAgent,48,2,41,21,-1,-1,BUYER|05Ind@2,[],05Ind@2,BUYER,p3,BUYER,True,3,0,48,,-1,-1
827,866e3971-feb2-4fff-b644-f538948428f0,05Ind@2,BUYER,IndDecentralizingAgent,_SystemAgent,48,2,41,21,-1,-1,BUYER|05Ind@2,[],05Ind@2,BUYER,p3,BUYER,True,3,0,48,,-1,-1
828,83b044a5-4d88-409c-b6d7-a95f992b9c32,SELLER,00Buy@0,_SystemAgent,BuyCheapSellExpensiveAgent,48,4,10,21,-1,-1,00Buy@0|SELLER,[],SELLER,00Buy@0,p0,SELLER,False,0,0,48,,-1,-1
829,f55e3e99-6e95-4310-8e3d-5dff2024e9c5,05Ind@2,BUYER,IndDecentralizingAgent,_SystemAgent,48,1,41,21,-1,-1,BUYER|05Ind@2,[],05Ind@2,BUYER,p3,BUYER,True,3,0,48,,-1,-1
830,c9405cdf-9088-4462-a152-b33bac9f6efa,SELLER,01Ran@0,_SystemAgent,RandomAgent,48,1,10,21,-1,-1,01Ran@0|SELLER,[],SELLER,01Ran@0,p0,SELLER,True,0,0,48,,-1,-1
831,71b386f3-b322-461e-b1a5-29e5c87c17d2,SELLER,01Ran@0,_SystemAgent,RandomAgent,48,1,10,21,-1,-1,01Ran@0|SELLER,[],SELLER,01Ran@0,p0,SELLER,True,0,0,48,,-1,-1
832,5b788a67-a28d-40d9-8655-41491616b115,00Buy@0,02Dec@1,BuyCheapSellExpensiveAgent,DecentralizingAgent,23,5,10,21,-1,21,02Dec@1|00Buy@0,"[quantity: (1, 5), time: (21, 25), unit_price: (1, 18)]",00Buy@0,02Dec@1,p1,02Dec@1,True,1,17,-1,00Buy@0:product(1.0),-1,-1
833,5f6953fd-7fb9-4166-a8d8-25e697fa38c8,01Ran@0,03Dec@1,RandomAgent,DecentralizingAgent,22,5,1,21,-1,21,03Dec@1|01Ran@0,"[quantity: (1, 5), time: (21, 24), unit_price: (1, 18)]",01Ran@0,03Dec@1,p1,03Dec@1,True,1,9,-1,01Ran@0:product(1.0),-1,-1
834,24f34a27-f96c-4461-950b-e5d9c6bb9dba,01Ran@0,02Dec@1,RandomAgent,DecentralizingAgent,25,3,2,21,-1,21,02Dec@1|01Ran@0,"[quantity: (1, 5), time: (21, 25), unit_price: (1, 18)]",01Ran@0,02Dec@1,p1,02Dec@1,True,1,11,-1,01Ran@0:product(1.0),-1,-1
835,d51519fe-2412-4f19-88ab-ab163190921c,SELLER,01Ran@0,_SystemAgent,RandomAgent,48,3,10,21,-1,-1,01Ran@0|SELLER,[],SELLER,01Ran@0,p0,SELLER,True,0,0,48,,-1,-1
836,098e49dd-2bf8-4425-9496-1b553b2bffc6,05Ind@2,BUYER,IndDecentralizingAgent,_SystemAgent,48,2,41,21,-1,-1,BUYER|05Ind@2,[],05Ind@2,BUYER,p3,BUYER,True,3,0,48,,-1,-1
837,9e4691e9-29f3-4275-a9da-ccd074120fcd,SELLER,00Buy@0,_SystemAgent,BuyCheapSellExpensiveAgent,48,2,10,21,-1,-1,00Buy@0|SELLER,[],SELLER,00Buy@0,p0,SELLER,True,0,0,48,,-1,-1
838,05c4c7e2-f8fb-45e4-b106-3f60afe6cce4,SELLER,01Ran@0,_SystemAgent,RandomAgent,48,2,10,21,-1,-1,01Ran@0|SELLER,[],SELLER,01Ran@0,p0,SELLER,True,0,0,48,,-1,-1
839,7885548f-f1cd-4dcd-8af0-90d504af72be,SELLER,00Buy@0,_SystemAgent,BuyCheapSellExpensiveAgent,48,2,10,21,-1,-1,00Buy@0|SELLER,[],SELLER,00Buy@0,p0,SELLER,False,0,0,48,,-1,-1
840,00d78385-77ff-4caf-9382-da1f0fa97d97,SELLER,01Ran@0,_SystemAgent,RandomAgent,48,2,10,21,-1,-1,01Ran@0|SELLER,[],SELLER,01Ran@0,p0,SELLER,True,0,0,48,,-1,-1
841,84daa707-ea7b-4399-b301-fa5285914fbc,SELLER,00Buy@0,_SystemAgent,BuyCheapSellExpensiveAgent,48,2,10,21,-1,-1,00Buy@0|SELLER,[],SELLER,00Buy@0,p0,SELLER,False,0,0,48,,-1,-1
842,8542d870-b889-4440-80b5-f117b69a24f1,00Buy@0,03Dec@1,BuyCheapSellExpensiveAgent,DecentralizingAgent,23,5,10,21,-1,21,03Dec@1|00Buy@0,"[quantity: (1, 5), time: (21, 25), unit_price: (1, 18)]",00Buy@0,03Dec@1,p1,03Dec@1,True,1,17,-1,00Buy@0:product(1.0),-1,-1
843,7fec5ecd-c288-4a19-beb6-0a2f77259ab9,05Ind@2,BUYER,IndDecentralizingAgent,_SystemAgent,48,1,41,21,-1,-1,BUYER|05Ind@2,[],05Ind@2,BUYER,p3,BUYER,False,3,0,48,,-1,-1
844,9550806f-3185-41e5-9de3-ed65dba7b7ca,SELLER,01Ran@0,_SystemAgent,RandomAgent,49,3,10,22,-1,-1,01Ran@0|SELLER,[],SELLER,01Ran@0,p0,SELLER,False,0,0,49,,-1,-1
845,5fac326b-7c6d-43e3-8840-2e611fdb37a1,02Dec@1,05Ind@2,DecentralizingAgent,IndDecentralizingAgent,30,5,41,22,-1,22,02Dec@1|05Ind@2,"[quantity: (1, 5), time: (25, 30), unit_price: (27, 54)]",02Dec@1,05Ind@2,p2,02Dec@1,False,2,17,30,,-1,-1
846,071d44a5-14ef-4ab4-afda-fe42adf6e7c0,SELLER,00Buy@0,_SystemAgent,BuyCheapSellExpensiveAgent,49,1,10,22,-1,-1,00Buy@0|SELLER,[],SELLER,00Buy@0,p0,SELLER,True,0,0,49,,-1,-1
847,9545232e-69d2-4535-a497-5c9b64812c06,02Dec@1,05Ind@2,DecentralizingAgent,IndDecentralizingAgent,28,5,41,22,-1,22,02Dec@1|05Ind@2,"[quantity: (1, 5), time: (23, 28), unit_price: (27, 54)]",02Dec@1,05Ind@2,p2,02Dec@1,False,2,17,28,,-1,-1
848,f7b5e1fe-e1b0-4928-82a9-35840e7a6e4a,SELLER,01Ran@0,_SystemAgent,RandomAgent,49,1,10,22,-1,-1,01Ran@0|SELLER,[],SELLER,01Ran@0,p0,SELLER,False,0,0,49,,-1,-1
849,f09f522a-8a51-4a08-88ec-b85f8852099c,05Ind@2,BUYER,IndDecentralizingAgent,_SystemAgent,49,3,41,22,-1,-1,BUYER|05Ind@2,[],05Ind@2,BUYER,p3,BUYER,False,3,0,49,,-1,-1
850,1fd38513-077f-479a-ac3c-1fd6f5963310,00Buy@0,02Dec@1,BuyCheapSellExpensiveAgent,DecentralizingAgent,24,5,9,22,-1,22,02Dec@1|00Buy@0,"[quantity: (1, 5), time: (22, 26), unit_price: (1, 18)]",00Buy@0,02Dec@1,p1,02Dec@1,True,1,17,-1,00Buy@0:product(1.0),-1,-1
851,fd3077f9-24c5-44db-b48c-c4ac97100bbf,05Ind@2,BUYER,IndDecentralizingAgent,_SystemAgent,49,2,41,22,-1,-1,BUYER|05Ind@2,[],05Ind@2,BUYER,p3,BUYER,True,3,0,49,,-1,-1
852,2621acd0-2896-41df-a655-90b76962a026,05Ind@2,BUYER,IndDecentralizingAgent,_SystemAgent,49,1,41,22,-1,-1,BUYER|05Ind@2,[],05Ind@2,BUYER,p3,BUYER,True,3,0,49,,-1,-1
853,1d4dc08c-4868-4c81-bf95-53e988cf3041,05Ind@2,BUYER,IndDecentralizingAgent,_SystemAgent,49,1,41,22,-1,-1,BUYER|05Ind@2,[],05Ind@2,BUYER,p3,BUYER,False,3,0,49,,-1,-1
854,1beb2aad-8c7f-4700-9106-17389bbb8f5b,05Ind@2,BUYER,IndDecentralizingAgent,_SystemAgent,49,2,41,22,-1,-1,BUYER|05Ind@2,[],05Ind@2,BUYER,p3,BUYER,False,3,0,49,,-1,-1
855,2cf64c24-87f7-4f20-a4ca-fb32d93bc0a2,05Ind@2,BUYER,IndDecentralizingAgent,_SystemAgent,49,1,41,22,-1,-1,BUYER|05Ind@2,[],05Ind@2,BUYER,p3,BUYER,True,3,0,49,,-1,-1
856,aee664dc-dd5f-4e05-bab3-8ac06b5b58a0,SELLER,00Buy@0,_SystemAgent,BuyCheapSellExpensiveAgent,49,1,10,22,-1,-1,00Buy@0|SELLER,[],SELLER,00Buy@0,p0,SELLER,False,0,0,49,,-1,-1
857,8f46a649-c7b3-471c-9fa1-02b58965a0d3,00Buy@0,03Dec@1,BuyCheapSellExpensiveAgent,DecentralizingAgent,23,5,9,22,-1,22,03Dec@1|00Buy@0,"[quantity: (1, 5), time: (22, 24), unit_price: (1, 18)]",00Buy@0,03Dec@1,p1,03Dec@1,True,1,17,-1,00Buy@0:product(1.0),-1,-1
858,a10563ea-8c17-4361-86f9-ebfe83d95351,SELLER,01Ran@0,_SystemAgent,RandomAgent,49,3,10,22,-1,-1,01Ran@0|SELLER,[],SELLER,01Ran@0,p0,SELLER,False,0,0,49,,-1,-1
859,6b5a6beb-4bbf-4091-ada0-3d971934af4b,SELLER,00Buy@0,_SystemAgent,BuyCheapSellExpensiveAgent,49,2,10,22,-1,-1,00Buy@0|SELLER,[],SELLER,00Buy@0,p0,SELLER,False,0,0,49,,-1,-1
860,d9ad0abc-17bf-4501-a63a-b63598b74bf6,05Ind@2,BUYER,IndDecentralizingAgent,_SystemAgent,49,2,41,22,-1,-1,BUYER|05Ind@2,[],05Ind@2,BUYER,p3,BUYER,False,3,0,49,,-1,-1
861,98664ac4-5418-4973-a019-d1bdc9ea287d,SELLER,00Buy@0,_SystemAgent,BuyCheapSellExpensiveAgent,49,4,10,22,-1,-1,00Buy@0|SELLER,[],SELLER,00Buy@0,p0,SELLER,False,0,0,49,,-1,-1
862,689d634e-c855-4e2e-8a99-46022ac8d4f4,05Ind@2,BUYER,IndDecentralizingAgent,_SystemAgent,49,2,41,22,-1,-1,BUYER|05Ind@2,[],05Ind@2,BUYER,p3,BUYER,True,3,0,49,,-1,-1
863,508618aa-a134-4f3b-9bd2-a682dfacc1e5,01Ran@0,03Dec@1,RandomAgent,DecentralizingAgent,23,4,8,22,-1,22,03Dec@1|01Ran@0,"[quantity: (1, 5), time: (22, 24), unit_price: (1, 18)]",01Ran@0,03Dec@1,p1,03Dec@1,True,1,16,-1,01Ran@0:product(1.0),-1,-1
864,4cda23d3-8541-46d7-9825-49295c830fc8,SELLER,01Ran@0,_SystemAgent,RandomAgent,49,2,10,22,-1,-1,01Ran@0|SELLER,[],SELLER,01Ran@0,p0,SELLER,False,0,0,49,,-1,-1
865,422e10a3-0816-4583-95f2-764742fd29b3,01Ran@0,03Dec@1,RandomAgent,DecentralizingAgent,23,5,2,22,-1,22,03Dec@1|01Ran@0,"[quantity: (1, 5), time: (22, 26), unit_price: (1, 18)]",01Ran@0,03Dec@1,p1,03Dec@1,True,1,10,-1,01Ran@0:product(1.0),-1,-1
866,265f509f-46a0-45bc-94ef-0e7e148d90f7,02Dec@1,05Ind@2,DecentralizingAgent,IndDecentralizingAgent,32,5,41,22,-1,22,02Dec@1|05Ind@2,"[quantity: (1, 5), time: (27, 32), unit_price: (27, 54)]",02Dec@1,05Ind@2,p2,02Dec@1,False,2,17,32,,-1,-1
867,d10e8e1c-c6ab-42c9-8d37-a8754a154a2d,SELLER,00Buy@0,_SystemAgent,BuyCheapSellExpensiveAgent,49,2,10,22,-1,-1,00Buy@0|SELLER,[],SELLER,00Buy@0,p0,SELLER,False,0,0,49,,-1,-1
868,147ca6cb-82e7-4c13-b566-0e47472e130d,SELLER,00Buy@0,_SystemAgent,BuyCheapSellExpensiveAgent,49,1,10,22,-1,-1,00Buy@0|SELLER,[],SELLER,00Buy@0,p0,SELLER,True,0,0,49,,-1,-1
869,25813e7e-44f2-4fa9-b20a-65565ab9af72,05Ind@2,BUYER,IndDecentralizingAgent,_SystemAgent,50,3,41,23,-1,-1,BUYER|05Ind@2,[],05Ind@2,BUYER,p3,BUYER,True,3,0,50,,-1,-1
870,de65b12b-1dc6-4163-9cd5-8cc51ad1709b,02Dec@1,05Ind@2,DecentralizingAgent,IndDecentralizingAgent,25,5,40,23,-1,23,02Dec@1|05Ind@2,"[quantity: (1, 5), time: (25, 30), unit_price: (27, 54)]",02Dec@1,05Ind@2,p2,02Dec@1,False,2,17,25,,-1,-1
871,4c435278-8f5d-496a-9fe8-53aebe9cad99,SELLER,01Ran@0,_SystemAgent,RandomAgent,50,1,10,23,-1,-1,01Ran@0|SELLER,[],SELLER,01Ran@0,p0,SELLER,False,0,0,50,,-1,-1
872,2e2c9f25-ee95-4e7b-b0b8-9620c6b7c43a,SELLER,01Ran@0,_SystemAgent,RandomAgent,50,3,10,23,-1,-1,01Ran@0|SELLER,[],SELLER,01Ran@0,p0,SELLER,False,0,0,50,,-1,-1
873,fcd8cef5-b23c-458d-acb2-3a89558fa754,SELLER,00Buy@0,_SystemAgent,BuyCheapSellExpensiveAgent,50,1,10,23,-1,-1,00Buy@0|SELLER,[],SELLER,00Buy@0,p0,SELLER,False,0,0,50,,-1,-1
874,488daf8e-345a-42b3-9f34-06e79f19c88d,SELLER,00Buy@0,_SystemAgent,BuyCheapSellExpensiveAgent,50,1,10,23,-1,-1,00Buy@0|SELLER,[],SELLER,00Buy@0,p0,SELLER,True,0,0,50,,-1,-1
875,086a2132-b5ce-4a38-bead-d3b18b0dabfb,SELLER,01Ran@0,_SystemAgent,RandomAgent,50,2,10,23,-1,-1,01Ran@0|SELLER,[],SELLER,01Ran@0,p0,SELLER,False,0,0,50,,-1,-1
876,c92e0f06-e62b-4926-88b8-a8a5116334dc,SELLER,01Ran@0,_SystemAgent,RandomAgent,50,2,10,23,-1,-1,01Ran@0|SELLER,[],SELLER,01Ran@0,p0,SELLER,True,0,0,50,,-1,-1
877,2232387d-6279-43bf-aec2-9febb66ededd,05Ind@2,BUYER,IndDecentralizingAgent,_SystemAgent,50,1,41,23,-1,-1,BUYER|05Ind@2,[],05Ind@2,BUYER,p3,BUYER,True,3,0,50,,-1,-1
878,f74d15b5-b8a1-4d8f-b771-3fcca9a7053e,SELLER,00Buy@0,_SystemAgent,BuyCheapSellExpensiveAgent,50,3,10,23,-1,-1,00Buy@0|SELLER,[],SELLER,00Buy@0,p0,SELLER,False,0,0,50,,-1,-1
879,fb6aa29d-5f1f-45c1-a5ff-438323a2cd37,SELLER,01Ran@0,_SystemAgent,RandomAgent,50,1,10,23,-1,-1,01Ran@0|SELLER,[],SELLER,01Ran@0,p0,SELLER,True,0,0,50,,-1,-1
880,fb4ce4ca-0f74-4592-864d-bfee99645ae7,03Dec@1,05Ind@2,DecentralizingAgent,IndDecentralizingAgent,33,5,41,23,-1,23,03Dec@1|05Ind@2,"[quantity: (1, 5), time: (28, 33), unit_price: (27, 54)]",03Dec@1,05Ind@2,p2,03Dec@1,False,2,17,33,,-1,-1
881,f0b7460a-c8f7-4dec-ab39-6c92f5ae37af,SELLER,00Buy@0,_SystemAgent,BuyCheapSellExpensiveAgent,50,2,10,23,-1,-1,00Buy@0|SELLER,[],SELLER,00Buy@0,p0,SELLER,True,0,0,50,,-1,-1
882,00e19180-1e2f-4bbd-8c74-5c5750a366fc,SELLER,00Buy@0,_SystemAgent,BuyCheapSellExpensiveAgent,50,1,10,23,-1,-1,00Buy@0|SELLER,[],SELLER,00Buy@0,p0,SELLER,False,0,0,50,,-1,-1
883,6cd6d55f-9b78-4a18-a0d7-913e9e273ce4,01Ran@0,03Dec@1,RandomAgent,DecentralizingAgent,25,5,3,23,-1,23,03Dec@1|01Ran@0,"[quantity: (1, 5), time: (23, 26), unit_price: (1, 18)]",01Ran@0,03Dec@1,p1,03Dec@1,True,1,12,-1,01Ran@0:product(1.0),-1,-1
884,8835490e-ea8b-46b2-856d-ff93b2a1f72d,01Ran@0,02Dec@1,RandomAgent,DecentralizingAgent,24,5,2,23,-1,23,02Dec@1|01Ran@0,"[quantity: (1, 5), time: (23, 27), unit_price: (1, 18)]",01Ran@0,02Dec@1,p1,02Dec@1,True,1,11,-1,01Ran@0:product(1.0),-1,-1
885,f95a0f63-b319-4ea8-9587-d9371933b1ae,01Ran@0,03Dec@1,RandomAgent,DecentralizingAgent,25,5,5,23,-1,23,03Dec@1|01Ran@0,"[quantity: (1, 5), time: (23, 27), unit_price: (1, 18)]",01Ran@0,03Dec@1,p1,03Dec@1,True,1,15,-1,01Ran@0:product(1.0),-1,-1
886,efc6c13a-7206-4f4e-a390-37918c503d11,05Ind@2,BUYER,IndDecentralizingAgent,_SystemAgent,50,1,41,23,-1,-1,BUYER|05Ind@2,[],05Ind@2,BUYER,p3,BUYER,False,3,0,50,,-1,-1
887,65131d6b-93cc-4bd2-a216-5a3feef208c8,SELLER,00Buy@0,_SystemAgent,BuyCheapSellExpensiveAgent,50,3,10,23,-1,-1,00Buy@0|SELLER,[],SELLER,00Buy@0,p0,SELLER,False,0,0,50,,-1,-1
888,15268a02-6119-4c9a-bc79-6f632ed5ba37,05Ind@2,BUYER,IndDecentralizingAgent,_SystemAgent,50,2,41,23,-1,-1,BUYER|05Ind@2,[],05Ind@2,BUYER,p3,BUYER,True,3,0,50,,-1,-1
889,1d39a7cf-1a8c-4549-870c-97bbfbb6b1dc,05Ind@2,BUYER,IndDecentralizingAgent,_SystemAgent,50,2,41,23,-1,-1,BUYER|05Ind@2,[],05Ind@2,BUYER,p3,BUYER,True,3,0,50,,-1,-1
890,a95172c8-63ed-403b-971c-ce415d269dbd,03Dec@1,05Ind@2,DecentralizingAgent,IndDecentralizingAgent,30,5,41,23,-1,23,03Dec@1|05Ind@2,"[quantity: (1, 5), time: (25, 30), unit_price: (27, 54)]",03Dec@1,05Ind@2,p2,03Dec@1,False,2,17,30,,-1,-1
891,7038737c-e1ed-435e-88f0-93df72c5444e,00Buy@0,03Dec@1,BuyCheapSellExpensiveAgent,DecentralizingAgent,26,5,10,24,-1,24,03Dec@1|00Buy@0,"[quantity: (1, 5), time: (24, 28), unit_price: (1, 18)]",00Buy@0,03Dec@1,p1,03Dec@1,True,1,17,-1,00Buy@0:product(1.0),-1,-1
892,3a6d96fb-ad52-4846-8f30-7ad4f6dec916,SELLER,01Ran@0,_SystemAgent,RandomAgent,51,2,10,24,-1,-1,01Ran@0|SELLER,[],SELLER,01Ran@0,p0,SELLER,True,0,0,51,,-1,-1
893,ea09c83f-bb5b-4098-968c-4560ea5e4d93,SELLER,00Buy@0,_SystemAgent,BuyCheapSellExpensiveAgent,51,4,10,24,-1,-1,00Buy@0|SELLER,[],SELLER,00Buy@0,p0,SELLER,True,0,0,51,,-1,-1
894,38c3a87a-d7c4-46f2-8f98-00762ca1cc7e,00Buy@0,02Dec@1,BuyCheapSellExpensiveAgent,DecentralizingAgent,26,5,10,24,-1,24,02Dec@1|00Buy@0,"[quantity: (1, 5), time: (24, 28), unit_price: (1, 18)]",00Buy@0,02Dec@1,p1,02Dec@1,True,1,17,-1,00Buy@0:product(1.0),-1,-1
895,3c83e382-aa33-4442-b3ef-b095247b908c,01Ran@0,03Dec@1,RandomAgent,DecentralizingAgent,25,4,1,24,-1,24,03Dec@1|01Ran@0,"[quantity: (1, 5), time: (24, 26), unit_price: (1, 18)]",01Ran@0,03Dec@1,p1,03Dec@1,True,1,10,-1,01Ran@0:product(1.0),-1,-1
896,6bd1f1a7-0daa-4678-8e56-ace500a63f76,SELLER,01Ran@0,_SystemAgent,RandomAgent,51,2,10,24,-1,-1,01Ran@0|SELLER,[],SELLER,01Ran@0,p0,SELLER,False,0,0,51,,-1,-1
897,0ff16fc6-8bd0-4fb2-b464-08560d67f385,05Ind@2,BUYER,IndDecentralizingAgent,_SystemAgent,51,4,41,24,-1,-1,BUYER|05Ind@2,[],05Ind@2,BUYER,p3,BUYER,True,3,0,51,,-1,-1
898,c1c7c3cc-e671-4247-82f6-26d458c55666,05Ind@2,BUYER,IndDecentralizingAgent,_SystemAgent,51,1,41,24,-1,-1,BUYER|05Ind@2,[],05Ind@2,BUYER,p3,BUYER,False,3,0,51,,-1,-1
899,3bd1afef-a632-4b8e-9df7-0494c20d39db,05Ind@2,BUYER,IndDecentralizingAgent,_SystemAgent,51,1,41,24,-1,-1,BUYER|05Ind@2,[],05Ind@2,BUYER,p3,BUYER,True,3,0,51,,-1,-1
900,63bf348a-463c-4023-b6d7-a18777a8db74,05Ind@2,BUYER,IndDecentralizingAgent,_SystemAgent,51,2,41,24,-1,-1,BUYER|05Ind@2,[],05Ind@2,BUYER,p3,BUYER,True,3,0,51,,-1,-1
901,875fe84b-282d-4d18-a26e-506581e69a58,01Ran@0,03Dec@1,RandomAgent,DecentralizingAgent,27,4,1,24,-1,24,03Dec@1|01Ran@0,"[quantity: (1, 5), time: (24, 27), unit_price: (1, 18)]",01Ran@0,03Dec@1,p1,03Dec@1,True,1,9,-1,01Ran@0:product(1.0),-1,-1
902,8ccf8d38-aafe-47de-b77b-dc905457cfdd,00Buy@0,03Dec@1,BuyCheapSellExpensiveAgent,DecentralizingAgent,26,5,10,24,-1,24,03Dec@1|00Buy@0,"[quantity: (1, 5), time: (24, 27), unit_price: (1, 18)]",00Buy@0,03Dec@1,p1,03Dec@1,True,1,17,-1,00Buy@0:product(1.0),-1,-1
903,8a82e385-3fdf-4040-b259-ec26184c781e,05Ind@2,BUYER,IndDecentralizingAgent,_SystemAgent,51,1,41,24,-1,-1,BUYER|05Ind@2,[],05Ind@2,BUYER,p3,BUYER,True,3,0,51,,-1,-1
904,312eb009-b074-49c1-baa6-274b3a5be429,SELLER,00Buy@0,_SystemAgent,BuyCheapSellExpensiveAgent,51,1,10,24,-1,-1,00Buy@0|SELLER,[],SELLER,00Buy@0,p0,SELLER,False,0,0,51,,-1,-1
905,daf4a991-d2da-4c1e-a083-dc0c1093b2ff,SELLER,01Ran@0,_SystemAgent,RandomAgent,51,1,10,24,-1,-1,01Ran@0|SELLER,[],SELLER,01Ran@0,p0,SELLER,True,0,0,51,,-1,-1
906,11d5971f-ed27-492e-a546-f0adf317b031,SELLER,00Buy@0,_SystemAgent,BuyCheapSellExpensiveAgent,51,2,10,24,-1,-1,00Buy@0|SELLER,[],SELLER,00Buy@0,p0,SELLER,True,0,0,51,,-1,-1
907,fc7fb113-f1b5-4d30-aa8c-ed88ecb20735,SELLER,00Buy@0,_SystemAgent,BuyCheapSellExpensiveAgent,51,2,10,24,-1,-1,00Buy@0|SELLER,[],SELLER,00Buy@0,p0,SELLER,False,0,0,51,,-1,-1
908,cdfd43ca-5c15-448d-86e2-f11fa96683c5,01Ran@0,03Dec@1,RandomAgent,DecentralizingAgent,28,2,1,24,-1,24,03Dec@1|01Ran@0,"[quantity: (1, 5), time: (24, 28), unit_price: (1, 18)]",01Ran@0,03Dec@1,p1,03Dec@1,True,1,10,-1,01Ran@0:product(1.0),-1,-1
909,edb5b39e-efae-448b-baa4-203eaea5d95d,SELLER,01Ran@0,_SystemAgent,RandomAgent,51,4,10,24,-1,-1,01Ran@0|SELLER,[],SELLER,01Ran@0,p0,SELLER,False,0,0,51,,-1,-1
910,d7f2cf98-d9d9-4991-a288-d526fc27e074,SELLER,00Buy@0,_SystemAgent,BuyCheapSellExpensiveAgent,51,2,10,24,-1,-1,00Buy@0|SELLER,[],SELLER,00Buy@0,p0,SELLER,False,0,0,51,,-1,-1
911,c09207c3-6399-4348-9408-aea155d5408d,01Ran@0,02Dec@1,RandomAgent,DecentralizingAgent,28,3,2,24,-1,24,02Dec@1|01Ran@0,"[quantity: (1, 5), time: (24, 28), unit_price: (1, 18)]",01Ran@0,02Dec@1,p1,02Dec@1,True,1,12,-1,01Ran@0:product(1.0),-1,-1
912,a29b9a4a-9720-4dd2-a0e4-e169fe3e4e64,00Buy@0,03Dec@1,BuyCheapSellExpensiveAgent,DecentralizingAgent,25,5,9,24,-1,24,03Dec@1|00Buy@0,"[quantity: (1, 5), time: (24, 26), unit_price: (1, 18)]",00Buy@0,03Dec@1,p1,03Dec@1,True,1,17,-1,00Buy@0:product(1.0),-1,-1
913,3d5e57fd-bde8-474a-b005-6e5bf1358eaf,05Ind@2,BUYER,IndDecentralizingAgent,_SystemAgent,51,1,41,24,-1,-1,BUYER|05Ind@2,[],05Ind@2,BUYER,p3,BUYER,False,3,0,51,,-1,-1
914,82383fe1-fe65-49fb-9f66-3dcb50c168ed,SELLER,00Buy@0,_SystemAgent,BuyCheapSellExpensiveAgent,52,2,10,25,-1,-1,00Buy@0|SELLER,[],SELLER,00Buy@0,p0,SELLER,False,0,0,52,,-1,-1
915,eed11aa3-8d15-41c5-a2ed-d727eed60677,05Ind@2,BUYER,IndDecentralizingAgent,_SystemAgent,52,2,41,25,-1,-1,BUYER|05Ind@2,[],05Ind@2,BUYER,p3,BUYER,False,3,0,52,,-1,-1
916,4b70d98f-ab6c-4ab8-b21d-e4cd973d6052,SELLER,01Ran@0,_SystemAgent,RandomAgent,52,2,10,25,-1,-1,01Ran@0|SELLER,[],SELLER,01Ran@0,p0,SELLER,False,0,0,52,,-1,-1
917,90957c31-c634-4de6-84ce-149c8584c56a,03Dec@1,05Ind@2,DecentralizingAgent,IndDecentralizingAgent,33,5,41,25,-1,25,03Dec@1|05Ind@2,"[quantity: (1, 5), time: (28, 33), unit_price: (27, 54)]",03Dec@1,05Ind@2,p2,03Dec@1,False,2,17,33,,-1,-1
918,5b5d751d-1a8c-40d0-8c1f-ce7859d6a1e4,01Ran@0,03Dec@1,RandomAgent,DecentralizingAgent,26,5,1,25,-1,25,03Dec@1|01Ran@0,"[quantity: (1, 5), time: (25, 29), unit_price: (1, 18)]",01Ran@0,03Dec@1,p1,03Dec@1,True,1,8,-1,01Ran@0:product(1.0),-1,-1
919,a8cf2be1-bb21-46ca-8ff5-0a04944480b7,05Ind@2,BUYER,IndDecentralizingAgent,_SystemAgent,52,3,41,25,-1,-1,BUYER|05Ind@2,[],05Ind@2,BUYER,p3,BUYER,True,3,0,52,,-1,-1
920,5a4477a8-c4da-45f5-bca5-fa7be1a6fbfe,SELLER,00Buy@0,_SystemAgent,BuyCheapSellExpensiveAgent,52,2,10,25,-1,-1,00Buy@0|SELLER,[],SELLER,00Buy@0,p0,SELLER,False,0,0,52,,-1,-1
921,3d9a8a32-eaf9-4434-be1e-ced58bab70c5,SELLER,00Buy@0,_SystemAgent,BuyCheapSellExpensiveAgent,52,1,10,25,-1,-1,00Buy@0|SELLER,[],SELLER,00Buy@0,p0,SELLER,True,0,0,52,,-1,-1
922,a5201d34-8bcf-4e65-aa53-b6381c77f92f,SELLER,01Ran@0,_SystemAgent,RandomAgent,52,2,10,25,-1,-1,01Ran@0|SELLER,[],SELLER,01Ran@0,p0,SELLER,True,0,0,52,,-1,-1
923,dd9a8254-23cf-4a79-a058-95f22fa900b5,SELLER,01Ran@0,_SystemAgent,RandomAgent,52,2,10,25,-1,-1,01Ran@0|SELLER,[],SELLER,01Ran@0,p0,SELLER,True,0,0,52,,-1,-1
924,25b966c1-aa71-4bf9-9ba6-7eaa12bb684b,01Ran@0,02Dec@1,RandomAgent,DecentralizingAgent,27,4,3,25,-1,25,02Dec@1|01Ran@0,"[quantity: (1, 5), time: (25, 29), unit_price: (1, 18)]",01Ran@0,02Dec@1,p1,02Dec@1,True,1,12,-1,01Ran@0:product(1.0),-1,-1
925,e9f6720b-bf25-4bf2-8398-a1993bdbfefa,SELLER,00Buy@0,_SystemAgent,BuyCheapSellExpensiveAgent,52,4,10,25,-1,-1,00Buy@0|SELLER,[],SELLER,00Buy@0,p0,SELLER,True,0,0,52,,-1,-1
926,07a20f3a-7af2-424b-979b-8a55ffef6c25,03Dec@1,05Ind@2,DecentralizingAgent,IndDecentralizingAgent,29,5,40,25,-1,25,03Dec@1|05Ind@2,"[quantity: (1, 5), time: (29, 34), unit_price: (27, 54)]",03Dec@1,05Ind@2,p2,03Dec@1,False,2,17,29,,-1,-1
927,2cef55e7-ed8c-473f-be8a-50fbf685fc12,05Ind@2,BUYER,IndDecentralizingAgent,_SystemAgent,52,1,41,25,-1,-1,BUYER|05Ind@2,[],05Ind@2,BUYER,p3,BUYER,True,3,0,52,,-1,-1
928,fed56904-1f2e-4dd4-a1db-d662660ba7b1,05Ind@2,BUYER,IndDecentralizingAgent,_SystemAgent,52,2,41,25,-1,-1,BUYER|05Ind@2,[],05Ind@2,BUYER,p3,BUYER,True,3,0,52,,-1,-1
929,0df192cd-3c14-4786-b289-f547e243a5a1,05Ind@2,BUYER,IndDecentralizingAgent,_SystemAgent,52,1,41,25,-1,-1,BUYER|05Ind@2,[],05Ind@2,BUYER,p3,BUYER,True,3,0,52,,-1,-1
930,a6b04afd-d09b-4733-91cb-fc2f7055c2d6,SELLER,00Buy@0,_SystemAgent,BuyCheapSellExpensiveAgent,52,1,10,25,-1,-1,00Buy@0|SELLER,[],SELLER,00Buy@0,p0,SELLER,False,0,0,52,,-1,-1
931,e32a738d-9a9d-4426-b8e4-d3d0ff3da2cd,SELLER,00Buy@0,_SystemAgent,BuyCheapSellExpensiveAgent,52,3,10,25,-1,-1,00Buy@0|SELLER,[],SELLER,00Buy@0,p0,SELLER,False,0,0,52,,-1,-1
932,c9df1a7a-e877-4761-b2c8-bc3c656bf09f,00Buy@0,02Dec@1,BuyCheapSellExpensiveAgent,DecentralizingAgent,27,5,9,25,-1,25,02Dec@1|00Buy@0,"[quantity: (1, 5), time: (25, 29), unit_price: (1, 18)]",00Buy@0,02Dec@1,p1,02Dec@1,True,1,17,-1,00Buy@0:product(1.0),-1,-1
933,08fa9b60-49ac-4fc4-b59d-d3b96bf78c5e,01Ran@0,02Dec@1,RandomAgent,DecentralizingAgent,27,5,8,25,-1,25,02Dec@1|01Ran@0,"[quantity: (1, 5), time: (25, 27), unit_price: (1, 18)]",01Ran@0,02Dec@1,p1,02Dec@1,True,1,16,-1,01Ran@0:product(1.0),-1,-1
934,599c40e9-228c-461c-9e26-650d12b1051b,SELLER,01Ran@0,_SystemAgent,RandomAgent,52,1,10,25,-1,-1,01Ran@0|SELLER,[],SELLER,01Ran@0,p0,SELLER,False,0,0,52,,-1,-1
935,4d498b5a-c94f-4c12-8255-555f468f92a4,SELLER,01Ran@0,_SystemAgent,RandomAgent,53,2,10,26,-1,-1,01Ran@0|SELLER,[],SELLER,01Ran@0,p0,SELLER,True,0,0,53,,-1,-1
936,18ba7602-16b9-4a9c-8cf2-0d70d21dec00,SELLER,00Buy@0,_SystemAgent,BuyCheapSellExpensiveAgent,53,4,10,26,-1,-1,00Buy@0|SELLER,[],SELLER,00Buy@0,p0,SELLER,True,0,0,53,,-1,-1
937,e36d577b-a94f-4e69-a122-552c1a43de47,SELLER,00Buy@0,_SystemAgent,BuyCheapSellExpensiveAgent,53,2,10,26,-1,-1,00Buy@0|SELLER,[],SELLER,00Buy@0,p0,SELLER,True,0,0,53,,-1,-1
938,c9e645e3-1001-4124-adc4-69a6b040d5ae,SELLER,01Ran@0,_SystemAgent,RandomAgent,53,1,10,26,-1,-1,01Ran@0|SELLER,[],SELLER,01Ran@0,p0,SELLER,True,0,0,53,,-1,-1
939,3ac8dc97-9632-45ea-8b34-88b3ed742063,SELLER,01Ran@0,_SystemAgent,RandomAgent,53,2,10,26,-1,-1,01Ran@0|SELLER,[],SELLER,01Ran@0,p0,SELLER,False,0,0,53,,-1,-1
940,3d073aa1-0941-49aa-a450-9ccc21eebb78,02Dec@1,05Ind@2,DecentralizingAgent,IndDecentralizingAgent,27,5,40,26,-1,26,02Dec@1|05Ind@2,"[quantity: (1, 5), time: (27, 32), unit_price: (27, 54)]",02Dec@1,05Ind@2,p2,02Dec@1,False,2,17,27,,-1,-1
941,17a37fe0-dd76-4bc9-a4cb-610fbccefd48,05Ind@2,BUYER,IndDecentralizingAgent,_SystemAgent,53,1,41,26,-1,-1,BUYER|05Ind@2,[],05Ind@2,BUYER,p3,BUYER,True,3,0,53,,-1,-1
942,bbdda969-f5bc-4342-aa72-c823b5e538b5,SELLER,01Ran@0,_SystemAgent,RandomAgent,53,2,10,26,-1,-1,01Ran@0|SELLER,[],SELLER,01Ran@0,p0,SELLER,True,0,0,53,,-1,-1
943,97694cbb-9fe5-478a-a0b2-d2cfc118ae3c,03Dec@1,05Ind@2,DecentralizingAgent,IndDecentralizingAgent,36,5,41,26,-1,26,03Dec@1|05Ind@2,"[quantity: (1, 5), time: (31, 36), unit_price: (27, 54)]",03Dec@1,05Ind@2,p2,03Dec@1,False,2,17,36,,-1,-1
944,9d91dc40-a094-42a4-81e6-66cda023b35b,05Ind@2,BUYER,IndDecentralizingAgent,_SystemAgent,53,1,41,26,-1,-1,BUYER|05Ind@2,[],05Ind@2,BUYER,p3,BUYER,False,3,0,53,,-1,-1
945,617e5f0a-1c8e-4bbb-b6b8-06e8e3fc49b1,02Dec@1,05Ind@2,DecentralizingAgent,IndDecentralizingAgent,36,5,41,26,-1,26,02Dec@1|05Ind@2,"[quantity: (1, 5), time: (31, 36), unit_price: (27, 54)]",02Dec@1,05Ind@2,p2,02Dec@1,False,2,17,36,,-1,-1
946,e2bee089-a688-4c31-9fe9-1c5de05a5aba,05Ind@2,BUYER,IndDecentralizingAgent,_SystemAgent,53,3,41,26,-1,-1,BUYER|05Ind@2,[],05Ind@2,BUYER,p3,BUYER,False,3,0,53,,-1,-1
947,0b855640-2b91-4f55-b603-250fde55bd08,SELLER,01Ran@0,_SystemAgent,RandomAgent,53,1,10,26,-1,-1,01Ran@0|SELLER,[],SELLER,01Ran@0,p0,SELLER,False,0,0,53,,-1,-1
948,5353fbcb-7c42-4933-a7c8-e7ba414ef824,00Buy@0,03Dec@1,BuyCheapSellExpensiveAgent,DecentralizingAgent,28,5,10,26,-1,26,03Dec@1|00Buy@0,"[quantity: (1, 5), time: (26, 30), unit_price: (1, 18)]",00Buy@0,03Dec@1,p1,03Dec@1,True,1,17,-1,00Buy@0:product(1.0),-1,-1
949,3535950c-2444-4d3a-aa67-800d3460f87b,05Ind@2,BUYER,IndDecentralizingAgent,_SystemAgent,53,1,41,26,-1,-1,BUYER|05Ind@2,[],05Ind@2,BUYER,p3,BUYER,False,3,0,53,,-1,-1
950,b1d13968-d773-4592-9c5c-91002f5533c1,00Buy@0,03Dec@1,BuyCheapSellExpensiveAgent,DecentralizingAgent,27,5,9,26,-1,26,03Dec@1|00Buy@0,"[quantity: (1, 5), time: (26, 29), unit_price: (1, 18)]",00Buy@0,03Dec@1,p1,03Dec@1,True,1,17,-1,00Buy@0:product(1.0),-1,-1
951,e8ffd135-1a83-4421-aa33-4ef3c0ef0433,03Dec@1,05Ind@2,DecentralizingAgent,IndDecentralizingAgent,31,5,41,26,-1,26,03Dec@1|05Ind@2,"[quantity: (1, 5), time: (26, 31), unit_price: (27, 54)]",03Dec@1,05Ind@2,p2,03Dec@1,False,2,17,31,,-1,-1
952,b468bb34-43e9-4530-ac2e-068d2fe28aa8,SELLER,00Buy@0,_SystemAgent,BuyCheapSellExpensiveAgent,53,3,10,26,-1,-1,00Buy@0|SELLER,[],SELLER,00Buy@0,p0,SELLER,False,0,0,53,,-1,-1
953,2013625d-db3f-4a60-aab5-8c69455735c4,SELLER,01Ran@0,_SystemAgent,RandomAgent,53,3,10,26,-1,-1,01Ran@0|SELLER,[],SELLER,01Ran@0,p0,SELLER,True,0,0,53,,-1,-1
954,7134aac2-446b-4ff8-9fcf-70c9eefdd5ea,SELLER,00Buy@0,_SystemAgent,BuyCheapSellExpensiveAgent,54,4,10,27,-1,-1,00Buy@0|SELLER,[],SELLER,00Buy@0,p0,SELLER,False,0,0,54,,-1,-1
955,0ccbf4c7-e55c-4901-b8ae-f5b2f4d70a5e,05Ind@2,BUYER,IndDecentralizingAgent,_SystemAgent,54,2,41,27,-1,-1,BUYER|05Ind@2,[],05Ind@2,BUYER,p3,BUYER,True,3,0,54,,-1,-1
956,ac541539-dce4-4b1d-9186-91fdf1d6df4e,01Ran@0,02Dec@1,RandomAgent,DecentralizingAgent,30,4,6,27,-1,27,02Dec@1|01Ran@0,"[quantity: (1, 5), time: (27, 31), unit_price: (1, 18)]",01Ran@0,02Dec@1,p1,02Dec@1,True,1,15,-1,01Ran@0:product(1.0),-1,-1
957,2cdc245b-3bda-4d92-87a1-818a693dcd9c,05Ind@2,BUYER,IndDecentralizingAgent,_SystemAgent,54,2,41,27,-1,-1,BUYER|05Ind@2,[],05Ind@2,BUYER,p3,BUYER,True,3,0,54,,-1,-1
958,90090ec9-26e9-417f-a425-bf6213df966f,SELLER,00Buy@0,_SystemAgent,BuyCheapSellExpensiveAgent,54,1,10,27,-1,-1,00Buy@0|SELLER,[],SELLER,00Buy@0,p0,SELLER,True,0,0,54,,-1,-1
959,a27475d5-2e69-415e-8eb7-5fb5b44c50f1,01Ran@0,02Dec@1,RandomAgent,DecentralizingAgent,29,5,2,27,-1,27,02Dec@1|01Ran@0,"[quantity: (1, 5), time: (27, 30), unit_price: (1, 18)]",01Ran@0,02Dec@1,p1,02Dec@1,True,1,16,-1,01Ran@0:product(1.0),-1,-1
960,1175fd4f-6b0d-42c9-a5d5-8e0dbab29b73,00Buy@0,02Dec@1,BuyCheapSellExpensiveAgent,DecentralizingAgent,29,5,9,27,-1,27,02Dec@1|00Buy@0,"[quantity: (1, 5), time: (27, 31), unit_price: (1, 18)]",00Buy@0,02Dec@1,p1,02Dec@1,True,1,17,-1,00Buy@0:product(1.0),-1,-1
961,5ec8fec6-c51e-4255-a2ce-3c93557b1a21,01Ran@0,03Dec@1,RandomAgent,DecentralizingAgent,28,5,2,27,-1,27,03Dec@1|01Ran@0,"[quantity: (1, 5), time: (27, 31), unit_price: (1, 18)]",01Ran@0,03Dec@1,p1,03Dec@1,True,1,11,-1,01Ran@0:product(1.0),-1,-1
962,7e4f8086-0e7f-4f89-88cb-a567af7bd2fc,05Ind@2,BUYER,IndDecentralizingAgent,_SystemAgent,54,2,41,27,-1,-1,BUYER|05Ind@2,[],05Ind@2,BUYER,p3,BUYER,True,3,0,54,,-1,-1
963,2d139e83-a431-431a-9a30-d2049d5b0195,SELLER,00Buy@0,_SystemAgent,BuyCheapSellExpensiveAgent,54,3,10,27,-1,-1,00Buy@0|SELLER,[],SELLER,00Buy@0,p0,SELLER,True,0,0,54,,-1,-1
964,01296dbe-91c9-4dcf-8b91-d9e7e840bfb9,SELLER,01Ran@0,_SystemAgent,RandomAgent,54,3,10,27,-1,-1,01Ran@0|SELLER,[],SELLER,01Ran@0,p0,SELLER,False,0,0,54,,-1,-1
965,fcca0dfb-dfd7-448f-a4fc-98847022cb68,05Ind@2,BUYER,IndDecentralizingAgent,_SystemAgent,54,2,41,27,-1,-1,BUYER|05Ind@2,[],05Ind@2,BUYER,p3,BUYER,True,3,0,54,,-1,-1
966,f74662d1-0e34-4ed0-acf1-2ac78442ea62,05Ind@2,BUYER,IndDecentralizingAgent,_SystemAgent,54,1,41,27,-1,-1,BUYER|05Ind@2,[],05Ind@2,BUYER,p3,BUYER,True,3,0,54,,-1,-1
967,f9657436-06a5-48ad-9e19-fbf680d3396e,SELLER,01Ran@0,_SystemAgent,RandomAgent,54,5,10,27,-1,-1,01Ran@0|SELLER,[],SELLER,01Ran@0,p0,SELLER,True,0,0,54,,-1,-1
968,e16f83b3-0abf-4e51-9736-2a6ca632ba33,SELLER,01Ran@0,_SystemAgent,RandomAgent,54,1,10,27,-1,-1,01Ran@0|SELLER,[],SELLER,01Ran@0,p0,SELLER,True,0,0,54,,-1,-1
969,b1af001d-fe51-4a52-9a3b-92f4739e7291,SELLER,00Buy@0,_SystemAgent,BuyCheapSellExpensiveAgent,54,1,10,27,-1,-1,00Buy@0|SELLER,[],SELLER,00Buy@0,p0,SELLER,True,0,0,54,,-1,-1
970,f208c0d1-d871-4bff-ae59-0c7bce9d5dfb,SELLER,01Ran@0,_SystemAgent,RandomAgent,54,2,10,27,-1,-1,01Ran@0|SELLER,[],SELLER,01Ran@0,p0,SELLER,True,0,0,54,,-1,-1
971,8ff7fc9e-2d6f-4eb7-a87d-1c13f244d40a,SELLER,01Ran@0,_SystemAgent,RandomAgent,55,2,10,28,-1,-1,01Ran@0|SELLER,[],SELLER,01Ran@0,p0,SELLER,True,0,0,55,,-1,-1
972,fe33eee2-cbd3-43fb-8aee-c2c8d552f9bc,01Ran@0,03Dec@1,RandomAgent,DecentralizingAgent,30,1,1,28,-1,28,03Dec@1|01Ran@0,"[quantity: (1, 5), time: (28, 32), unit_price: (1, 18)]",01Ran@0,03Dec@1,p1,03Dec@1,True,1,15,-1,01Ran@0:product(1.0),-1,-1
973,57cff17f-95c9-4055-a463-2b100ed87310,05Ind@2,BUYER,IndDecentralizingAgent,_SystemAgent,55,2,41,28,-1,-1,BUYER|05Ind@2,[],05Ind@2,BUYER,p3,BUYER,True,3,0,55,,-1,-1
974,f9ea359f-2657-474e-8df3-9e54d872359f,SELLER,01Ran@0,_SystemAgent,RandomAgent,55,2,10,28,-1,-1,01Ran@0|SELLER,[],SELLER,01Ran@0,p0,SELLER,True,0,0,55,,-1,-1
975,2b639c5e-2fce-4bbf-bff8-677c8ebad8d5,SELLER,01Ran@0,_SystemAgent,RandomAgent,55,1,10,28,-1,-1,01Ran@0|SELLER,[],SELLER,01Ran@0,p0,SELLER,False,0,0,55,,-1,-1
976,c9908b9a-ced9-48fa-a3e7-d1bcd547f0f3,05Ind@2,BUYER,IndDecentralizingAgent,_SystemAgent,55,4,41,28,-1,-1,BUYER|05Ind@2,[],05Ind@2,BUYER,p3,BUYER,True,3,0,55,,-1,-1
977,c3ccc9a1-2c7d-410e-8a8f-e1e197c8bf21,02Dec@1,05Ind@2,DecentralizingAgent,IndDecentralizingAgent,38,5,41,28,-1,28,02Dec@1|05Ind@2,"[quantity: (1, 5), time: (33, 38), unit_price: (27, 54)]",02Dec@1,05Ind@2,p2,02Dec@1,False,2,17,38,,-1,-1
978,de1d9820-21b0-4bce-b08c-674c873ada56,01Ran@0,02Dec@1,RandomAgent,DecentralizingAgent,31,3,2,28,-1,28,02Dec@1|01Ran@0,"[quantity: (1, 5), time: (28, 32), unit_price: (1, 18)]",01Ran@0,02Dec@1,p1,02Dec@1,True,1,12,-1,01Ran@0:product(1.0),-1,-1
979,7da9146d-907a-4cf9-9f81-573a0458a464,SELLER,01Ran@0,_SystemAgent,RandomAgent,55,1,10,28,-1,-1,01Ran@0|SELLER,[],SELLER,01Ran@0,p0,SELLER,True,0,0,55,,-1,-1
980,2b9ab065-839d-4959-9a74-d3c51987ebcb,01Ran@0,02Dec@1,RandomAgent,DecentralizingAgent,30,1,1,28,-1,28,02Dec@1|01Ran@0,"[quantity: (1, 5), time: (28, 30), unit_price: (1, 18)]",01Ran@0,02Dec@1,p1,02Dec@1,True,1,9,-1,01Ran@0:product(1.0),-1,-1
981,0ad360de-3104-4a88-a4fe-f5032a23ef01,01Ran@0,03Dec@1,RandomAgent,DecentralizingAgent,31,2,2,28,-1,28,03Dec@1|01Ran@0,"[quantity: (1, 5), time: (28, 31), unit_price: (1, 18)]",01Ran@0,03Dec@1,p1,03Dec@1,True,1,12,-1,01Ran@0:product(1.0),-1,-1
982,1868afab-7d77-4a35-8456-f74517c6a1b3,00Buy@0,02Dec@1,BuyCheapSellExpensiveAgent,DecentralizingAgent,29,5,10,28,-1,28,02Dec@1|00Buy@0,"[quantity: (1, 5), time: (28, 30), unit_price: (1, 18)]",00Buy@0,02Dec@1,p1,02Dec@1,True,1,17,-1,00Buy@0:product(1.0),-1,-1
983,4f9e5d03-b0fd-4be4-b3a8-112f88ab1294,SELLER,01Ran@0,_SystemAgent,RandomAgent,55,2,10,28,-1,-1,01Ran@0|SELLER,[],SELLER,01Ran@0,p0,SELLER,True,0,0,55,,-1,-1
984,70738347-cb58-4d59-808a-e9de4150f76d,SELLER,01Ran@0,_SystemAgent,RandomAgent,55,3,10,28,-1,-1,01Ran@0|SELLER,[],SELLER,01Ran@0,p0,SELLER,True,0,0,55,,-1,-1
985,876e1bd1-973a-4df4-b410-3f87416f562a,SELLER,00Buy@0,_SystemAgent,BuyCheapSellExpensiveAgent,55,3,10,28,-1,-1,00Buy@0|SELLER,[],SELLER,00Buy@0,p0,SELLER,False,0,0,55,,-1,-1
986,03961221-f565-49b5-ad4c-a3c528b07b99,SELLER,01Ran@0,_SystemAgent,RandomAgent,55,1,10,28,-1,-1,01Ran@0|SELLER,[],SELLER,01Ran@0,p0,SELLER,False,0,0,55,,-1,-1
987,e346cdf3-e47f-472a-ab84-324a9121746a,SELLER,00Buy@0,_SystemAgent,BuyCheapSellExpensiveAgent,55,1,10,28,-1,-1,00Buy@0|SELLER,[],SELLER,00Buy@0,p0,SELLER,False,0,0,55,,-1,-1
988,4259021d-eb92-4b97-873f-93dac6bf629b,SELLER,00Buy@0,_SystemAgent,BuyCheapSellExpensiveAgent,55,4,10,28,-1,-1,00Buy@0|SELLER,[],SELLER,00Buy@0,p0,SELLER,False,0,0,55,,-1,-1
989,b6191714-ca6e-438e-86d1-c15bc9d945d6,05Ind@2,BUYER,IndDecentralizingAgent,_SystemAgent,55,2,41,28,-1,-1,BUYER|05Ind@2,[],05Ind@2,BUYER,p3,BUYER,True,3,0,55,,-1,-1
990,826e37cb-6d03-4ac2-8508-c3c06d26fe96,00Buy@0,02Dec@1,BuyCheapSellExpensiveAgent,DecentralizingAgent,30,5,9,28,-1,28,02Dec@1|00Buy@0,"[quantity: (1, 5), time: (28, 32), unit_price: (1, 18)]",00Buy@0,02Dec@1,p1,02Dec@1,True,1,17,-1,00Buy@0:product(1.0),-1,-1
991,2c73d204-92f7-4d94-a644-5b3c77d3efea,00Buy@0,03Dec@1,BuyCheapSellExpensiveAgent,DecentralizingAgent,29,5,9,28,-1,28,03Dec@1|00Buy@0,"[quantity: (1, 5), time: (28, 31), unit_price: (1, 18)]",00Buy@0,03Dec@1,p1,03Dec@1,True,1,17,-1,00Buy@0:product(1.0),-1,-1
992,beac7de5-df66-4a62-a40e-0b2d1784e0e9,00Buy@0,03Dec@1,BuyCheapSellExpensiveAgent,DecentralizingAgent,30,5,9,28,-1,28,03Dec@1|00Buy@0,"[quantity: (1, 5), time: (28, 32), unit_price: (1, 18)]",00Buy@0,03Dec@1,p1,03Dec@1,True,1,17,-1,00Buy@0:product(1.0),-1,-1
993,93669125-7268-4536-8857-3f7b72f60656,03Dec@1,05Ind@2,DecentralizingAgent,IndDecentralizingAgent,39,5,41,29,-1,29,03Dec@1|05Ind@2,"[quantity: (1, 5), time: (34, 39), unit_price: (27, 54)]",03Dec@1,05Ind@2,p2,03Dec@1,False,2,17,39,,-1,-1
994,6fcb4598-3486-493d-802a-ed1a5b1fc163,05Ind@2,BUYER,IndDecentralizingAgent,_SystemAgent,56,3,41,29,-1,-1,BUYER|05Ind@2,[],05Ind@2,BUYER,p3,BUYER,False,3,0,56,,-1,-1
995,4d647951-7cf4-4c37-9d97-5df661f9931b,SELLER,01Ran@0,_SystemAgent,RandomAgent,56,1,10,29,-1,-1,01Ran@0|SELLER,[],SELLER,01Ran@0,p0,SELLER,False,0,0,56,,-1,-1
996,40014877-f2d4-4060-b75a-dde7a70de3f8,00Buy@0,03Dec@1,BuyCheapSellExpensiveAgent,DecentralizingAgent,31,5,10,29,-1,29,03Dec@1|00Buy@0,"[quantity: (1, 5), time: (29, 33), unit_price: (1, 18)]",00Buy@0,03Dec@1,p1,03Dec@1,True,1,17,-1,00Buy@0:product(1.0),-1,-1
997,4337b628-9a5f-4099-9562-4a772e29354b,SELLER,00Buy@0,_SystemAgent,BuyCheapSellExpensiveAgent,56,1,10,29,-1,-1,00Buy@0|SELLER,[],SELLER,00Buy@0,p0,SELLER,False,0,0,56,,-1,-1
998,06dafc71-bbd4-47c6-9a8d-43c7237538fa,00Buy@0,02Dec@1,BuyCheapSellExpensiveAgent,DecentralizingAgent,31,5,9,29,-1,29,02Dec@1|00Buy@0,"[quantity: (1, 5), time: (29, 33), unit_price: (1, 18)]",00Buy@0,02Dec@1,p1,02Dec@1,True,1,17,-1,00Buy@0:product(1.0),-1,-1
999,8db380a4-7736-48d2-8cf3-4bbd643a41ef,SELLER,01Ran@0,_SystemAgent,RandomAgent,56,1,10,29,-1,-1,01Ran@0|SELLER,[],SELLER,01Ran@0,p0,SELLER,True,0,0,56,,-1,-1
1000,e97f0c12-573f-4519-bab6-b2e951ed844c,01Ran@0,02Dec@1,RandomAgent,DecentralizingAgent,33,1,1,29,-1,29,02Dec@1|01Ran@0,"[quantity: (1, 5), time: (29, 33), unit_price: (1, 18)]",01Ran@0,02Dec@1,p1,02Dec@1,True,1,12,-1,01Ran@0:product(1.0),-1,-1
1001,8e49691c-67f2-48fc-ab00-b604497ca184,05Ind@2,BUYER,IndDecentralizingAgent,_SystemAgent,56,2,41,29,-1,-1,BUYER|05Ind@2,[],05Ind@2,BUYER,p3,BUYER,True,3,0,56,,-1,-1
1002,cf4d8424-831c-48af-836a-c1480c032b05,SELLER,01Ran@0,_SystemAgent,RandomAgent,56,1,10,29,-1,-1,01Ran@0|SELLER,[],SELLER,01Ran@0,p0,SELLER,False,0,0,56,,-1,-1
1003,ac352af7-ba01-4043-a3fd-1d9cdbdbe10d,SELLER,01Ran@0,_SystemAgent,RandomAgent,56,3,10,29,-1,-1,01Ran@0|SELLER,[],SELLER,01Ran@0,p0,SELLER,False,0,0,56,,-1,-1
1004,e619ee4a-c8ac-4dbb-9774-8e88b7fe5767,05Ind@2,BUYER,IndDecentralizingAgent,_SystemAgent,56,1,41,29,-1,-1,BUYER|05Ind@2,[],05Ind@2,BUYER,p3,BUYER,True,3,0,56,,-1,-1
1005,a101e1c4-8654-41ec-b11e-d4ba4fa80ca1,02Dec@1,05Ind@2,DecentralizingAgent,IndDecentralizingAgent,36,5,41,29,-1,29,02Dec@1|05Ind@2,"[quantity: (1, 5), time: (31, 36), unit_price: (27, 54)]",02Dec@1,05Ind@2,p2,02Dec@1,False,2,17,36,,-1,-1
1006,8af4a67e-c28e-4de8-b972-4ee78ef73a2b,02Dec@1,05Ind@2,DecentralizingAgent,IndDecentralizingAgent,38,5,41,29,-1,29,02Dec@1|05Ind@2,"[quantity: (1, 5), time: (33, 38), unit_price: (27, 54)]",02Dec@1,05Ind@2,p2,02Dec@1,False,2,17,38,,-1,-1
1007,7c11b299-df23-467d-858e-5d900249b1fc,SELLER,00Buy@0,_SystemAgent,BuyCheapSellExpensiveAgent,56,2,10,29,-1,-1,00Buy@0|SELLER,[],SELLER,00Buy@0,p0,SELLER,False,0,0,56,,-1,-1
1008,f2f9702e-6c34-4400-902e-ff504104f747,SELLER,00Buy@0,_SystemAgent,BuyCheapSellExpensiveAgent,56,2,10,29,-1,-1,00Buy@0|SELLER,[],SELLER,00Buy@0,p0,SELLER,False,0,0,56,,-1,-1
1009,661f3d1b-42ef-4493-b523-f2451fb96753,03Dec@1,05Ind@2,DecentralizingAgent,IndDecentralizingAgent,37,5,41,29,-1,29,03Dec@1|05Ind@2,"[quantity: (1, 5), time: (32, 37), unit_price: (27, 54)]",03Dec@1,05Ind@2,p2,03Dec@1,False,2,17,37,,-1,-1
1010,6d36b012-302e-43a8-aceb-1a06f0844d3c,SELLER,01Ran@0,_SystemAgent,RandomAgent,56,2,10,29,-1,-1,01Ran@0|SELLER,[],SELLER,01Ran@0,p0,SELLER,True,0,0,56,,-1,-1
1011,b1a1a722-c9c4-4d9c-abf5-bc423ae8ca81,SELLER,01Ran@0,_SystemAgent,RandomAgent,56,1,10,29,-1,-1,01Ran@0|SELLER,[],SELLER,01Ran@0,p0,SELLER,False,0,0,56,,-1,-1
1012,9f3ab8ce-7ea9-45ea-a608-9efc839e88d8,SELLER,00Buy@0,_SystemAgent,BuyCheapSellExpensiveAgent,56,2,10,29,-1,-1,00Buy@0|SELLER,[],SELLER,00Buy@0,p0,SELLER,False,0,0,56,,-1,-1
1013,b4375db2-1866-48df-a756-5ce3624f121f,SELLER,00Buy@0,_SystemAgent,BuyCheapSellExpensiveAgent,56,1,10,29,-1,-1,00Buy@0|SELLER,[],SELLER,00Buy@0,p0,SELLER,False,0,0,56,,-1,-1
1014,0bf45dd1-caf4-40bc-a428-7069b194f0bb,SELLER,00Buy@0,_SystemAgent,BuyCheapSellExpensiveAgent,56,3,10,29,-1,-1,00Buy@0|SELLER,[],SELLER,00Buy@0,p0,SELLER,False,0,0,56,,-1,-1
1015,78e8f721-0be1-49ab-99a3-b85ebe342cbb,01Ran@0,03Dec@1,RandomAgent,DecentralizingAgent,31,2,1,29,-1,29,03Dec@1|01Ran@0,"[quantity: (1, 5), time: (29, 33), unit_price: (1, 18)]",01Ran@0,03Dec@1,p1,03Dec@1,True,1,10,-1,01Ran@0:product(1.0),-1,-1
1016,421175b9-19d8-493d-ae4e-e4c831acbdf8,05Ind@2,BUYER,IndDecentralizingAgent,_SystemAgent,56,3,41,29,-1,-1,BUYER|05Ind@2,[],05Ind@2,BUYER,p3,BUYER,True,3,0,56,,-1,-1
1017,366da894-ba97-44b0-8c86-5c86c04eb7e4,01Ran@0,02Dec@1,RandomAgent,DecentralizingAgent,32,5,5,30,-1,30,02Dec@1|01Ran@0,"[quantity: (1, 5), time: (30, 34), unit_price: (1, 18)]",01Ran@0,02Dec@1,p1,02Dec@1,True,1,14,-1,01Ran@0:product(1.0),-1,-1
1018,a0743d47-dc2a-4623-a4a2-acba94b042f6,SELLER,00Buy@0,_SystemAgent,BuyCheapSellExpensiveAgent,57,3,10,30,-1,-1,00Buy@0|SELLER,[],SELLER,00Buy@0,p0,SELLER,True,0,0,57,,-1,-1
1019,116cfdf1-03b6-4f25-ab5e-240480aaa8da,05Ind@2,BUYER,IndDecentralizingAgent,_SystemAgent,57,2,41,30,-1,-1,BUYER|05Ind@2,[],05Ind@2,BUYER,p3,BUYER,True,3,0,57,,-1,-1
1020,7795d8c0-396e-4ebd-812e-c7cbfc63e594,SELLER,00Buy@0,_SystemAgent,BuyCheapSellExpensiveAgent,57,2,10,30,-1,-1,00Buy@0|SELLER,[],SELLER,00Buy@0,p0,SELLER,False,0,0,57,,-1,-1
1021,0b1852aa-a940-44a6-99ec-ef83b211af62,SELLER,01Ran@0,_SystemAgent,RandomAgent,57,1,10,30,-1,-1,01Ran@0|SELLER,[],SELLER,01Ran@0,p0,SELLER,True,0,0,57,,-1,-1
1022,ac581a27-7f4c-482a-829b-ca367877a655,SELLER,01Ran@0,_SystemAgent,RandomAgent,57,3,10,30,-1,-1,01Ran@0|SELLER,[],SELLER,01Ran@0,p0,SELLER,True,0,0,57,,-1,-1
1023,680796bc-5a62-4f1b-9aac-e0579d5ecb09,05Ind@2,BUYER,IndDecentralizingAgent,_SystemAgent,57,1,41,30,-1,-1,BUYER|05Ind@2,[],05Ind@2,BUYER,p3,BUYER,True,3,0,57,,-1,-1
1024,df8fe310-2218-4147-961f-207d53e03f70,01Ran@0,03Dec@1,RandomAgent,DecentralizingAgent,34,3,2,30,-1,30,03Dec@1|01Ran@0,"[quantity: (1, 5), time: (30, 34), unit_price: (1, 18)]",01Ran@0,03Dec@1,p1,03Dec@1,True,1,12,-1,01Ran@0:product(1.0),-1,-1
1025,3e27d436-2c4c-41c3-9d74-653f58284979,SELLER,01Ran@0,_SystemAgent,RandomAgent,57,1,10,30,-1,-1,01Ran@0|SELLER,[],SELLER,01Ran@0,p0,SELLER,False,0,0,57,,-1,-1
1026,33410b1e-5e93-4428-9bf3-07f79ca9cdc2,02Dec@1,05Ind@2,DecentralizingAgent,IndDecentralizingAgent,35,5,40,30,-1,30,02Dec@1|05Ind@2,"[quantity: (1, 5), time: (35, 40), unit_price: (27, 54)]",02Dec@1,05Ind@2,p2,02Dec@1,False,2,17,35,,-1,-1
1027,0076f03e-042d-4694-b4fd-74e3403b8b64,SELLER,00Buy@0,_SystemAgent,BuyCheapSellExpensiveAgent,57,2,10,30,-1,-1,00Buy@0|SELLER,[],SELLER,00Buy@0,p0,SELLER,True,0,0,57,,-1,-1
1028,9827ceee-c964-49d8-9443-ce43d1b42913,SELLER,01Ran@0,_SystemAgent,RandomAgent,57,3,10,30,-1,-1,01Ran@0|SELLER,[],SELLER,01Ran@0,p0,SELLER,False,0,0,57,,-1,-1
1029,1eb90584-4630-469a-979f-f2e00166cd75,02Dec@1,05Ind@2,DecentralizingAgent,IndDecentralizingAgent,34,5,40,30,-1,30,02Dec@1|05Ind@2,"[quantity: (1, 5), time: (34, 39), unit_price: (27, 54)]",02Dec@1,05Ind@2,p2,02Dec@1,False,2,17,34,,-1,-1
1030,275ac409-6519-4599-8914-a74f52335b3f,SELLER,00Buy@0,_SystemAgent,BuyCheapSellExpensiveAgent,57,1,10,30,-1,-1,00Buy@0|SELLER,[],SELLER,00Buy@0,p0,SELLER,False,0,0,57,,-1,-1
1031,7b2783ef-7cc7-4478-b805-29f1daf38d51,03Dec@1,05Ind@2,DecentralizingAgent,IndDecentralizingAgent,40,5,41,30,-1,30,03Dec@1|05Ind@2,"[quantity: (1, 5), time: (35, 40), unit_price: (27, 54)]",03Dec@1,05Ind@2,p2,03Dec@1,False,2,17,40,,-1,-1
1032,78c43edf-f61e-44db-98f8-04b667bb5ca4,05Ind@2,BUYER,IndDecentralizingAgent,_SystemAgent,57,4,41,30,-1,-1,BUYER|05Ind@2,[],05Ind@2,BUYER,p3,BUYER,True,3,0,57,,-1,-1
1033,2d9096b8-aa1d-4cfe-a47f-089613b57ed0,SELLER,01Ran@0,_SystemAgent,RandomAgent,57,3,10,30,-1,-1,01Ran@0|SELLER,[],SELLER,01Ran@0,p0,SELLER,True,0,0,57,,-1,-1
1034,dc774992-667c-4ea8-8225-4f0688747794,SELLER,00Buy@0,_SystemAgent,BuyCheapSellExpensiveAgent,57,1,10,30,-1,-1,00Buy@0|SELLER,[],SELLER,00Buy@0,p0,SELLER,True,0,0,57,,-1,-1
1035,83c14058-e545-46d3-aa36-c44462084d3e,00Buy@0,03Dec@1,BuyCheapSellExpensiveAgent,DecentralizingAgent,32,5,9,30,-1,30,03Dec@1|00Buy@0,"[quantity: (1, 5), time: (30, 34), unit_price: (1, 18)]",00Buy@0,03Dec@1,p1,03Dec@1,True,1,17,-1,00Buy@0:product(1.0),-1,-1
1036,01bd8b40-bd35-4e58-a07f-56f7520cf643,01Ran@0,03Dec@1,RandomAgent,DecentralizingAgent,32,4,1,31,-1,31,03Dec@1|01Ran@0,"[quantity: (1, 5), time: (31, 35), unit_price: (1, 18)]",01Ran@0,03Dec@1,p1,03Dec@1,True,1,10,-1,01Ran@0:product(1.0),-1,-1
1037,6b1385c2-bd31-4861-931b-10d3f5a9786a,00Buy@0,02Dec@1,BuyCheapSellExpensiveAgent,DecentralizingAgent,33,5,10,31,-1,31,02Dec@1|00Buy@0,"[quantity: (1, 5), time: (31, 35), unit_price: (1, 18)]",00Buy@0,02Dec@1,p1,02Dec@1,True,1,17,-1,00Buy@0:product(1.0),-1,-1
1038,f87bedac-a4de-42ec-8713-4c2f8529bfb4,05Ind@2,BUYER,IndDecentralizingAgent,_SystemAgent,58,4,41,31,-1,-1,BUYER|05Ind@2,[],05Ind@2,BUYER,p3,BUYER,False,3,0,58,,-1,-1
1039,acf8f55c-90b8-4570-944b-beb358450509,05Ind@2,BUYER,IndDecentralizingAgent,_SystemAgent,58,2,41,31,-1,-1,BUYER|05Ind@2,[],05Ind@2,BUYER,p3,BUYER,True,3,0,58,,-1,-1
1040,8503c079-5f04-43cb-b7de-ac6bc7798007,00Buy@0,02Dec@1,BuyCheapSellExpensiveAgent,DecentralizingAgent,32,5,9,31,-1,31,02Dec@1|00Buy@0,"[quantity: (1, 5), time: (31, 34), unit_price: (1, 18)]",00Buy@0,02Dec@1,p1,02Dec@1,True,1,17,-1,00Buy@0:product(1.0),-1,-1
1041,0aca1237-b544-4da6-9134-4708b8c6d789,01Ran@0,02Dec@1,RandomAgent,DecentralizingAgent,35,2,2,31,-1,31,02Dec@1|01Ran@0,"[quantity: (1, 5), time: (31, 35), unit_price: (1, 18)]",01Ran@0,02Dec@1,p1,02Dec@1,True,1,13,-1,01Ran@0:product(1.0),-1,-1
1042,40eb70a5-32a4-48ca-a356-1ee8de9e8668,05Ind@2,BUYER,IndDecentralizingAgent,_SystemAgent,58,2,41,31,-1,-1,BUYER|05Ind@2,[],05Ind@2,BUYER,p3,BUYER,True,3,0,58,,-1,-1
1043,d95545f9-555c-4ec7-9e47-799a9a3f0b21,05Ind@2,BUYER,IndDecentralizingAgent,_SystemAgent,58,1,41,31,-1,-1,BUYER|05Ind@2,[],05Ind@2,BUYER,p3,BUYER,False,3,0,58,,-1,-1
1044,129d4a18-7ad7-4e31-ad0c-91603a13efb2,00Buy@0,03Dec@1,BuyCheapSellExpensiveAgent,DecentralizingAgent,33,5,10,31,-1,31,03Dec@1|00Buy@0,"[quantity: (1, 5), time: (31, 35), unit_price: (1, 18)]",00Buy@0,03Dec@1,p1,03Dec@1,True,1,17,-1,00Buy@0:product(1.0),-1,-1
1045,8dca32cc-047d-46f2-8ee6-01325ccee9f1,05Ind@2,BUYER,IndDecentralizingAgent,_SystemAgent,58,1,41,31,-1,-1,BUYER|05Ind@2,[],05Ind@2,BUYER,p3,BUYER,True,3,0,58,,-1,-1
1046,56e57bd5-54ab-4c93-8356-1591750808f8,05Ind@2,BUYER,IndDecentralizingAgent,_SystemAgent,58,1,41,31,-1,-1,BUYER|05Ind@2,[],05Ind@2,BUYER,p3,BUYER,False,3,0,58,,-1,-1
1047,c03d9ab0-95df-4382-a07b-fbe4e8236165,05Ind@2,BUYER,IndDecentralizingAgent,_SystemAgent,58,1,41,31,-1,-1,BUYER|05Ind@2,[],05Ind@2,BUYER,p3,BUYER,True,3,0,58,,-1,-1
1048,31295404-63b4-46cc-a4f9-f9b303d20516,00Buy@0,03Dec@1,BuyCheapSellExpensiveAgent,DecentralizingAgent,34,5,10,32,-1,32,03Dec@1|00Buy@0,"[quantity: (1, 5), time: (32, 36), unit_price: (1, 18)]",00Buy@0,03Dec@1,p1,03Dec@1,True,1,17,-1,00Buy@0:product(1.0),-1,-1
1049,c84b8b8c-9c9d-4d96-a9e1-6a9fa3e8b182,05Ind@2,BUYER,IndDecentralizingAgent,_SystemAgent,59,2,41,32,-1,-1,BUYER|05Ind@2,[],05Ind@2,BUYER,p3,BUYER,True,3,0,59,,-1,-1
1050,3fd310fc-a1b0-43cf-8973-1396c11d5b35,05Ind@2,BUYER,IndDecentralizingAgent,_SystemAgent,59,3,41,32,-1,-1,BUYER|05Ind@2,[],05Ind@2,BUYER,p3,BUYER,True,3,0,59,,-1,-1
1051,869c8828-5e42-4403-9ab5-4988542ea683,05Ind@2,BUYER,IndDecentralizingAgent,_SystemAgent,59,2,41,32,-1,-1,BUYER|05Ind@2,[],05Ind@2,BUYER,p3,BUYER,False,3,0,59,,-1,-1
1052,9724a157-0e27-4f38-ab58-73b5594593f9,05Ind@2,BUYER,IndDecentralizingAgent,_SystemAgent,59,2,41,32,-1,-1,BUYER|05Ind@2,[],05Ind@2,BUYER,p3,BUYER,False,3,0,59,,-1,-1
1053,8b1d014d-f5ab-45ac-b596-15891a73f1a0,03Dec@1,05Ind@2,DecentralizingAgent,IndDecentralizingAgent,36,1,14,32,-1,32,05Ind@2|03Dec@1,"[quantity: (1, 5), time: (32, 36), unit_price: (1, 27)]",03Dec@1,05Ind@2,p2,05Ind@2,True,2,17,36,,-1,-1
1054,7d29bc4d-6776-497f-887a-87ff8adde591,01Ran@0,02Dec@1,RandomAgent,DecentralizingAgent,34,5,8,32,-1,32,02Dec@1|01Ran@0,"[quantity: (1, 5), time: (32, 36), unit_price: (1, 18)]",01Ran@0,02Dec@1,p1,02Dec@1,True,1,16,-1,01Ran@0:product(1.0),-1,-1
1055,f84d018c-9c59-48d1-9c11-0359c4aaa760,05Ind@2,BUYER,IndDecentralizingAgent,_SystemAgent,59,1,41,32,-1,-1,BUYER|05Ind@2,[],05Ind@2,BUYER,p3,BUYER,True,3,0,59,,-1,-1
1056,8b6bfd9d-c657-4889-ac39-6f31337a6cc1,05Ind@2,BUYER,IndDecentralizingAgent,_SystemAgent,59,1,41,32,-1,-1,BUYER|05Ind@2,[],05Ind@2,BUYER,p3,BUYER,False,3,0,59,,-1,-1
1057,227fc0f8-7025-4310-b32f-35e2e20c02dc,01Ran@0,03Dec@1,RandomAgent,DecentralizingAgent,35,2,2,32,-1,32,03Dec@1|01Ran@0,"[quantity: (1, 5), time: (32, 36), unit_price: (1, 18)]",01Ran@0,03Dec@1,p1,03Dec@1,True,1,11,-1,01Ran@0:product(1.0),-1,-1
1058,0406975d-ac83-4b50-b335-72cd0abd190d,05Ind@2,BUYER,IndDecentralizingAgent,_SystemAgent,59,2,41,32,-1,-1,BUYER|05Ind@2,[],05Ind@2,BUYER,p3,BUYER,True,3,0,59,,-1,-1
1059,42122477-98fa-4975-b616-be7d247e49cf,05Ind@2,BUYER,IndDecentralizingAgent,_SystemAgent,60,1,41,33,-1,-1,BUYER|05Ind@2,[],05Ind@2,BUYER,p3,BUYER,False,3,0,60,,-1,-1
1060,4fb740aa-1e63-4ec8-8243-e0ce16a2fcbb,01Ran@0,02Dec@1,RandomAgent,DecentralizingAgent,35,5,5,33,-1,33,02Dec@1|01Ran@0,"[quantity: (1, 5), time: (33, 36), unit_price: (1, 18)]",01Ran@0,02Dec@1,p1,02Dec@1,True,1,14,-1,01Ran@0:product(1.0),-1,-1
1061,7802ba4f-13ac-4779-b1d2-28d9cdc6938c,05Ind@2,BUYER,IndDecentralizingAgent,_SystemAgent,60,1,41,33,-1,-1,BUYER|05Ind@2,[],05Ind@2,BUYER,p3,BUYER,False,3,0,60,,-1,-1
1062,f7029551-2650-44e9-b786-10a9a305bcc9,01Ran@0,03Dec@1,RandomAgent,DecentralizingAgent,37,3,2,33,-1,33,03Dec@1|01Ran@0,"[quantity: (1, 5), time: (33, 37), unit_price: (1, 18)]",01Ran@0,03Dec@1,p1,03Dec@1,True,1,11,-1,01Ran@0:product(1.0),-1,-1
1063,e74bc668-4bf8-4637-9610-506a1303ca80,02Dec@1,05Ind@2,DecentralizingAgent,IndDecentralizingAgent,42,5,41,33,-1,33,02Dec@1|05Ind@2,"[quantity: (1, 5), time: (37, 42), unit_price: (27, 54)]",02Dec@1,05Ind@2,p2,02Dec@1,False,2,17,42,,-1,-1
1064,061e8967-bc8d-4cb2-a2fe-d98bee686dff,00Buy@0,03Dec@1,BuyCheapSellExpensiveAgent,DecentralizingAgent,35,5,9,33,-1,33,03Dec@1|00Buy@0,"[quantity: (1, 5), time: (33, 37), unit_price: (1, 18)]",00Buy@0,03Dec@1,p1,03Dec@1,True,1,17,-1,00Buy@0:product(1.0),-1,-1
1065,aae85a89-a3ee-414a-8915-24c24c99799c,01Ran@0,02Dec@1,RandomAgent,DecentralizingAgent,35,5,5,33,-1,33,02Dec@1|01Ran@0,"[quantity: (1, 5), time: (33, 37), unit_price: (1, 18)]",01Ran@0,02Dec@1,p1,02Dec@1,True,1,14,-1,01Ran@0:product(1.0),-1,-1
1066,65a35b52-bdc3-4b09-8079-9be90df33500,05Ind@2,BUYER,IndDecentralizingAgent,_SystemAgent,60,4,41,33,-1,-1,BUYER|05Ind@2,[],05Ind@2,BUYER,p3,BUYER,True,3,0,60,,-1,-1
1067,09058775-ab76-410c-a37e-6a92fe1d74bb,05Ind@2,BUYER,IndDecentralizingAgent,_SystemAgent,60,1,41,33,-1,-1,BUYER|05Ind@2,[],05Ind@2,BUYER,p3,BUYER,True,3,0,60,,-1,-1
1068,8bfd2291-c543-40e1-a5a2-9a78bcfd3cae,01Ran@0,03Dec@1,RandomAgent,DecentralizingAgent,35,5,1,34,-1,34,03Dec@1|01Ran@0,"[quantity: (1, 5), time: (34, 38), unit_price: (1, 18)]",01Ran@0,03Dec@1,p1,03Dec@1,True,1,7,-1,01Ran@0:product(1.0),-1,-1
1069,0526fbc9-564e-40bf-9a9f-c1a5e2a826d1,01Ran@0,02Dec@1,RandomAgent,DecentralizingAgent,35,3,2,34,-1,34,02Dec@1|01Ran@0,"[quantity: (1, 5), time: (34, 38), unit_price: (1, 18)]",01Ran@0,02Dec@1,p1,02Dec@1,True,1,14,-1,01Ran@0:product(1.0),-1,-1
1070,1d594215-3b9b-452b-85ab-6453a9837ce1,01Ran@0,02Dec@1,RandomAgent,DecentralizingAgent,35,5,4,34,-1,34,02Dec@1|01Ran@0,"[quantity: (1, 5), time: (34, 36), unit_price: (1, 18)]",01Ran@0,02Dec@1,p1,02Dec@1,True,1,14,-1,01Ran@0:product(1.0),-1,-1
1071,d7ee42bf-f588-4165-bec3-07c26968f99a,00Buy@0,02Dec@1,BuyCheapSellExpensiveAgent,DecentralizingAgent,36,5,10,34,-1,34,02Dec@1|00Buy@0,"[quantity: (1, 5), time: (34, 38), unit_price: (1, 18)]",00Buy@0,02Dec@1,p1,02Dec@1,True,1,17,-1,00Buy@0:product(1.0),-1,-1
1072,5b3d4680-5493-4edd-9602-cec4442a1c5b,01Ran@0,02Dec@1,RandomAgent,DecentralizingAgent,36,5,3,34,-1,34,02Dec@1|01Ran@0,"[quantity: (1, 5), time: (34, 37), unit_price: (1, 18)]",01Ran@0,02Dec@1,p1,02Dec@1,True,1,13,-1,01Ran@0:product(1.0),-1,-1
1073,c545ae96-f2cf-4525-9129-bfcf4950ad6a,03Dec@1,05Ind@2,DecentralizingAgent,IndDecentralizingAgent,35,5,40,34,-1,34,03Dec@1|05Ind@2,"[quantity: (1, 5), time: (35, 40), unit_price: (27, 54)]",03Dec@1,05Ind@2,p2,03Dec@1,False,2,17,35,,-1,-1
1074,d5c2b3e6-2da8-41bc-ac4f-18476d7ae10a,01Ran@0,03Dec@1,RandomAgent,DecentralizingAgent,38,5,3,35,-1,35,03Dec@1|01Ran@0,"[quantity: (1, 5), time: (35, 39), unit_price: (1, 18)]",01Ran@0,03Dec@1,p1,03Dec@1,True,1,12,-1,01Ran@0:product(1.0),-1,-1
1075,37dd6054-5e86-43d3-aec3-5517225f3c84,00Buy@0,02Dec@1,BuyCheapSellExpensiveAgent,DecentralizingAgent,37,5,10,35,-1,35,02Dec@1|00Buy@0,"[quantity: (1, 5), time: (35, 39), unit_price: (1, 18)]",00Buy@0,02Dec@1,p1,02Dec@1,True,1,17,-1,00Buy@0:product(1.0),-1,-1
1076,46d5a856-7a60-4fdd-8eb7-1d983d20bdaa,00Buy@0,03Dec@1,BuyCheapSellExpensiveAgent,DecentralizingAgent,36,5,9,35,-1,35,03Dec@1|00Buy@0,"[quantity: (1, 5), time: (35, 38), unit_price: (1, 18)]",00Buy@0,03Dec@1,p1,03Dec@1,True,1,17,-1,00Buy@0:product(1.0),-1,-1
1077,fcc6e9b7-841d-42d9-92ea-58a3ee40e70c,01Ran@0,02Dec@1,RandomAgent,DecentralizingAgent,37,2,1,35,-1,35,02Dec@1|01Ran@0,"[quantity: (1, 5), time: (35, 37), unit_price: (1, 18)]",01Ran@0,02Dec@1,p1,02Dec@1,True,1,10,-1,01Ran@0:product(1.0),-1,-1
1078,654ffa50-3013-4f2b-92d1-fb6c6ce59a19,00Buy@0,02Dec@1,BuyCheapSellExpensiveAgent,DecentralizingAgent,36,5,10,35,-1,35,02Dec@1|00Buy@0,"[quantity: (1, 5), time: (35, 37), unit_price: (1, 18)]",00Buy@0,02Dec@1,p1,02Dec@1,True,1,17,-1,00Buy@0:product(1.0),-1,-1
1079,a1ece12f-f42a-4649-bea0-c8f5eb2dce84,01Ran@0,03Dec@1,RandomAgent,DecentralizingAgent,37,4,1,36,-1,36,03Dec@1|01Ran@0,"[quantity: (1, 5), time: (36, 39), unit_price: (1, 18)]",01Ran@0,03Dec@1,p1,03Dec@1,True,1,8,-1,01Ran@0:product(1.0),-1,-1
1080,0d811288-5498-41da-9b2d-644f4777da86,01Ran@0,03Dec@1,RandomAgent,DecentralizingAgent,37,5,2,36,-1,36,03Dec@1|01Ran@0,"[quantity: (1, 5), time: (36, 40), unit_price: (1, 18)]",01Ran@0,03Dec@1,p1,03Dec@1,True,1,10,-1,01Ran@0:product(1.0),-1,-1
1081,d4f1ec29-6ada-49dd-80d0-a088ce21a94c,00Buy@0,02Dec@1,BuyCheapSellExpensiveAgent,DecentralizingAgent,38,5,10,36,-1,36,02Dec@1|00Buy@0,"[quantity: (1, 5), time: (36, 40), unit_price: (1, 18)]",00Buy@0,02Dec@1,p1,02Dec@1,True,1,17,-1,00Buy@0:product(1.0),-1,-1
1082,b0f8c8bc-c989-4ad3-a766-9e00c5573544,00Buy@0,03Dec@1,BuyCheapSellExpensiveAgent,DecentralizingAgent,37,5,9,36,-1,36,03Dec@1|00Buy@0,"[quantity: (1, 5), time: (36, 39), unit_price: (1, 18)]",00Buy@0,03Dec@1,p1,03Dec@1,True,1,17,-1,00Buy@0:product(1.0),-1,-1
1083,5ba3bbda-2bb7-4c07-bc29-209de98386b6,03Dec@1,05Ind@2,DecentralizingAgent,IndDecentralizingAgent,46,5,41,36,-1,36,03Dec@1|05Ind@2,"[quantity: (1, 5), time: (41, 46), unit_price: (27, 54)]",03Dec@1,05Ind@2,p2,03Dec@1,False,2,17,46,,-1,-1
1084,6b9fb521-6936-41e2-9213-f7574f0a773e,01Ran@0,03Dec@1,RandomAgent,DecentralizingAgent,39,2,1,37,-1,37,03Dec@1|01Ran@0,"[quantity: (1, 5), time: (37, 41), unit_price: (1, 18)]",01Ran@0,03Dec@1,p1,03Dec@1,True,1,16,-1,01Ran@0:product(1.0),-1,-1
1085,99d6f3d2-0496-41ff-9a63-3fe1b7519078,00Buy@0,03Dec@1,BuyCheapSellExpensiveAgent,DecentralizingAgent,39,5,10,37,-1,37,03Dec@1|00Buy@0,"[quantity: (1, 5), time: (37, 40), unit_price: (1, 18)]",00Buy@0,03Dec@1,p1,03Dec@1,True,1,17,-1,00Buy@0:product(1.0),-1,-1
1086,d23b1738-c901-4e7b-aca0-6a427e834dc1,00Buy@0,03Dec@1,BuyCheapSellExpensiveAgent,DecentralizingAgent,39,5,10,37,-1,37,03Dec@1|00Buy@0,"[quantity: (1, 5), time: (37, 41), unit_price: (1, 18)]",00Buy@0,03Dec@1,p1,03Dec@1,True,1,17,-1,00Buy@0:product(1.0),-1,-1
1087,adbf69de-fc0d-4d32-bcad-3a716885027c,01Ran@0,03Dec@1,RandomAgent,DecentralizingAgent,39,4,1,37,-1,37,03Dec@1|01Ran@0,"[quantity: (1, 5), time: (37, 40), unit_price: (1, 18)]",01Ran@0,03Dec@1,p1,03Dec@1,True,1,9,-1,01Ran@0:product(1.0),-1,-1
1088,0028fbf5-fafc-4533-9781-fcbd22442da6,01Ran@0,02Dec@1,RandomAgent,DecentralizingAgent,38,5,4,37,-1,37,02Dec@1|01Ran@0,"[quantity: (1, 5), time: (37, 41), unit_price: (1, 18)]",01Ran@0,02Dec@1,p1,02Dec@1,True,1,14,-1,01Ran@0:product(1.0),-1,-1
1089,7350c000-d441-4ec6-a9cc-cc6f3b8fcf6f,03Dec@1,05Ind@2,DecentralizingAgent,IndDecentralizingAgent,47,5,41,37,-1,37,03Dec@1|05Ind@2,"[quantity: (1, 5), time: (42, 47), unit_price: (27, 54)]",03Dec@1,05Ind@2,p2,03Dec@1,False,2,17,47,,-1,-1
1090,f203bb57-49f7-4d6f-9fe8-222782a66bb5,00Buy@0,03Dec@1,BuyCheapSellExpensiveAgent,DecentralizingAgent,40,5,9,38,-1,38,03Dec@1|00Buy@0,"[quantity: (1, 5), time: (38, 42), unit_price: (1, 18)]",00Buy@0,03Dec@1,p1,03Dec@1,True,1,17,-1,00Buy@0:product(1.0),-1,-1
1091,8410300d-6bc2-4e6e-bacf-1972e5848c31,03Dec@1,05Ind@2,DecentralizingAgent,IndDecentralizingAgent,42,5,40,38,-1,38,03Dec@1|05Ind@2,"[quantity: (1, 5), time: (42, 47), unit_price: (27, 54)]",03Dec@1,05Ind@2,p2,03Dec@1,False,2,17,42,,-1,-1
1092,c6be7206-fc56-4c7e-9b08-842b86ace081,00Buy@0,02Dec@1,BuyCheapSellExpensiveAgent,DecentralizingAgent,39,5,9,38,-1,38,02Dec@1|00Buy@0,"[quantity: (1, 5), time: (38, 41), unit_price: (1, 18)]",00Buy@0,02Dec@1,p1,02Dec@1,True,1,17,-1,00Buy@0:product(1.0),-1,-1
1093,0b4b104a-4fc9-4cf2-b23a-38dfa7b58dfd,01Ran@0,03Dec@1,RandomAgent,DecentralizingAgent,42,2,1,38,-1,38,03Dec@1|01Ran@0,"[quantity: (1, 5), time: (38, 42), unit_price: (1, 18)]",01Ran@0,03Dec@1,p1,03Dec@1,True,1,9,-1,01Ran@0:product(1.0),-1,-1
1094,d19e3237-86b5-4610-8455-6585ef92da24,01Ran@0,02Dec@1,RandomAgent,DecentralizingAgent,39,3,1,38,-1,38,02Dec@1|01Ran@0,"[quantity: (1, 5), time: (38, 42), unit_price: (1, 18)]",01Ran@0,02Dec@1,p1,02Dec@1,True,1,11,-1,01Ran@0:product(1.0),-1,-1
1095,778d65b6-0fb7-4899-a740-e15432a1c57c,00Buy@0,02Dec@1,BuyCheapSellExpensiveAgent,DecentralizingAgent,40,5,10,38,-1,38,02Dec@1|00Buy@0,"[quantity: (1, 5), time: (38, 42), unit_price: (1, 18)]",00Buy@0,02Dec@1,p1,02Dec@1,True,1,17,-1,00Buy@0:product(1.0),-1,-1
1096,1332d008-5cb9-4a2e-9293-d44d95d65c0e,01Ran@0,02Dec@1,RandomAgent,DecentralizingAgent,41,1,1,38,-1,38,02Dec@1|01Ran@0,"[quantity: (1, 5), time: (38, 41), unit_price: (1, 18)]",01Ran@0,02Dec@1,p1,02Dec@1,True,1,10,-1,01Ran@0:product(1.0),-1,-1
1097,273bffbd-2d05-41f2-843d-15cfd8a78733,01Ran@0,02Dec@1,RandomAgent,DecentralizingAgent,40,1,3,39,-1,39,02Dec@1|01Ran@0,"[quantity: (1, 5), time: (39, 43), unit_price: (1, 18)]",01Ran@0,02Dec@1,p1,02Dec@1,True,1,15,-1,01Ran@0:product(1.0),-1,-1
1098,4ad34f06-d09a-40f5-ac41-5245e1a0e676,02Dec@1,05Ind@2,DecentralizingAgent,IndDecentralizingAgent,44,5,41,39,-1,39,02Dec@1|05Ind@2,"[quantity: (1, 5), time: (39, 44), unit_price: (27, 54)]",02Dec@1,05Ind@2,p2,02Dec@1,False,2,17,44,,-1,-1
1099,6fd54f8c-d99c-4871-876b-ac473a06c74b,00Buy@0,02Dec@1,BuyCheapSellExpensiveAgent,DecentralizingAgent,41,5,9,39,-1,39,02Dec@1|00Buy@0,"[quantity: (1, 5), time: (39, 43), unit_price: (1, 18)]",00Buy@0,02Dec@1,p1,02Dec@1,True,1,17,-1,00Buy@0:product(1.0),-1,-1
1100,221dd42a-0af6-40a6-9171-6c247951f1b7,03Dec@1,05Ind@2,DecentralizingAgent,IndDecentralizingAgent,48,5,41,39,-1,39,03Dec@1|05Ind@2,"[quantity: (1, 5), time: (43, 48), unit_price: (27, 54)]",03Dec@1,05Ind@2,p2,03Dec@1,False,2,17,48,,-1,-1
1101,d6e8bf36-fa40-4689-b2b7-368c38928e31,01Ran@0,03Dec@1,RandomAgent,DecentralizingAgent,41,5,2,40,-1,40,03Dec@1|01Ran@0,"[quantity: (1, 5), time: (40, 44), unit_price: (1, 18)]",01Ran@0,03Dec@1,p1,03Dec@1,True,1,11,-1,01Ran@0:product(1.0),-1,-1
1102,950ad574-981c-4622-8537-aca20cc7134c,02Dec@1,05Ind@2,DecentralizingAgent,IndDecentralizingAgent,48,5,41,40,-1,40,02Dec@1|05Ind@2,"[quantity: (1, 5), time: (43, 48), unit_price: (27, 54)]",02Dec@1,05Ind@2,p2,02Dec@1,False,2,17,48,,-1,-1
1103,b83a8986-7223-4a52-abc7-85511a0e0053,00Buy@0,03Dec@1,BuyCheapSellExpensiveAgent,DecentralizingAgent,42,5,10,40,-1,40,03Dec@1|00Buy@0,"[quantity: (1, 5), time: (40, 43), unit_price: (1, 18)]",00Buy@0,03Dec@1,p1,03Dec@1,True,1,17,-1,00Buy@0:product(1.0),-1,-1
1104,8c997187-f4d4-468c-bcfa-8ef052ac502f,02Dec@1,05Ind@2,DecentralizingAgent,IndDecentralizingAgent,44,5,40,40,-1,40,02Dec@1|05Ind@2,"[quantity: (1, 5), time: (44, 49), unit_price: (27, 54)]",02Dec@1,05Ind@2,p2,02Dec@1,False,2,17,44,,-1,-1
1105,87c3f1c0-a165-4a9d-819b-0737f62888bd,03Dec@1,05Ind@2,DecentralizingAgent,IndDecentralizingAgent,50,5,41,40,-1,40,03Dec@1|05Ind@2,"[quantity: (1, 5), time: (45, 50), unit_price: (27, 54)]",03Dec@1,05Ind@2,p2,03Dec@1,False,2,17,50,,-1,-1
1106,b48a2d97-7119-4d4e-b77a-e36d0f21fb9e,03Dec@1,05Ind@2,DecentralizingAgent,IndDecentralizingAgent,46,5,41,40,-1,40,03Dec@1|05Ind@2,"[quantity: (1, 5), time: (41, 46), unit_price: (27, 54)]",03Dec@1,05Ind@2,p2,03Dec@1,False,2,17,46,,-1,-1
1107,9bddb777-de0c-4c4a-822c-4f77814c2dc1,02Dec@1,05Ind@2,DecentralizingAgent,IndDecentralizingAgent,41,5,40,40,-1,40,02Dec@1|05Ind@2,"[quantity: (1, 5), time: (41, 46), unit_price: (27, 54)]",02Dec@1,05Ind@2,p2,02Dec@1,False,2,17,41,,-1,-1
1108,fd5170e9-c809-4ced-886a-a2948a6ba02d,01Ran@0,02Dec@1,RandomAgent,DecentralizingAgent,43,5,1,40,-1,40,02Dec@1|01Ran@0,"[quantity: (1, 5), time: (40, 44), unit_price: (1, 18)]",01Ran@0,02Dec@1,p1,02Dec@1,True,1,16,-1,01Ran@0:product(1.0),-1,-1
1109,208a5695-19a3-484b-af51-ec05e3aa52bb,00Buy@0,02Dec@1,BuyCheapSellExpensiveAgent,DecentralizingAgent,43,5,10,41,-1,41,02Dec@1|00Buy@0,"[quantity: (1, 5), time: (41, 44), unit_price: (1, 18)]",00Buy@0,02Dec@1,p1,02Dec@1,True,1,17,-1,00Buy@0:product(1.0),-1,-1
1110,8888adb5-1cc8-44e4-8407-24b338a8a0f9,03Dec@1,05Ind@2,DecentralizingAgent,IndDecentralizingAgent,45,5,40,41,-1,41,03Dec@1|05Ind@2,"[quantity: (1, 5), time: (45, 50), unit_price: (27, 54)]",03Dec@1,05Ind@2,p2,03Dec@1,False,2,17,45,,-1,-1
1111,eb2bc7b6-dd3b-4f7b-ac8c-1e48f2b21e85,02Dec@1,05Ind@2,DecentralizingAgent,IndDecentralizingAgent,51,5,41,41,-1,41,02Dec@1|05Ind@2,"[quantity: (1, 5), time: (46, 51), unit_price: (27, 54)]",02Dec@1,05Ind@2,p2,02Dec@1,False,2,17,51,,-1,-1
1112,28ab888c-b3fe-45d5-b625-0f5cf82961d4,01Ran@0,02Dec@1,RandomAgent,DecentralizingAgent,43,2,2,41,-1,41,02Dec@1|01Ran@0,"[quantity: (1, 5), time: (41, 45), unit_price: (1, 18)]",01Ran@0,02Dec@1,p1,02Dec@1,True,1,13,-1,01Ran@0:product(1.0),-1,-1
1113,2410a176-1f00-4176-a55c-c3e1d2466b5e,01Ran@0,02Dec@1,RandomAgent,DecentralizingAgent,42,4,2,41,-1,41,02Dec@1|01Ran@0,"[quantity: (1, 5), time: (41, 44), unit_price: (1, 18)]",01Ran@0,02Dec@1,p1,02Dec@1,True,1,12,-1,01Ran@0:product(1.0),-1,-1
1114,8b99e620-a392-4714-8c7c-a3fa81f4a340,01Ran@0,03Dec@1,RandomAgent,DecentralizingAgent,43,5,5,41,-1,41,03Dec@1|01Ran@0,"[quantity: (1, 5), time: (41, 45), unit_price: (1, 18)]",01Ran@0,03Dec@1,p1,03Dec@1,True,1,15,-1,01Ran@0:product(1.0),-1,-1
1115,5ddb5fca-ce0b-4e2a-a855-7948415b25f1,00Buy@0,03Dec@1,BuyCheapSellExpensiveAgent,DecentralizingAgent,42,5,9,41,-1,41,03Dec@1|00Buy@0,"[quantity: (1, 5), time: (41, 44), unit_price: (1, 18)]",00Buy@0,03Dec@1,p1,03Dec@1,True,1,17,-1,00Buy@0:product(1.0),-1,-1
1116,5157caac-7f41-42df-a44c-3da3dcbd4828,00Buy@0,02Dec@1,BuyCheapSellExpensiveAgent,DecentralizingAgent,43,5,9,41,-1,41,02Dec@1|00Buy@0,"[quantity: (1, 5), time: (41, 45), unit_price: (1, 18)]",00Buy@0,02Dec@1,p1,02Dec@1,True,1,17,-1,00Buy@0:product(1.0),-1,-1
1117,5c339c54-67d2-4a41-ada5-c9217bfea58e,00Buy@0,02Dec@1,BuyCheapSellExpensiveAgent,DecentralizingAgent,44,5,9,42,-1,42,02Dec@1|00Buy@0,"[quantity: (1, 5), time: (42, 46), unit_price: (1, 18)]",00Buy@0,02Dec@1,p1,02Dec@1,True,1,17,-1,00Buy@0:product(1.0),-1,-1
1118,55b032df-b9dc-4352-86f3-8e9979c6636e,01Ran@0,03Dec@1,RandomAgent,DecentralizingAgent,45,5,3,42,-1,42,03Dec@1|01Ran@0,"[quantity: (1, 5), time: (42, 46), unit_price: (1, 18)]",01Ran@0,03Dec@1,p1,03Dec@1,True,1,13,-1,01Ran@0:product(1.0),-1,-1
1119,0b1bfc98-38e0-4854-8069-c94ada252e03,01Ran@0,03Dec@1,RandomAgent,DecentralizingAgent,43,5,4,42,-1,42,03Dec@1|01Ran@0,"[quantity: (1, 5), time: (42, 45), unit_price: (1, 18)]",01Ran@0,03Dec@1,p1,03Dec@1,True,1,13,-1,01Ran@0:product(1.0),-1,-1
1120,1820b4e9-0ea4-40e2-9375-03b01eca4fb6,01Ran@0,02Dec@1,RandomAgent,DecentralizingAgent,46,3,2,42,-1,42,02Dec@1|01Ran@0,"[quantity: (1, 5), time: (42, 46), unit_price: (1, 18)]",01Ran@0,02Dec@1,p1,02Dec@1,True,1,12,-1,01Ran@0:product(1.0),-1,-1
1121,cc7a701f-4c19-4d57-bb2c-efd8d18e9511,01Ran@0,03Dec@1,RandomAgent,DecentralizingAgent,45,5,5,43,-1,43,03Dec@1|01Ran@0,"[quantity: (1, 5), time: (43, 45), unit_price: (1, 18)]",01Ran@0,03Dec@1,p1,03Dec@1,True,1,14,-1,01Ran@0:product(1.0),-1,-1
1122,51349ab4-785c-4d85-b255-1149cae06724,02Dec@1,05Ind@2,DecentralizingAgent,IndDecentralizingAgent,48,5,41,43,-1,43,02Dec@1|05Ind@2,"[quantity: (1, 5), time: (43, 48), unit_price: (27, 54)]",02Dec@1,05Ind@2,p2,02Dec@1,False,2,17,48,,-1,-1
1123,eb66825c-2c40-467a-a575-5e1ff762965d,00Buy@0,02Dec@1,BuyCheapSellExpensiveAgent,DecentralizingAgent,45,5,10,43,-1,43,02Dec@1|00Buy@0,"[quantity: (1, 5), time: (43, 47), unit_price: (1, 18)]",00Buy@0,02Dec@1,p1,02Dec@1,True,1,17,-1,00Buy@0:product(1.0),-1,-1
1124,96075051-34af-4fe3-a89e-d4cf8aa20eb3,00Buy@0,03Dec@1,BuyCheapSellExpensiveAgent,DecentralizingAgent,45,5,10,43,-1,43,03Dec@1|00Buy@0,"[quantity: (1, 5), time: (43, 47), unit_price: (1, 18)]",00Buy@0,03Dec@1,p1,03Dec@1,True,1,17,-1,00Buy@0:product(1.0),-1,-1
1125,c205324b-1da7-42d3-9f83-8fecda150810,01Ran@0,03Dec@1,RandomAgent,DecentralizingAgent,47,3,2,43,-1,43,03Dec@1|01Ran@0,"[quantity: (1, 5), time: (43, 47), unit_price: (1, 18)]",01Ran@0,03Dec@1,p1,03Dec@1,True,1,12,-1,01Ran@0:product(1.0),-1,-1
1126,699ae203-f251-451a-befc-e7c788fe18f8,02Dec@1,05Ind@2,DecentralizingAgent,IndDecentralizingAgent,52,5,41,43,-1,43,02Dec@1|05Ind@2,"[quantity: (1, 5), time: (47, 52), unit_price: (27, 54)]",02Dec@1,05Ind@2,p2,02Dec@1,False,2,17,52,,-1,-1
1127,411bd050-9fce-4706-beb1-df8278d6b35a,01Ran@0,03Dec@1,RandomAgent,DecentralizingAgent,46,5,1,43,-1,43,03Dec@1|01Ran@0,"[quantity: (1, 5), time: (43, 46), unit_price: (1, 18)]",01Ran@0,03Dec@1,p1,03Dec@1,True,1,8,-1,01Ran@0:product(1.0),-1,-1
1128,3b06060b-05d1-46eb-bb70-9571edf2192e,01Ran@0,02Dec@1,RandomAgent,DecentralizingAgent,47,3,2,43,-1,43,02Dec@1|01Ran@0,"[quantity: (1, 5), time: (43, 47), unit_price: (1, 18)]",01Ran@0,02Dec@1,p1,02Dec@1,True,1,11,-1,01Ran@0:product(1.0),-1,-1
1129,80823143-c4c2-46b2-84b8-8e36a93f9b23,00Buy@0,02Dec@1,BuyCheapSellExpensiveAgent,DecentralizingAgent,46,5,9,44,-1,44,02Dec@1|00Buy@0,"[quantity: (1, 5), time: (44, 48), unit_price: (1, 18)]",00Buy@0,02Dec@1,p1,02Dec@1,True,1,17,-1,00Buy@0:product(1.0),-1,-1
1130,76639096-a0de-4709-9aa6-d6b76e61bf7a,00Buy@0,03Dec@1,BuyCheapSellExpensiveAgent,DecentralizingAgent,45,5,10,44,-1,44,03Dec@1|00Buy@0,"[quantity: (1, 5), time: (44, 46), unit_price: (1, 18)]",00Buy@0,03Dec@1,p1,03Dec@1,True,1,17,-1,00Buy@0:product(1.0),-1,-1
1131,d87d865b-1e1d-4068-adfb-3978caaece04,01Ran@0,03Dec@1,RandomAgent,DecentralizingAgent,45,1,1,44,-1,44,03Dec@1|01Ran@0,"[quantity: (1, 5), time: (44, 45), unit_price: (1, 18)]",01Ran@0,03Dec@1,p1,03Dec@1,True,1,9,-1,01Ran@0:product(1.0),-1,-1
1132,d64bfe96-9449-4c27-91e7-e52daf97295a,01Ran@0,02Dec@1,RandomAgent,DecentralizingAgent,48,3,1,44,-1,44,02Dec@1|01Ran@0,"[quantity: (1, 5), time: (44, 48), unit_price: (1, 18)]",01Ran@0,02Dec@1,p1,02Dec@1,True,1,9,-1,01Ran@0:product(1.0),-1,-1
1133,a6ab91fa-2cd5-42f6-8276-b95a6ffbd8ad,00Buy@0,03Dec@1,BuyCheapSellExpensiveAgent,DecentralizingAgent,45,5,10,44,-1,44,03Dec@1|00Buy@0,"[quantity: (1, 5), time: (44, 45), unit_price: (1, 18)]",00Buy@0,03Dec@1,p1,03Dec@1,True,1,17,-1,00Buy@0:product(1.0),-1,-1
1134,1b5516d0-5faa-44f3-9c34-e27cedfab017,03Dec@1,05Ind@2,DecentralizingAgent,IndDecentralizingAgent,54,5,41,45,-1,45,03Dec@1|05Ind@2,"[quantity: (1, 5), time: (49, 54), unit_price: (27, 54)]",03Dec@1,05Ind@2,p2,03Dec@1,False,2,17,54,,-1,-1
1135,35839ece-a648-441b-88c4-037efc2b3020,00Buy@0,03Dec@1,BuyCheapSellExpensiveAgent,DecentralizingAgent,47,5,9,45,-1,45,03Dec@1|00Buy@0,"[quantity: (1, 5), time: (45, 49), unit_price: (1, 18)]",00Buy@0,03Dec@1,p1,03Dec@1,True,1,17,-1,00Buy@0:product(1.0),-1,-1
1136,c0baafaf-676b-4065-ba95-58ddad462fae,00Buy@0,02Dec@1,BuyCheapSellExpensiveAgent,DecentralizingAgent,47,5,10,45,-1,45,02Dec@1|00Buy@0,"[quantity: (1, 5), time: (45, 49), unit_price: (1, 18)]",00Buy@0,02Dec@1,p1,02Dec@1,True,1,17,-1,00Buy@0:product(1.0),-1,-1
1137,a292910d-1a30-405d-b5ad-b53949985fb1,00Buy@0,03Dec@1,BuyCheapSellExpensiveAgent,DecentralizingAgent,47,5,10,45,-1,45,03Dec@1|00Buy@0,"[quantity: (1, 5), time: (45, 48), unit_price: (1, 18)]",00Buy@0,03Dec@1,p1,03Dec@1,True,1,17,-1,00Buy@0:product(1.0),-1,-1
1138,6c57d090-4dd8-4aa0-868c-3d56b3b55d16,01Ran@0,02Dec@1,RandomAgent,DecentralizingAgent,49,3,4,45,-1,45,02Dec@1|01Ran@0,"[quantity: (1, 5), time: (45, 49), unit_price: (1, 18)]",01Ran@0,02Dec@1,p1,02Dec@1,True,1,14,-1,01Ran@0:product(1.0),-1,-1
1139,526d69c3-1827-4ede-a0c2-62f092b86282,01Ran@0,03Dec@1,RandomAgent,DecentralizingAgent,48,2,4,45,-1,45,03Dec@1|01Ran@0,"[quantity: (1, 5), time: (45, 48), unit_price: (1, 18)]",01Ran@0,03Dec@1,p1,03Dec@1,True,1,16,-1,01Ran@0:product(1.0),-1,-1
1140,5e813f0d-44f2-4062-bc7f-aec43b7204bb,01Ran@0,03Dec@1,RandomAgent,DecentralizingAgent,49,5,3,46,-1,46,03Dec@1|01Ran@0,"[quantity: (1, 5), time: (46, 50), unit_price: (1, 18)]",01Ran@0,03Dec@1,p1,03Dec@1,True,1,12,-1,01Ran@0:product(1.0),-1,-1
1141,e7f4218a-c3ca-4117-b88a-6e1857d34724,01Ran@0,02Dec@1,RandomAgent,DecentralizingAgent,50,5,1,46,-1,46,02Dec@1|01Ran@0,"[quantity: (1, 5), time: (46, 50), unit_price: (1, 18)]",01Ran@0,02Dec@1,p1,02Dec@1,True,1,9,-1,01Ran@0:product(1.0),-1,-1
1142,39e728d3-f03d-4c9a-8799-f6b38617c06b,03Dec@1,05Ind@2,DecentralizingAgent,IndDecentralizingAgent,56,5,41,46,-1,46,03Dec@1|05Ind@2,"[quantity: (1, 5), time: (51, 56), unit_price: (27, 54)]",03Dec@1,05Ind@2,p2,03Dec@1,False,2,17,56,,-1,-1
1143,9323eecc-b32c-4b31-8cce-c90a06f62197,02Dec@1,05Ind@2,DecentralizingAgent,IndDecentralizingAgent,50,5,40,46,-1,46,02Dec@1|05Ind@2,"[quantity: (1, 5), time: (50, 55), unit_price: (27, 54)]",02Dec@1,05Ind@2,p2,02Dec@1,False,2,17,50,,-1,-1
1144,34a2b1ad-3ab6-467e-ba83-257b602711bf,03Dec@1,05Ind@2,DecentralizingAgent,IndDecentralizingAgent,51,1,14,47,-1,47,05Ind@2|03Dec@1,"[quantity: (1, 4), time: (47, 51), unit_price: (1, 27)]",03Dec@1,05Ind@2,p2,05Ind@2,True,2,17,51,,-1,-1
1145,6edf5da1-6e88-4cb0-b444-7589176199cc,01Ran@0,02Dec@1,RandomAgent,DecentralizingAgent,48,2,1,47,-1,47,02Dec@1|01Ran@0,"[quantity: (1, 5), time: (47, 50), unit_price: (1, 18)]",01Ran@0,02Dec@1,p1,02Dec@1,True,1,8,-1,01Ran@0:product(1.0),-1,-1
1146,e832b5ef-3659-433e-a3a0-0ba0f912cb94,00Buy@0,02Dec@1,BuyCheapSellExpensiveAgent,DecentralizingAgent,49,5,10,47,-1,47,02Dec@1|00Buy@0,"[quantity: (1, 5), time: (47, 50), unit_price: (1, 18)]",00Buy@0,02Dec@1,p1,02Dec@1,True,1,17,-1,00Buy@0:product(1.0),-1,-1
1147,12586f42-8f2d-4848-bb74-313e5c6da16e,01Ran@0,03Dec@1,RandomAgent,DecentralizingAgent,50,2,2,47,-1,47,03Dec@1|01Ran@0,"[quantity: (1, 5), time: (47, 50), unit_price: (1, 18)]",01Ran@0,03Dec@1,p1,03Dec@1,True,1,12,-1,01Ran@0:product(1.0),-1,-1
1148,b7b109f9-bbda-47df-8eb7-2437fb6f568e,01Ran@0,02Dec@1,RandomAgent,DecentralizingAgent,49,4,1,47,-1,47,02Dec@1|01Ran@0,"[quantity: (1, 5), time: (47, 51), unit_price: (1, 18)]",01Ran@0,02Dec@1,p1,02Dec@1,True,1,11,-1,01Ran@0:product(1.0),-1,-1
1149,d75a7a43-f425-4aff-b2e2-8f371f69faf7,00Buy@0,02Dec@1,BuyCheapSellExpensiveAgent,DecentralizingAgent,49,5,10,47,-1,47,02Dec@1|00Buy@0,"[quantity: (1, 5), time: (47, 51), unit_price: (1, 18)]",00Buy@0,02Dec@1,p1,02Dec@1,True,1,17,-1,00Buy@0:product(1.0),-1,-1
1150,0b1d8f48-e529-4b63-815a-886c9a66d335,03Dec@1,05Ind@2,DecentralizingAgent,IndDecentralizingAgent,52,5,40,47,-1,47,03Dec@1|05Ind@2,"[quantity: (1, 5), time: (52, 57), unit_price: (27, 54)]",03Dec@1,05Ind@2,p2,03Dec@1,False,2,17,52,,-1,-1
1151,e96d2e27-9514-431a-80bb-19a5dc23d4a3,00Buy@0,03Dec@1,BuyCheapSellExpensiveAgent,DecentralizingAgent,48,5,9,47,-1,47,03Dec@1|00Buy@0,"[quantity: (1, 5), time: (47, 50), unit_price: (1, 18)]",00Buy@0,03Dec@1,p1,03Dec@1,True,1,17,-1,00Buy@0:product(1.0),-1,-1
1152,bf6a4ebb-2f5e-4deb-a099-42a686fc5127,00Buy@0,02Dec@1,BuyCheapSellExpensiveAgent,DecentralizingAgent,50,5,9,48,-1,48,02Dec@1|00Buy@0,"[quantity: (1, 5), time: (48, 52), unit_price: (1, 18)]",00Buy@0,02Dec@1,p1,02Dec@1,True,1,17,-1,00Buy@0:product(1.0),-1,-1
1153,e8a5e23a-025a-440e-b764-fee9867832c2,00Buy@0,03Dec@1,BuyCheapSellExpensiveAgent,DecentralizingAgent,50,5,9,48,-1,48,03Dec@1|00Buy@0,"[quantity: (1, 5), time: (48, 52), unit_price: (1, 18)]",00Buy@0,03Dec@1,p1,03Dec@1,True,1,17,-1,00Buy@0:product(1.0),-1,-1
1154,b956eb65-9482-4643-b753-255d35680cd3,01Ran@0,03Dec@1,RandomAgent,DecentralizingAgent,50,1,1,48,-1,48,03Dec@1|01Ran@0,"[quantity: (1, 5), time: (48, 52), unit_price: (1, 18)]",01Ran@0,03Dec@1,p1,03Dec@1,True,1,10,-1,01Ran@0:product(1.0),-1,-1
1155,0654950a-8c06-409e-b6ad-34d12f00f4c2,01Ran@0,03Dec@1,RandomAgent,DecentralizingAgent,51,2,2,48,-1,48,03Dec@1|01Ran@0,"[quantity: (1, 5), time: (48, 51), unit_price: (1, 18)]",01Ran@0,03Dec@1,p1,03Dec@1,True,1,12,-1,01Ran@0:product(1.0),-1,-1
1156,a8a5ef66-151e-4d92-a1f5-a5b433681e6b,00Buy@0,03Dec@1,BuyCheapSellExpensiveAgent,DecentralizingAgent,49,5,9,48,-1,48,03Dec@1|00Buy@0,"[quantity: (1, 5), time: (48, 51), unit_price: (1, 18)]",00Buy@0,03Dec@1,p1,03Dec@1,True,1,17,-1,00Buy@0:product(1.0),-1,-1
1157,a0c36a2b-8184-4ea9-a53e-14fd9f32aa15,02Dec@1,05Ind@2,DecentralizingAgent,IndDecentralizingAgent,54,5,40,49,-1,49,02Dec@1|05Ind@2,"[quantity: (1, 5), time: (54, 59), unit_price: (27, 54)]",02Dec@1,05Ind@2,p2,02Dec@1,False,2,17,54,,-1,-1
1158,21ed46c3-9b6c-4828-9aab-10354e358584,03Dec@1,05Ind@2,DecentralizingAgent,IndDecentralizingAgent,53,1,14,49,-1,49,05Ind@2|03Dec@1,"[quantity: (1, 4), time: (49, 53), unit_price: (1, 27)]",03Dec@1,05Ind@2,p2,05Ind@2,True,2,17,53,,-1,-1
1159,1a7b71f7-ad22-4321-955a-2e261f05d80f,01Ran@0,03Dec@1,RandomAgent,DecentralizingAgent,52,4,1,49,-1,49,03Dec@1|01Ran@0,"[quantity: (1, 5), time: (49, 53), unit_price: (1, 18)]",01Ran@0,03Dec@1,p1,03Dec@1,True,1,9,-1,01Ran@0:product(1.0),-1,-1
1160,6dbc3263-e137-4a0d-8d0a-c0ee58c67671,03Dec@1,05Ind@2,DecentralizingAgent,IndDecentralizingAgent,56,4,41,49,-1,49,03Dec@1|05Ind@2,"[quantity: (1, 4), time: (51, 56), unit_price: (27, 54)]",03Dec@1,05Ind@2,p2,03Dec@1,False,2,17,56,,-1,-1
1161,68cb9d05-5730-43b9-b2f8-c4e5da3db6a9,01Ran@0,02Dec@1,RandomAgent,DecentralizingAgent,52,5,3,49,-1,49,02Dec@1|01Ran@0,"[quantity: (1, 5), time: (49, 53), unit_price: (1, 18)]",01Ran@0,02Dec@1,p1,02Dec@1,True,1,13,-1,01Ran@0:product(1.0),-1,-1
1162,95623651-d1be-4ae7-9479-d681aa91a780,00Buy@0,03Dec@1,BuyCheapSellExpensiveAgent,DecentralizingAgent,51,5,10,49,-1,49,03Dec@1|00Buy@0,"[quantity: (1, 5), time: (49, 53), unit_price: (1, 18)]",00Buy@0,03Dec@1,p1,03Dec@1,True,1,17,-1,00Buy@0:product(1.0),-1,-1
1163,9bf81f1b-5ae9-4edf-90af-35a803fbb797,01Ran@0,03Dec@1,RandomAgent,DecentralizingAgent,52,5,5,50,-1,50,03Dec@1|01Ran@0,"[quantity: (1, 5), time: (50, 54), unit_price: (1, 18)]",01Ran@0,03Dec@1,p1,03Dec@1,True,1,15,-1,01Ran@0:product(1.0),-1,-1
1164,24c6fee2-2778-492c-8097-e2e30c002022,03Dec@1,05Ind@2,DecentralizingAgent,IndDecentralizingAgent,55,5,40,50,-1,50,03Dec@1|05Ind@2,"[quantity: (1, 5), time: (55, 60), unit_price: (27, 54)]",03Dec@1,05Ind@2,p2,03Dec@1,False,2,17,55,,-1,-1
1165,20b8a671-0366-4d7a-ab00-bf8a0e3578ce,01Ran@0,02Dec@1,RandomAgent,DecentralizingAgent,51,5,4,50,-1,50,02Dec@1|01Ran@0,"[quantity: (1, 5), time: (50, 53), unit_price: (1, 18)]",01Ran@0,02Dec@1,p1,02Dec@1,True,1,14,-1,01Ran@0:product(1.0),-1,-1
1166,d01e6c05-7f7a-4b34-9b1a-8033cc9047cb,01Ran@0,02Dec@1,RandomAgent,DecentralizingAgent,52,5,5,50,-1,50,02Dec@1|01Ran@0,"[quantity: (1, 5), time: (50, 54), unit_price: (1, 18)]",01Ran@0,02Dec@1,p1,02Dec@1,True,1,14,-1,01Ran@0:product(1.0),-1,-1
1167,d8e69a1e-34c2-4ebb-9a0f-1007b7b52159,01Ran@0,02Dec@1,RandomAgent,DecentralizingAgent,52,5,5,51,-1,51,02Dec@1|01Ran@0,"[quantity: (1, 5), time: (51, 54), unit_price: (1, 18)]",01Ran@0,02Dec@1,p1,02Dec@1,True,1,15,-1,01Ran@0:product(1.0),-1,-1
1168,d61bf391-1f53-40aa-8ce0-4e6e25858756,01Ran@0,02Dec@1,RandomAgent,DecentralizingAgent,52,4,1,51,-1,51,02Dec@1|01Ran@0,"[quantity: (1, 5), time: (51, 53), unit_price: (1, 18)]",01Ran@0,02Dec@1,p1,02Dec@1,True,1,10,-1,01Ran@0:product(1.0),-1,-1
1169,9e740fde-1e43-4f76-98c3-fa959ee67f88,00Buy@0,02Dec@1,BuyCheapSellExpensiveAgent,DecentralizingAgent,52,5,9,51,-1,51,02Dec@1|00Buy@0,"[quantity: (1, 5), time: (51, 53), unit_price: (1, 18)]",00Buy@0,02Dec@1,p1,02Dec@1,True,1,17,-1,00Buy@0:product(1.0),-1,-1
1170,bd7efd43-b1ef-42dc-bc0b-1862448aba1e,01Ran@0,03Dec@1,RandomAgent,DecentralizingAgent,52,5,4,51,-1,51,03Dec@1|01Ran@0,"[quantity: (1, 5), time: (51, 55), unit_price: (1, 18)]",01Ran@0,03Dec@1,p1,03Dec@1,True,1,14,-1,01Ran@0:product(1.0),-1,-1
1171,dd4d9299-e1bd-4f2c-9952-103134fb3634,00Buy@0,03Dec@1,BuyCheapSellExpensiveAgent,DecentralizingAgent,53,5,10,51,-1,51,03Dec@1|00Buy@0,"[quantity: (1, 5), time: (51, 54), unit_price: (1, 18)]",00Buy@0,03Dec@1,p1,03Dec@1,True,1,17,-1,00Buy@0:product(1.0),-1,-1
1172,c1e24166-eace-4421-b08b-014cf7e67c37,01Ran@0,02Dec@1,RandomAgent,DecentralizingAgent,54,5,3,51,-1,51,02Dec@1|01Ran@0,"[quantity: (1, 5), time: (51, 55), unit_price: (1, 18)]",01Ran@0,02Dec@1,p1,02Dec@1,True,1,13,-1,01Ran@0:product(1.0),-1,-1
1173,5997b95a-ac6b-4845-afb2-c1cca5d38200,01Ran@0,02Dec@1,RandomAgent,DecentralizingAgent,53,5,4,52,-1,52,02Dec@1|01Ran@0,"[quantity: (1, 5), time: (52, 54), unit_price: (1, 18)]",01Ran@0,02Dec@1,p1,02Dec@1,True,1,13,-1,01Ran@0:product(1.0),-1,-1
1174,cc94b48a-f2ec-4f04-93e4-261a06b9bba9,01Ran@0,03Dec@1,RandomAgent,DecentralizingAgent,55,1,1,52,-1,52,03Dec@1|01Ran@0,"[quantity: (1, 5), time: (52, 55), unit_price: (1, 18)]",01Ran@0,03Dec@1,p1,03Dec@1,True,1,10,-1,01Ran@0:product(1.0),-1,-1
1175,10b030fa-f22c-417c-b8bc-cf0b8ad74a2f,00Buy@0,03Dec@1,BuyCheapSellExpensiveAgent,DecentralizingAgent,53,5,9,52,-1,52,03Dec@1|00Buy@0,"[quantity: (1, 5), time: (52, 55), unit_price: (1, 18)]",00Buy@0,03Dec@1,p1,03Dec@1,True,1,17,-1,00Buy@0:product(1.0),-1,-1
1176,efbe4b11-f962-4b19-8f1d-378064755dd8,01Ran@0,02Dec@1,RandomAgent,DecentralizingAgent,53,4,1,52,-1,52,02Dec@1|01Ran@0,"[quantity: (1, 5), time: (52, 56), unit_price: (1, 18)]",01Ran@0,02Dec@1,p1,02Dec@1,True,1,11,-1,01Ran@0:product(1.0),-1,-1
1177,125c9e26-13e5-43c1-9c87-c3af621bb1eb,00Buy@0,02Dec@1,BuyCheapSellExpensiveAgent,DecentralizingAgent,54,5,10,52,-1,52,02Dec@1|00Buy@0,"[quantity: (1, 5), time: (52, 56), unit_price: (1, 18)]",00Buy@0,02Dec@1,p1,02Dec@1,True,1,17,-1,00Buy@0:product(1.0),-1,-1
1178,c7dbf82a-4e69-46f4-a91d-fe15dce772ca,01Ran@0,03Dec@1,RandomAgent,DecentralizingAgent,53,5,2,52,-1,52,03Dec@1|01Ran@0,"[quantity: (1, 5), time: (52, 56), unit_price: (1, 18)]",01Ran@0,03Dec@1,p1,03Dec@1,True,1,11,-1,01Ran@0:product(1.0),-1,-1
1179,7f1668b9-6500-4d20-9d50-f499c58771d8,00Buy@0,03Dec@1,BuyCheapSellExpensiveAgent,DecentralizingAgent,54,5,9,53,-1,53,03Dec@1|00Buy@0,"[quantity: (1, 5), time: (53, 56), unit_price: (1, 18)]",00Buy@0,03Dec@1,p1,03Dec@1,True,1,17,-1,00Buy@0:product(1.0),-1,-1
1180,8352e8f7-f00c-4ba4-ae04-d7f2d9352e5b,01Ran@0,03Dec@1,RandomAgent,DecentralizingAgent,56,2,2,53,-1,53,03Dec@1|01Ran@0,"[quantity: (1, 5), time: (53, 56), unit_price: (1, 18)]",01Ran@0,03Dec@1,p1,03Dec@1,True,1,12,-1,01Ran@0:product(1.0),-1,-1
1181,36fbd133-901e-4dc8-9555-4f7ad8e39bae,01Ran@0,03Dec@1,RandomAgent,DecentralizingAgent,56,5,3,53,-1,53,03Dec@1|01Ran@0,"[quantity: (1, 5), time: (53, 57), unit_price: (1, 18)]",01Ran@0,03Dec@1,p1,03Dec@1,True,1,13,-1,01Ran@0:product(1.0),-1,-1
1182,2664cc8e-0d37-4dc7-bafb-ee0eea56f981,00Buy@0,02Dec@1,BuyCheapSellExpensiveAgent,DecentralizingAgent,55,5,9,53,-1,53,02Dec@1|00Buy@0,"[quantity: (1, 5), time: (53, 57), unit_price: (1, 18)]",00Buy@0,02Dec@1,p1,02Dec@1,True,1,17,-1,00Buy@0:product(1.0),-1,-1
1183,43112af3-dbf1-48bd-bffe-cb62cbf8b969,01Ran@0,02Dec@1,RandomAgent,DecentralizingAgent,54,5,2,53,-1,53,02Dec@1|01Ran@0,"[quantity: (1, 5), time: (53, 55), unit_price: (1, 18)]",01Ran@0,02Dec@1,p1,02Dec@1,True,1,16,-1,01Ran@0:product(1.0),-1,-1
1184,37267a43-010d-41ec-bd55-29531fdd62ae,01Ran@0,02Dec@1,RandomAgent,DecentralizingAgent,55,2,1,53,-1,53,02Dec@1|01Ran@0,"[quantity: (1, 5), time: (53, 57), unit_price: (1, 18)]",01Ran@0,02Dec@1,p1,02Dec@1,True,1,11,-1,01Ran@0:product(1.0),-1,-1
1185,8dabf600-c07d-4825-b668-033b344564be,01Ran@0,03Dec@1,RandomAgent,DecentralizingAgent,56,3,2,54,-1,54,03Dec@1|01Ran@0,"[quantity: (1, 5), time: (54, 57), unit_price: (1, 18)]",01Ran@0,03Dec@1,p1,03Dec@1,True,1,12,-1,01Ran@0:product(1.0),-1,-1
1186,c7885521-b123-4807-b1c9-2151d8b24416,00Buy@0,03Dec@1,BuyCheapSellExpensiveAgent,DecentralizingAgent,56,5,9,54,-1,54,03Dec@1|00Buy@0,"[quantity: (1, 5), time: (54, 58), unit_price: (1, 18)]",00Buy@0,03Dec@1,p1,03Dec@1,True,1,17,-1,00Buy@0:product(1.0),-1,-1
1187,8ba9ccc3-fbc8-4138-879c-3876889364e7,00Buy@0,02Dec@1,BuyCheapSellExpensiveAgent,DecentralizingAgent,55,5,10,54,-1,54,02Dec@1|00Buy@0,"[quantity: (1, 5), time: (54, 55), unit_price: (1, 18)]",00Buy@0,02Dec@1,p1,02Dec@1,True,1,17,-1,00Buy@0:product(1.0),-1,-1
1188,0ca355d5-c229-467e-a6d5-a4fa879446a8,01Ran@0,02Dec@1,RandomAgent,DecentralizingAgent,56,5,5,54,-1,54,02Dec@1|01Ran@0,"[quantity: (1, 5), time: (54, 58), unit_price: (1, 18)]",01Ran@0,02Dec@1,p1,02Dec@1,True,1,14,-1,01Ran@0:product(1.0),-1,-1
1189,9901f0d2-0c3f-4882-887e-a6e8539c2619,00Buy@0,03Dec@1,BuyCheapSellExpensiveAgent,DecentralizingAgent,56,5,10,54,-1,54,03Dec@1|00Buy@0,"[quantity: (1, 5), time: (54, 57), unit_price: (1, 18)]",00Buy@0,03Dec@1,p1,03Dec@1,True,1,17,-1,00Buy@0:product(1.0),-1,-1
1190,dc41c78a-cf85-4aa6-86f8-eb6be6c6e6ae,00Buy@0,02Dec@1,BuyCheapSellExpensiveAgent,DecentralizingAgent,56,5,9,55,-1,55,02Dec@1|00Buy@0,"[quantity: (1, 5), time: (55, 58), unit_price: (1, 18)]",00Buy@0,02Dec@1,p1,02Dec@1,True,1,17,-1,00Buy@0:product(1.0),-1,-1
1191,9eea12f1-c67c-420f-b5e3-b3b29080a12c,01Ran@0,02Dec@1,RandomAgent,DecentralizingAgent,58,2,2,55,-1,55,02Dec@1|01Ran@0,"[quantity: (1, 5), time: (55, 58), unit_price: (1, 18)]",01Ran@0,02Dec@1,p1,02Dec@1,True,1,12,-1,01Ran@0:product(1.0),-1,-1
