index,final_status,partners,partner_types,ended_at,requested_at,mechanism_type,running,waiting,started,step,time,relative_time,broken,timedout,agreement,results,n_negotiators,has_error,error_details,current_offer,current_proposer,n_acceptances,new_offers
0,failed,"['02Ind@1', '01Dec@0']","['IndDecentralizingAgent', 'DecentralizingAgent']",1,0,AgentMechanismInterface,False,False,True,2,0.301517240004614,0.15,True,False,,,2,False,,,79792d35-cda2-4ecf-bcb2-382b571819a0,0,[]
1,failed,"['02Ind@1', '01Dec@0']","['IndDecentralizingAgent', 'DecentralizingAgent']",1,0,AgentMechanismInterface,False,False,True,2,0.360372934024781,0.15,True,False,,,2,False,,,007ed3df-2df6-4ad7-bbe6-b0795b337605,0,[]
2,failed,"['01Dec@0', '03Buy@1']","['DecentralizingAgent', 'BuyCheapSellExpensiveAgent']",1,0,AgentMechanismInterface,False,False,True,17,0.881189692998305,0.9,False,False,"(16, 5, 19)",,2,False,,"(16, 5, 19)",8e1ff1f9-22a7-4c36-8071-082ba4b2ef38,0,[]
3,failed,"['02Ind@1', '05Dec@2']","['IndDecentralizingAgent', 'DecentralizingAgent']",1,0,AgentMechanismInterface,False,False,True,17,0.7046549299848266,0.9,False,False,"(2, 10, 27)",,2,False,,"(2, 10, 27)",c8dbd23c-e564-40fb-a145-628d4f98f03e,0,"[('c8dbd23c-e564-40fb-a145-628d4f98f03e', (2, 10, 27))]"
4,failed,"['05Dec@2', '03Buy@1']","['DecentralizingAgent', 'BuyCheapSellExpensiveAgent']",1,0,AgentMechanismInterface,False,False,True,17,0.8158873810316436,0.9,False,False,"(8, 1, 10)",,2,False,,"(8, 1, 10)",c8ff743f-8017-4ba2-953d-35d4326bdd28,0,"[('c8ff743f-8017-4ba2-953d-35d4326bdd28', (8, 1, 10))]"
5,failed,"['02Ind@1', '04MyA@2']","['IndDecentralizingAgent', 'MyAgent']",1,0,AgentMechanismInterface,False,False,True,17,0.9357054609572515,0.9,False,False,"(2, 5, 27)",,2,False,,"(2, 5, 27)",9c67d69b-d291-4cca-8581-7aa6235e88c6,0,"[('9c67d69b-d291-4cca-8581-7aa6235e88c6', (2, 5, 27))]"
6,failed,"['05Dec@2', '03Buy@1']","['DecentralizingAgent', 'BuyCheapSellExpensiveAgent']",1,0,AgentMechanismInterface,False,False,True,17,0.6699553600046784,0.9,False,False,"(8, 1, 9)",,2,False,,"(8, 1, 9)",3634f772-460e-4f63-a349-a00da41dc947,0,"[('3634f772-460e-4f63-a349-a00da41dc947', (8, 1, 9))]"
7,failed,"['02Ind@1', '04MyA@2']","['IndDecentralizingAgent', 'MyAgent']",1,0,AgentMechanismInterface,False,False,True,17,1.0419504609890282,0.9,False,False,"(2, 2, 27)",,2,False,,"(2, 2, 27)",6bfddad7-b929-480e-8d8d-56709d0d0571,0,"[('6bfddad7-b929-480e-8d8d-56709d0d0571', (2, 2, 27))]"
8,failed,"['04MyA@2', '02Ind@1']","['MyAgent', 'IndDecentralizingAgent']",1,0,AgentMechanismInterface,False,False,True,17,0.7386733730090782,0.9,False,False,"(7, 1, 9)",,2,False,,"(7, 1, 9)",63249a0a-ec46-458a-b1dc-31520188e10a,0,"[('63249a0a-ec46-458a-b1dc-31520188e10a', (7, 1, 9))]"
9,failed,"['02Ind@1', '00Dec@0']","['IndDecentralizingAgent', 'DecentralizingAgent']",1,0,AgentMechanismInterface,False,False,True,17,1.1788724609650671,0.9,False,False,"(1, 1, 7)",,2,False,,"(1, 1, 7)",f3c58371-7c71-4d2f-ab30-a5debcd2066e,0,"[('f3c58371-7c71-4d2f-ab30-a5debcd2066e', (1, 1, 7))]"
10,failed,"['00Dec@0', '02Ind@1']","['DecentralizingAgent', 'IndDecentralizingAgent']",1,0,AgentMechanismInterface,False,False,True,17,1.389988785958849,0.9,False,False,"(20, 5, 19)",,2,False,,"(20, 5, 19)",20d254e1-8dfa-49f7-a9ea-2d6b51d75967,0,[]
11,failed,"['02Ind@1', '01Dec@0']","['IndDecentralizingAgent', 'DecentralizingAgent']",1,0,AgentMechanismInterface,False,False,True,17,0.9857518629869446,0.9,False,False,"(2, 1, 7)",,2,False,,"(2, 1, 7)",166357c7-5b15-40b6-ba09-77662c47e773,0,"[('166357c7-5b15-40b6-ba09-77662c47e773', (2, 1, 7))]"
12,failed,"['05Dec@2', '02Ind@1']","['DecentralizingAgent', 'IndDecentralizingAgent']",1,0,AgentMechanismInterface,False,False,True,17,1.2317761699669063,0.9,False,False,"(8, 1, 9)",,2,False,,"(8, 1, 9)",fafc7f47-983a-4bef-8bea-131c440fcdfc,0,"[('fafc7f47-983a-4bef-8bea-131c440fcdfc', (8, 1, 9))]"
13,failed,"['01Dec@0', '03Buy@1']","['DecentralizingAgent', 'BuyCheapSellExpensiveAgent']",1,0,AgentMechanismInterface,False,False,True,17,1.1016786569962278,0.9,False,False,"(18, 8, 19)",,2,False,,"(18, 8, 19)",b81afab4-550b-4dd1-a0ac-f7ffb6a2e3be,0,[]
14,failed,"['01Dec@0', '02Ind@1']","['DecentralizingAgent', 'IndDecentralizingAgent']",1,0,AgentMechanismInterface,False,False,True,17,1.124307143036276,0.9,False,False,"(10, 2, 19)",,2,False,,"(10, 2, 19)",f13416f5-cb60-4a01-bbad-26b857456133,0,"[('f13416f5-cb60-4a01-bbad-26b857456133', (10, 2, 19))]"
15,failed,"['02Ind@1', '04MyA@2']","['IndDecentralizingAgent', 'MyAgent']",1,0,AgentMechanismInterface,False,False,True,17,1.3030399189447053,0.9,False,False,"(2, 6, 27)",,2,False,,"(2, 6, 27)",143486b9-8e0a-482a-a331-059d9a06dab0,0,"[('143486b9-8e0a-482a-a331-059d9a06dab0', (2, 6, 27))]"
16,failed,"['02Ind@1', '05Dec@2']","['IndDecentralizingAgent', 'DecentralizingAgent']",1,0,AgentMechanismInterface,False,False,True,17,0.8006106880493462,0.9,False,False,"(2, 3, 27)",,2,False,,"(2, 3, 27)",7e44cac9-8459-4eda-a595-544ab5ca988a,0,"[('7e44cac9-8459-4eda-a595-544ab5ca988a', (2, 3, 27))]"
17,failed,"['05Dec@2', '03Buy@1']","['DecentralizingAgent', 'BuyCheapSellExpensiveAgent']",1,0,AgentMechanismInterface,False,False,True,17,0.9408287280239165,0.9,False,False,"(9, 5, 10)",,2,False,,"(9, 5, 10)",77337ddb-c14a-4e4a-a1da-c475df80ac62,0,"[('77337ddb-c14a-4e4a-a1da-c475df80ac62', (9, 5, 10))]"
18,failed,"['00Dec@0', '02Ind@1']","['DecentralizingAgent', 'IndDecentralizingAgent']",1,0,AgentMechanismInterface,False,False,True,17,1.5025070720002986,0.9,False,False,"(14, 4, 19)",,2,False,,"(14, 4, 19)",935466e9-b1e8-47b3-8e33-a43ef68c3f8f,0,[]
19,failed,"['02Ind@1', '04MyA@2']","['IndDecentralizingAgent', 'MyAgent']",1,0,AgentMechanismInterface,False,False,True,17,0.8860215150052682,0.9,False,False,"(2, 3, 27)",,2,False,,"(2, 3, 27)",ae547a2d-58fa-4bc3-aa9e-57f1b14511b5,0,"[('ae547a2d-58fa-4bc3-aa9e-57f1b14511b5', (2, 3, 27))]"
20,failed,"['02Ind@1', '01Dec@0']","['IndDecentralizingAgent', 'DecentralizingAgent']",1,0,AgentMechanismInterface,False,False,True,17,1.3071564540150575,0.9,False,False,"(2, 3, 7)",,2,False,,"(2, 3, 7)",ed82916b-70a6-47da-bcfd-eededd11d98b,0,"[('ed82916b-70a6-47da-bcfd-eededd11d98b', (2, 3, 7))]"
21,failed,"['00Dec@0', '02Ind@1']","['DecentralizingAgent', 'IndDecentralizingAgent']",1,0,AgentMechanismInterface,False,False,True,17,1.3181340220035054,0.9,False,False,"(10, 6, 20)",,2,False,,"(10, 6, 20)",43fab1e0-9b48-42bd-a5b0-ef847a14d7c3,0,"[('43fab1e0-9b48-42bd-a5b0-ef847a14d7c3', (10, 6, 20))]"
22,failed,"['05Dec@2', '02Ind@1']","['DecentralizingAgent', 'IndDecentralizingAgent']",1,0,AgentMechanismInterface,False,False,True,17,1.1352201320114546,0.9,False,False,"(8, 1, 10)",,2,False,,"(8, 1, 10)",0dce78c1-9f81-4cd1-b12c-83de6509e7b2,0,"[('0dce78c1-9f81-4cd1-b12c-83de6509e7b2', (8, 1, 10))]"
23,failed,"['00Dec@0', '03Buy@1']","['DecentralizingAgent', 'BuyCheapSellExpensiveAgent']",1,0,AgentMechanismInterface,False,False,True,17,1.0011607719934545,0.9,False,False,"(20, 4, 20)",,2,False,,"(20, 4, 20)",70148bc2-9566-4bea-8e20-e7ef3e2b996c,0,[]
24,failed,"['02Ind@1', '04MyA@2']","['IndDecentralizingAgent', 'MyAgent']",1,0,AgentMechanismInterface,False,False,True,17,0.9082955729681998,0.9,False,False,"(2, 6, 27)",,2,False,,"(2, 6, 27)",cf2e94d9-f76a-4823-a28d-1d44dce295d1,0,"[('cf2e94d9-f76a-4823-a28d-1d44dce295d1', (2, 6, 27))]"
25,failed,"['01Dec@0', '02Ind@1']","['DecentralizingAgent', 'IndDecentralizingAgent']",1,0,AgentMechanismInterface,False,False,True,17,1.3361702560214326,0.9,False,False,"(16, 8, 20)",,2,False,,"(16, 8, 20)",f893ac74-9916-4edd-af8d-2300c4619e13,0,[]
26,failed,"['01Dec@0', '03Buy@1']","['DecentralizingAgent', 'BuyCheapSellExpensiveAgent']",1,0,AgentMechanismInterface,False,False,True,17,1.1404116330086254,0.9,False,False,"(10, 1, 19)",,2,False,,"(10, 1, 19)",cce3c191-70eb-495f-81fb-573506188bc4,0,"[('cce3c191-70eb-495f-81fb-573506188bc4', (10, 1, 19))]"
27,failed,"['02Ind@1', '05Dec@2']","['IndDecentralizingAgent', 'DecentralizingAgent']",1,0,AgentMechanismInterface,False,False,True,17,1.3442586220335215,0.9,False,False,"(2, 6, 27)",,2,False,,"(2, 6, 27)",2396279e-1782-48bd-9009-a5e7e0c40f79,0,"[('2396279e-1782-48bd-9009-a5e7e0c40f79', (2, 6, 27))]"
28,failed,"['02Ind@1', '00Dec@0']","['IndDecentralizingAgent', 'DecentralizingAgent']",1,0,AgentMechanismInterface,False,False,True,17,1.0804456640034914,0.9,False,False,"(1, 1, 7)",,2,False,,"(1, 1, 7)",55859944-2798-4195-af86-ccb5109668b0,0,"[('55859944-2798-4195-af86-ccb5109668b0', (1, 1, 7))]"
29,failed,"['01Dec@0', '02Ind@1']","['DecentralizingAgent', 'IndDecentralizingAgent']",1,0,AgentMechanismInterface,False,False,True,17,1.0394024749984965,0.9,False,False,"(18, 9, 20)",,2,False,,"(18, 9, 20)",825df7f9-fc25-4dac-98a7-abf058836a84,0,[]
30,failed,"['02Ind@1', '00Dec@0']","['IndDecentralizingAgent', 'DecentralizingAgent']",1,0,AgentMechanismInterface,False,False,True,17,1.3082489060470834,0.9,False,False,"(1, 1, 7)",,2,False,,"(1, 1, 7)",ada7bb91-6243-4b37-9499-ec5a65350d06,0,"[('ada7bb91-6243-4b37-9499-ec5a65350d06', (1, 1, 7))]"
31,failed,"['00Dec@0', '03Buy@1']","['DecentralizingAgent', 'BuyCheapSellExpensiveAgent']",1,0,AgentMechanismInterface,False,False,True,17,1.5666510910377838,0.9,False,False,"(16, 4, 19)",,2,False,,"(16, 4, 19)",05276682-59d2-45ab-8276-830f0eef4501,0,[]
32,failed,"['00Dec@0', '03Buy@1']","['DecentralizingAgent', 'BuyCheapSellExpensiveAgent']",1,0,AgentMechanismInterface,False,False,True,17,1.3413562219939195,0.9,False,False,"(14, 9, 20)",,2,False,,"(14, 9, 20)",073e7e40-6a4d-4f2f-8f2a-279d8699a8ec,0,[]
33,failed,"['05Dec@2', '03Buy@1']","['DecentralizingAgent', 'BuyCheapSellExpensiveAgent']",1,0,AgentMechanismInterface,False,False,True,17,1.015099648036994,0.9,False,False,"(9, 4, 10)",,2,False,,"(9, 4, 10)",3f277780-e6f9-4708-9418-a79da358a404,0,"[('3f277780-e6f9-4708-9418-a79da358a404', (9, 4, 10))]"
34,failed,"['00Dec@0', '03Buy@1']","['DecentralizingAgent', 'BuyCheapSellExpensiveAgent']",1,0,AgentMechanismInterface,False,False,True,17,1.2813192940084264,0.9,False,False,"(11, 6, 19)",,2,False,,"(11, 6, 19)",0b822667-0859-4881-8a7a-535fd276a381,0,"[('0b822667-0859-4881-8a7a-535fd276a381', (11, 6, 19))]"
35,failed,"['00Dec@0', '02Ind@1']","['DecentralizingAgent', 'IndDecentralizingAgent']",1,0,AgentMechanismInterface,False,False,True,17,1.1371085590217263,0.9,False,False,"(15, 9, 20)",,2,False,,"(15, 9, 20)",2af5ee9a-a471-4ad7-847d-6b8774838ad5,0,[]
36,failed,"['00Dec@0', '02Ind@1']","['DecentralizingAgent', 'IndDecentralizingAgent']",1,0,AgentMechanismInterface,False,False,True,17,1.5481369129847735,0.9,False,False,"(11, 6, 19)",,2,False,,"(11, 6, 19)",fbd0dfda-3936-499d-a4e5-866e369c210b,0,"[('fbd0dfda-3936-499d-a4e5-866e369c210b', (11, 6, 19))]"
37,failed,"['00Dec@0', '02Ind@1']","['DecentralizingAgent', 'IndDecentralizingAgent']",1,0,AgentMechanismInterface,False,False,True,17,1.523444878985174,0.9,True,False,,,2,False,,"(16, 4, 19)",e3080224-4b1c-4fa3-af52-ff9049e11294,0,[]
38,failed,"['02Ind@1', '05Dec@2']","['IndDecentralizingAgent', 'DecentralizingAgent']",1,0,AgentMechanismInterface,False,False,True,17,1.1625815669540316,0.9,False,False,"(2, 9, 27)",,2,False,,"(2, 9, 27)",12085b9e-138a-4fdf-babc-29c4f78ab947,0,"[('12085b9e-138a-4fdf-babc-29c4f78ab947', (2, 9, 27))]"
39,failed,"['02Ind@1', '01Dec@0']","['IndDecentralizingAgent', 'DecentralizingAgent']",1,0,AgentMechanismInterface,False,False,True,17,1.1758803250268102,0.9,False,False,"(3, 5, 7)",,2,False,,"(3, 5, 7)",f8b6cec5-78a7-4fa1-95a1-7b4e08a93070,0,"[('f8b6cec5-78a7-4fa1-95a1-7b4e08a93070', (3, 5, 7))]"
40,failed,"['02Ind@1', '05Dec@2']","['IndDecentralizingAgent', 'DecentralizingAgent']",1,0,AgentMechanismInterface,False,False,True,17,1.2717903520097025,0.9,False,False,"(2, 2, 27)",,2,False,,"(2, 2, 27)",d07c793c-e82b-4275-bb1b-55270c74c80a,0,"[('d07c793c-e82b-4275-bb1b-55270c74c80a', (2, 2, 27))]"
41,failed,"['05Dec@2', '02Ind@1']","['DecentralizingAgent', 'IndDecentralizingAgent']",1,0,AgentMechanismInterface,False,False,True,17,1.3685102330055088,0.9,False,False,"(8, 1, 9)",,2,False,,"(8, 1, 9)",80125e04-4ddc-4a79-9cd9-c4d8803c0d1b,0,"[('80125e04-4ddc-4a79-9cd9-c4d8803c0d1b', (8, 1, 9))]"
42,failed,"['02Ind@1', '00Dec@0']","['IndDecentralizingAgent', 'DecentralizingAgent']",1,0,AgentMechanismInterface,False,False,True,17,1.0841323120403104,0.9,False,False,"(2, 3, 7)",,2,False,,"(2, 3, 7)",d81af93e-01f8-4a6e-b261-c8227872bcef,0,"[('d81af93e-01f8-4a6e-b261-c8227872bcef', (2, 3, 7))]"
43,failed,"['02Ind@1', '04MyA@2']","['IndDecentralizingAgent', 'MyAgent']",1,0,AgentMechanismInterface,False,False,True,17,1.5916181140346453,0.9,False,False,"(2, 4, 27)",,2,False,,"(2, 4, 27)",fab81552-1152-49a0-8e1f-6c4b7b6e7c75,0,"[('fab81552-1152-49a0-8e1f-6c4b7b6e7c75', (2, 4, 27))]"
44,failed,"['04MyA@2', '03Buy@1']","['MyAgent', 'BuyCheapSellExpensiveAgent']",1,0,AgentMechanismInterface,False,False,True,17,1.3576973379822448,0.9,False,False,"(7, 1, 10)",,2,False,,"(7, 1, 10)",4c6db3ad-fa00-4eb7-9240-b07a5e43c7e3,0,"[('4c6db3ad-fa00-4eb7-9240-b07a5e43c7e3', (7, 1, 10))]"
45,failed,"['05Dec@2', '02Ind@1']","['DecentralizingAgent', 'IndDecentralizingAgent']",1,0,AgentMechanismInterface,False,False,True,17,1.3050541279953904,0.9,False,False,"(9, 1, 9)",,2,False,,"(9, 1, 9)",d97c723a-6a92-481e-8cf5-5c09bf56adc4,0,"[('d97c723a-6a92-481e-8cf5-5c09bf56adc4', (9, 1, 9))]"
46,failed,"['05Dec@2', '03Buy@1']","['DecentralizingAgent', 'BuyCheapSellExpensiveAgent']",1,0,AgentMechanismInterface,False,False,True,17,1.5108160210074857,0.9,False,False,"(8, 1, 9)",,2,False,,"(8, 1, 9)",764e45a4-aad5-48aa-aee6-4528396d39ee,0,"[('764e45a4-aad5-48aa-aee6-4528396d39ee', (8, 1, 9))]"
47,failed,"['00Dec@0', '03Buy@1']","['DecentralizingAgent', 'BuyCheapSellExpensiveAgent']",1,0,AgentMechanismInterface,False,False,True,17,1.193290687049739,0.9,True,False,,,2,False,,"(15, 6, 19)",ba30d7cb-8a82-490d-bb82-22795d163740,0,[]
48,failed,"['01Dec@0', '02Ind@1']","['DecentralizingAgent', 'IndDecentralizingAgent']",1,0,AgentMechanismInterface,False,False,True,17,1.1724961269646883,0.9,False,False,"(14, 3, 19)",,2,False,,"(14, 3, 19)",9f6ce6f3-ddc5-423d-9fb8-285c62b24a6c,0,[]
49,failed,"['01Dec@0', '03Buy@1']","['DecentralizingAgent', 'BuyCheapSellExpensiveAgent']",1,0,AgentMechanismInterface,False,False,True,17,1.4149891849956475,0.9,True,False,,,2,False,,"(10, 7, 20)",c94a6383-3103-4531-b1bb-857567bc7667,0,"[('c94a6383-3103-4531-b1bb-857567bc7667', (10, 7, 20))]"
50,failed,"['02Ind@1', '05Dec@2']","['IndDecentralizingAgent', 'DecentralizingAgent']",1,0,AgentMechanismInterface,False,False,True,17,1.352829256968107,0.9,False,False,"(2, 6, 27)",,2,False,,"(2, 6, 27)",07e0f380-2f02-44d1-abaf-b723c9f8bcfb,0,"[('07e0f380-2f02-44d1-abaf-b723c9f8bcfb', (2, 6, 27))]"
51,failed,"['02Ind@1', '00Dec@0']","['IndDecentralizingAgent', 'DecentralizingAgent']",1,0,AgentMechanismInterface,False,False,True,17,1.265595844015479,0.9,False,False,"(1, 2, 7)",,2,False,,"(1, 2, 7)",fdfc9c83-db00-43ce-bb3e-98fcce5430f2,0,"[('fdfc9c83-db00-43ce-bb3e-98fcce5430f2', (1, 2, 7))]"
52,failed,"['05Dec@2', '02Ind@1']","['DecentralizingAgent', 'IndDecentralizingAgent']",1,0,AgentMechanismInterface,False,False,True,17,1.1604230919620022,0.9,False,False,"(9, 1, 9)",,2,False,,"(9, 1, 9)",95164903-857f-4e99-8168-3f19623d7cf7,0,"[('95164903-857f-4e99-8168-3f19623d7cf7', (9, 1, 9))]"
53,failed,"['00Dec@0', '03Buy@1']","['DecentralizingAgent', 'BuyCheapSellExpensiveAgent']",1,0,AgentMechanismInterface,False,False,True,17,1.7104116689879447,0.9,True,False,,,2,False,,"(7, 6, 18)",2fefa718-c376-4330-b302-6ed074f4a701,0,[]
54,failed,"['01Dec@0', '02Ind@1']","['DecentralizingAgent', 'IndDecentralizingAgent']",1,0,AgentMechanismInterface,False,False,True,17,1.4828604419599287,0.9,True,False,,,2,False,,"(10, 6, 20)",b777f0f3-7322-4e46-a307-578ebe8d3306,0,"[('b777f0f3-7322-4e46-a307-578ebe8d3306', (10, 6, 20))]"
55,failed,"['01Dec@0', '03Buy@1']","['DecentralizingAgent', 'BuyCheapSellExpensiveAgent']",1,0,AgentMechanismInterface,False,False,True,17,1.6684372460003942,0.9,False,False,"(15, 9, 20)",,2,False,,"(15, 9, 20)",7071eb3a-e2f4-4442-8e91-dbb8e48a3cc3,0,[]
56,failed,"['01Dec@0', '02Ind@1']","['DecentralizingAgent', 'IndDecentralizingAgent']",1,0,AgentMechanismInterface,False,False,True,17,1.1906444929772988,0.9,False,False,"(15, 9, 20)",,2,False,,"(15, 9, 20)",90462979-7a32-4639-8ed3-9340901c4d3b,0,[]
57,failed,"['01Dec@0', '03Buy@1']","['DecentralizingAgent', 'BuyCheapSellExpensiveAgent']",1,0,AgentMechanismInterface,False,False,True,17,1.7604492270038463,0.9,False,False,"(14, 8, 20)",,2,False,,"(14, 8, 20)",aa5db356-2da3-4cf5-bca5-45362feadb35,0,[]
58,failed,"['00Dec@0', '02Ind@1']","['DecentralizingAgent', 'IndDecentralizingAgent']",2,1,AgentMechanismInterface,False,False,True,2,0.7496089459746145,0.15,False,False,"(31, 2, 13)",,2,False,,"(31, 2, 13)",7a8ba17f-4672-4dcb-814e-7e9a7a6de6b0,0,[]
59,failed,"['05Dec@2', '02Ind@1']","['DecentralizingAgent', 'IndDecentralizingAgent']",2,1,AgentMechanismInterface,False,False,True,2,0.13130693399580196,0.15,False,False,"(70, 11, 18)",,2,False,,"(70, 11, 18)",33d4dad3-e680-4394-9659-a9eb93829978,0,[]
60,failed,"['05Dec@2', '02Ind@1']","['DecentralizingAgent', 'IndDecentralizingAgent']",2,1,AgentMechanismInterface,False,False,True,2,1.2451876610284671,0.15,False,False,"(69, 10, 18)",,2,False,,"(69, 10, 18)",038bbf45-c3ab-4560-9097-c617c25384ba,0,"[('038bbf45-c3ab-4560-9097-c617c25384ba', (69, 10, 18))]"
61,failed,"['02Ind@1', '05Dec@2']","['IndDecentralizingAgent', 'DecentralizingAgent']",2,1,AgentMechanismInterface,False,False,True,2,0.20651751599507406,0.15,True,False,,,2,False,,"(20, 9, 36)",de21e90d-b08d-4c7a-b548-4d7912a5c6c6,0,"[('de21e90d-b08d-4c7a-b548-4d7912a5c6c6', (20, 9, 36))]"
62,failed,"['04MyA@2', '03Buy@1']","['MyAgent', 'BuyCheapSellExpensiveAgent']",2,1,AgentMechanismInterface,False,False,True,2,1.5572603770415299,0.15,False,False,"(68, 10, 18)",,2,False,,"(68, 10, 18)",581459b1-723c-4f69-b37b-db61bf361136,0,[]
63,failed,"['05Dec@2', '02Ind@1']","['DecentralizingAgent', 'IndDecentralizingAgent']",2,1,AgentMechanismInterface,False,False,True,2,1.8423324440373108,0.15,False,False,"(73, 8, 18)",,2,False,,"(73, 8, 18)",b9780010-b149-446c-93db-5bfb9b301720,0,[]
64,failed,"['04MyA@2', '03Buy@1']","['MyAgent', 'BuyCheapSellExpensiveAgent']",2,1,AgentMechanismInterface,False,False,True,2,1.1620567089994438,0.15,False,False,"(68, 9, 18)",,2,False,,"(68, 9, 18)",f1fce3c9-7072-486b-9b9b-bbb8a155a1a2,0,[]
65,failed,"['05Dec@2', '03Buy@1']","['DecentralizingAgent', 'BuyCheapSellExpensiveAgent']",2,1,AgentMechanismInterface,False,False,True,2,1.934137963980902,0.15,False,False,"(67, 7, 18)",,2,False,,"(67, 7, 18)",886f0b44-8452-4c55-a32a-6cf755f461f8,0,[]
66,failed,"['05Dec@2', '02Ind@1']","['DecentralizingAgent', 'IndDecentralizingAgent']",2,1,AgentMechanismInterface,False,False,True,2,0.8283677269937471,0.15,False,False,"(69, 12, 18)",,2,False,,"(69, 12, 18)",81e16984-1b94-400d-8b0e-8986b319a386,0,[]
67,failed,"['01Dec@0', '03Buy@1']","['DecentralizingAgent', 'BuyCheapSellExpensiveAgent']",2,1,AgentMechanismInterface,False,False,True,2,0.6974801300093532,0.15,False,False,"(16, 2, 13)",,2,False,,"(16, 2, 13)",649d64f4-744e-4b33-8668-b5be323dd779,0,"[('649d64f4-744e-4b33-8668-b5be323dd779', (16, 2, 13))]"
68,failed,"['02Ind@1', '05Dec@2']","['IndDecentralizingAgent', 'DecentralizingAgent']",2,1,AgentMechanismInterface,False,False,True,2,1.0268294130219147,0.15,True,False,,,2,False,,"(11, 10, 36)",fa4b75af-85c6-4831-ab4a-7bf4b954d0f7,0,[]
69,failed,"['02Ind@1', '04MyA@2']","['IndDecentralizingAgent', 'MyAgent']",2,1,AgentMechanismInterface,False,False,True,2,1.1109892569947988,0.15,True,False,,,2,False,,"(20, 9, 36)",7d32c07d-ad35-4573-8007-acb29cd7e16c,0,"[('7d32c07d-ad35-4573-8007-acb29cd7e16c', (20, 9, 36))]"
70,failed,"['05Dec@2', '03Buy@1']","['DecentralizingAgent', 'BuyCheapSellExpensiveAgent']",2,1,AgentMechanismInterface,False,False,True,2,1.0096499919891357,0.15,False,False,"(72, 9, 18)",,2,False,,"(72, 9, 18)",59bf1baf-0d06-442c-bf17-3e81da31bb1f,0,"[('59bf1baf-0d06-442c-bf17-3e81da31bb1f', (72, 9, 18))]"
71,failed,"['04MyA@2', '03Buy@1']","['MyAgent', 'BuyCheapSellExpensiveAgent']",2,1,AgentMechanismInterface,False,False,True,2,0.5678301529842429,0.15,False,False,"(68, 8, 18)",,2,False,,"(68, 8, 18)",aa038b8e-0eae-4b02-bb7c-92c72a8922ac,0,[]
72,failed,"['04MyA@2', '03Buy@1']","['MyAgent', 'BuyCheapSellExpensiveAgent']",2,1,AgentMechanismInterface,False,False,True,2,1.7748059489531443,0.15,False,False,"(68, 11, 18)",,2,False,,"(68, 11, 18)",e718faa2-dd0e-4e82-a007-6ff759f82979,0,"[('e718faa2-dd0e-4e82-a007-6ff759f82979', (68, 11, 18))]"
73,failed,"['02Ind@1', '04MyA@2']","['IndDecentralizingAgent', 'MyAgent']",2,1,AgentMechanismInterface,False,False,True,2,1.0960548690054566,0.15,True,False,,,2,False,,"(14, 8, 36)",c8839b5e-d0be-41f8-acc6-971b8efdcbf0,0,[]
74,failed,"['04MyA@2', '03Buy@1']","['MyAgent', 'BuyCheapSellExpensiveAgent']",2,1,AgentMechanismInterface,False,False,True,2,0.7227533280383795,0.15,False,False,"(68, 12, 18)",,2,False,,"(68, 12, 18)",c22f197d-0ff4-4422-891e-9a1d5c5a58cd,0,"[('c22f197d-0ff4-4422-891e-9a1d5c5a58cd', (68, 12, 18))]"
75,failed,"['04MyA@2', '03Buy@1']","['MyAgent', 'BuyCheapSellExpensiveAgent']",2,1,AgentMechanismInterface,False,False,True,2,1.5751808150089346,0.15,True,False,,,2,False,,,8676e4cd-0040-44d7-a474-702cb8d0f96f,0,[]
76,failed,"['02Ind@1', '05Dec@2']","['IndDecentralizingAgent', 'DecentralizingAgent']",2,1,AgentMechanismInterface,False,False,True,3,0.36684851901372895,0.2,True,False,,,2,False,,"(14, 8, 36)",5a674295-dc24-443c-973d-ebcdaea92767,0,[]
77,failed,"['02Ind@1', '04MyA@2']","['IndDecentralizingAgent', 'MyAgent']",2,1,AgentMechanismInterface,False,False,True,3,2.116036410036031,0.2,True,False,,,2,False,,"(11, 10, 36)",614e2ce3-10cd-4365-beb2-d960995f2c92,0,[]
78,failed,"['02Ind@1', '05Dec@2']","['IndDecentralizingAgent', 'DecentralizingAgent']",2,1,AgentMechanismInterface,False,False,True,16,1.7446490270085633,0.85,False,False,"(48, 13, 27)",,2,False,,"(48, 13, 27)",11384a52-f937-44c6-a004-d7ca58e1e433,0,"[('11384a52-f937-44c6-a004-d7ca58e1e433', (48, 13, 27))]"
79,failed,"['02Ind@1', '04MyA@2']","['IndDecentralizingAgent', 'MyAgent']",2,1,AgentMechanismInterface,False,False,True,16,0.7733433649991639,0.85,False,False,"(48, 13, 27)",,2,False,,"(48, 13, 27)",d2b46052-0441-45ca-9f38-5b6ab74184c8,0,"[('d2b46052-0441-45ca-9f38-5b6ab74184c8', (48, 13, 27))]"
80,failed,"['00Dec@0', '02Ind@1']","['DecentralizingAgent', 'IndDecentralizingAgent']",2,1,AgentMechanismInterface,False,False,True,17,2.128820154001005,0.9,False,False,"(15, 6, 19)",,2,False,,"(15, 6, 19)",abfc0f7d-7fec-44cb-95c2-d9daeeca7c23,0,[]
81,failed,"['00Dec@0', '03Buy@1']","['DecentralizingAgent', 'BuyCheapSellExpensiveAgent']",2,1,AgentMechanismInterface,False,False,True,17,0.884515852027107,0.9,False,False,"(16, 7, 20)",,2,False,,"(16, 7, 20)",b6bfe4d1-22a9-44e8-8a14-f7bf49c4484b,0,[]
82,failed,"['00Dec@0', '02Ind@1']","['DecentralizingAgent', 'IndDecentralizingAgent']",2,1,AgentMechanismInterface,False,False,True,17,1.2297989740036428,0.9,True,False,,,2,False,,"(16, 4, 19)",248c6dbc-1b47-4353-81c0-ebf208757597,0,[]
83,failed,"['05Dec@2', '02Ind@1']","['DecentralizingAgent', 'IndDecentralizingAgent']",2,1,AgentMechanismInterface,False,False,True,17,1.3408599970280193,0.9,False,False,"(9, 2, 9)",,2,False,,"(9, 2, 9)",e91c204b-976f-4637-bec1-882cdb25d6c3,0,"[('e91c204b-976f-4637-bec1-882cdb25d6c3', (9, 2, 9))]"
84,failed,"['02Ind@1', '04MyA@2']","['IndDecentralizingAgent', 'MyAgent']",2,1,AgentMechanismInterface,False,False,True,17,0.6031916770152748,0.9,False,False,"(16, 8, 26)",,2,False,,"(16, 8, 26)",ddf2a6f9-46e5-4a0b-b753-bae9703c39b6,0,[]
85,failed,"['05Dec@2', '03Buy@1']","['DecentralizingAgent', 'BuyCheapSellExpensiveAgent']",2,1,AgentMechanismInterface,False,False,True,17,1.4652852260041982,0.9,False,False,"(9, 2, 9)",,2,False,,"(9, 2, 9)",da68ba57-76a4-4b05-9ca5-80681223aa6d,0,"[('da68ba57-76a4-4b05-9ca5-80681223aa6d', (9, 2, 9))]"
86,failed,"['02Ind@1', '00Dec@0']","['IndDecentralizingAgent', 'DecentralizingAgent']",2,1,AgentMechanismInterface,False,False,True,17,1.213985242007766,0.9,False,False,"(3, 2, 7)",,2,False,,"(3, 2, 7)",c6c11ee6-79f7-4039-b8b9-47c38859710d,0,"[('c6c11ee6-79f7-4039-b8b9-47c38859710d', (3, 2, 7))]"
87,failed,"['02Ind@1', '01Dec@0']","['IndDecentralizingAgent', 'DecentralizingAgent']",2,1,AgentMechanismInterface,False,False,True,17,1.4675766309956089,0.9,False,False,"(3, 6, 7)",,2,False,,"(3, 6, 7)",5a29d230-f605-4fcc-a082-67cad4965e70,0,"[('5a29d230-f605-4fcc-a082-67cad4965e70', (3, 6, 7))]"
88,failed,"['02Ind@1', '05Dec@2']","['IndDecentralizingAgent', 'DecentralizingAgent']",2,1,AgentMechanismInterface,False,False,True,17,2.3963492879993282,0.9,False,False,"(16, 11, 28)",,2,False,,"(16, 11, 28)",fa78987a-cd42-4eb1-8fc8-e9b3a58a1a6e,0,[]
89,failed,"['00Dec@0', '02Ind@1']","['DecentralizingAgent', 'IndDecentralizingAgent']",2,1,AgentMechanismInterface,False,False,True,17,1.4237019919673912,0.9,False,False,"(13, 12, 20)",,2,False,,"(13, 12, 20)",8a63d6ff-e8ca-479c-ae74-87dc44d72fd3,0,[]
90,failed,"['01Dec@0', '02Ind@1']","['DecentralizingAgent', 'IndDecentralizingAgent']",2,1,AgentMechanismInterface,False,False,True,17,1.4009396060137078,0.9,False,False,"(10, 2, 19)",,2,False,,"(10, 2, 19)",d6f8d9da-c602-4e57-a27e-ca0511206d07,0,"[('d6f8d9da-c602-4e57-a27e-ca0511206d07', (10, 2, 19))]"
91,failed,"['01Dec@0', '03Buy@1']","['DecentralizingAgent', 'BuyCheapSellExpensiveAgent']",2,1,AgentMechanismInterface,False,False,True,17,0.6151319420314394,0.9,True,False,,,2,False,,"(7, 7, 18)",8a9f4822-08f5-4bab-b498-f3854b9afda4,0,[]
92,failed,"['02Ind@1', '05Dec@2']","['IndDecentralizingAgent', 'DecentralizingAgent']",2,1,AgentMechanismInterface,False,False,True,17,1.634836891957093,0.9,False,False,"(16, 11, 28)",,2,False,,"(16, 11, 28)",d5a9957c-82c6-4f91-98a8-08157a2d64d4,0,[]
93,failed,"['02Ind@1', '04MyA@2']","['IndDecentralizingAgent', 'MyAgent']",2,1,AgentMechanismInterface,False,False,True,17,0.7773885659989901,0.9,False,False,"(16, 11, 28)",,2,False,,"(16, 11, 28)",fee95e5f-4e78-47a5-abd4-bdbe32261450,0,[]
94,failed,"['00Dec@0', '03Buy@1']","['DecentralizingAgent', 'BuyCheapSellExpensiveAgent']",2,1,AgentMechanismInterface,False,False,True,17,2.4361975439824164,0.9,True,False,,,2,False,,"(13, 7, 19)",7d823484-31b3-46ba-9e28-8281344d05a4,0,[]
95,failed,"['01Dec@0', '02Ind@1']","['DecentralizingAgent', 'IndDecentralizingAgent']",2,1,AgentMechanismInterface,False,False,True,17,0.7608775600092486,0.9,False,False,"(17, 8, 19)",,2,False,,"(17, 8, 19)",17a0fe69-7ee3-4401-b329-ccc573f1fca8,0,[]
96,failed,"['00Dec@0', '03Buy@1']","['DecentralizingAgent', 'BuyCheapSellExpensiveAgent']",2,1,AgentMechanismInterface,False,False,True,17,1.4905030489899218,0.9,True,False,,,2,False,,"(15, 6, 19)",c3b441ef-2158-4223-b98c-f1953ce4f2e1,0,[]
97,failed,"['01Dec@0', '03Buy@1']","['DecentralizingAgent', 'BuyCheapSellExpensiveAgent']",2,1,AgentMechanismInterface,False,False,True,17,2.2497754910145886,0.9,True,False,,,2,False,,"(17, 8, 19)",0eb8d09a-6e15-4a4e-ba67-b7b94157f4a6,0,[]
98,failed,"['05Dec@2', '02Ind@1']","['DecentralizingAgent', 'IndDecentralizingAgent']",3,2,AgentMechanismInterface,False,False,True,2,0.4491906400071457,0.15,True,False,,,2,False,,"(26, 14, 18)",b363ad24-d4a5-45db-93ca-e37f3a176822,0,[]
99,failed,"['02Ind@1', '04MyA@2']","['IndDecentralizingAgent', 'MyAgent']",3,2,AgentMechanismInterface,False,False,True,2,0.45754199498333037,0.15,True,False,,,2,False,,,414c59ef-57a6-4646-950b-a0fa07a1b053,0,[]
100,failed,"['04MyA@2', '02Ind@1']","['MyAgent', 'IndDecentralizingAgent']",3,2,AgentMechanismInterface,False,False,True,2,0.7517414839821868,0.15,True,False,,,2,False,,,808fff5b-d52a-48e1-baba-97e896c41694,0,[]
101,failed,"['02Ind@1', '01Dec@0']","['IndDecentralizingAgent', 'DecentralizingAgent']",3,2,AgentMechanismInterface,False,False,True,2,0.20191741600865498,0.15,True,False,,,2,False,,,839d6443-074a-438e-9784-e8f90d278d4a,0,[]
102,failed,"['04MyA@2', '02Ind@1']","['MyAgent', 'IndDecentralizingAgent']",3,2,AgentMechanismInterface,False,False,True,2,0.40631841303547844,0.15,False,False,"(38, 13, 18)",,2,False,,"(38, 13, 18)",2ae4136b-a981-4ae3-bd44-fc3992cf3f87,0,[]
103,failed,"['04MyA@2', '03Buy@1']","['MyAgent', 'BuyCheapSellExpensiveAgent']",3,2,AgentMechanismInterface,False,False,True,2,0.684392046998255,0.15,True,False,,,2,False,,"(22, 14, 18)",fb0c65e9-0007-49a6-ae7b-17b0785203d4,0,[]
104,failed,"['00Dec@0', '03Buy@1']","['DecentralizingAgent', 'BuyCheapSellExpensiveAgent']",3,2,AgentMechanismInterface,False,False,True,2,0.5693263970315456,0.15,False,False,"(12, 3, 13)",,2,False,,"(12, 3, 13)",63ea8204-2e0d-41c5-b940-549f09969429,0,[]
105,failed,"['01Dec@0', '02Ind@1']","['DecentralizingAgent', 'IndDecentralizingAgent']",3,2,AgentMechanismInterface,False,False,True,2,0.548813475004863,0.15,False,False,"(56, 3, 13)",,2,False,,"(56, 3, 13)",c741f177-1d32-4468-a5ae-846011a506a1,0,[]
106,failed,"['05Dec@2', '03Buy@1']","['DecentralizingAgent', 'BuyCheapSellExpensiveAgent']",3,2,AgentMechanismInterface,False,False,True,2,0.6791361079667695,0.15,False,False,"(40, 13, 18)",,2,False,,"(40, 13, 18)",65324b24-9ea7-4103-a45d-8e40b3c97067,0,[]
107,failed,"['02Ind@1', '01Dec@0']","['IndDecentralizingAgent', 'DecentralizingAgent']",3,2,AgentMechanismInterface,False,False,True,16,1.2524686980177648,0.85,False,False,"(61, 5, 6)",,2,False,,"(61, 5, 6)",f568e68f-0721-4786-8d4c-9b402caea611,0,[]
108,failed,"['05Dec@2', '03Buy@1']","['DecentralizingAgent', 'BuyCheapSellExpensiveAgent']",3,2,AgentMechanismInterface,False,False,True,17,0.3990688120247796,0.9,False,False,"(10, 3, 9)",,2,False,,"(10, 3, 9)",91e8b83d-08ee-4544-8bd1-7f420146d939,0,"[('91e8b83d-08ee-4544-8bd1-7f420146d939', (10, 3, 9))]"
109,failed,"['05Dec@2', '02Ind@1']","['DecentralizingAgent', 'IndDecentralizingAgent']",3,2,AgentMechanismInterface,False,False,True,17,1.1701258519897237,0.9,False,False,"(10, 10, 10)",,2,False,,"(10, 10, 10)",94b72554-b12e-4d89-8259-2a57ce475b40,0,"[('94b72554-b12e-4d89-8259-2a57ce475b40', (10, 10, 10))]"
110,failed,"['01Dec@0', '03Buy@1']","['DecentralizingAgent', 'BuyCheapSellExpensiveAgent']",3,2,AgentMechanismInterface,False,False,True,17,0.6663792500039563,0.9,False,False,"(17, 8, 19)",,2,False,,"(17, 8, 19)",2e6cf1d2-63f3-4976-a410-32788e6d814a,0,[]
111,failed,"['00Dec@0', '02Ind@1']","['DecentralizingAgent', 'IndDecentralizingAgent']",3,2,AgentMechanismInterface,False,False,True,17,0.6003952709725127,0.9,False,False,"(11, 8, 19)",,2,False,,"(11, 8, 19)",31244b37-2929-40ac-9e7d-e0f7d70525fb,0,"[('31244b37-2929-40ac-9e7d-e0f7d70525fb', (11, 8, 19))]"
112,failed,"['00Dec@0', '03Buy@1']","['DecentralizingAgent', 'BuyCheapSellExpensiveAgent']",3,2,AgentMechanismInterface,False,False,True,17,0.4313893970102072,0.9,True,False,,,2,False,,"(7, 13, 18)",0b206220-1574-485f-aa3c-ed164d685357,0,[]
113,failed,"['00Dec@0', '03Buy@1']","['DecentralizingAgent', 'BuyCheapSellExpensiveAgent']",3,2,AgentMechanismInterface,False,False,True,17,0.7763036679825746,0.9,False,False,"(10, 8, 20)",,2,False,,"(10, 8, 20)",ce9898c9-7081-47ae-9bf0-5c67ac37dca2,0,"[('ce9898c9-7081-47ae-9bf0-5c67ac37dca2', (10, 8, 20))]"
114,failed,"['00Dec@0', '03Buy@1']","['DecentralizingAgent', 'BuyCheapSellExpensiveAgent']",3,2,AgentMechanismInterface,False,False,True,17,1.1603299379930831,0.9,False,False,"(13, 12, 20)",,2,False,,"(13, 12, 20)",9947b434-352c-408c-95ae-c8c0ce256993,0,[]
115,failed,"['05Dec@2', '02Ind@1']","['DecentralizingAgent', 'IndDecentralizingAgent']",3,2,AgentMechanismInterface,False,False,True,17,1.1401494729798287,0.9,False,False,"(10, 3, 9)",,2,False,,"(10, 3, 9)",64b497fb-33c4-440e-85fe-32c87e8cee72,0,"[('64b497fb-33c4-440e-85fe-32c87e8cee72', (10, 3, 9))]"
116,failed,"['05Dec@2', '02Ind@1']","['DecentralizingAgent', 'IndDecentralizingAgent']",3,2,AgentMechanismInterface,False,False,True,17,0.5490215350291692,0.9,False,False,"(9, 7, 10)",,2,False,,"(9, 7, 10)",48e60e1f-cad1-45f4-8ff9-5b183970d1f9,0,"[('48e60e1f-cad1-45f4-8ff9-5b183970d1f9', (9, 7, 10))]"
117,failed,"['05Dec@2', '02Ind@1']","['DecentralizingAgent', 'IndDecentralizingAgent']",3,2,AgentMechanismInterface,False,False,True,17,1.2430664510466158,0.9,False,False,"(12, 3, 9)",,2,False,,"(12, 3, 9)",ffe8650b-c6a7-4a40-bbfc-51082a953ada,0,"[('ffe8650b-c6a7-4a40-bbfc-51082a953ada', (12, 3, 9))]"
118,failed,"['05Dec@2', '03Buy@1']","['DecentralizingAgent', 'BuyCheapSellExpensiveAgent']",3,2,AgentMechanismInterface,False,False,True,17,0.49561866896692663,0.9,True,False,,,2,False,,"(10, 4, 9)",88f65a99-ed12-41e8-ad86-b6269811b14c,0,"[('88f65a99-ed12-41e8-ad86-b6269811b14c', (10, 4, 9))]"
119,failed,"['05Dec@2', '03Buy@1']","['DecentralizingAgent', 'BuyCheapSellExpensiveAgent']",3,2,AgentMechanismInterface,False,False,True,17,0.6001487089670263,0.9,False,False,"(9, 7, 10)",,2,False,,"(9, 7, 10)",777c3e20-3922-4d84-a737-f6160826bbf4,0,"[('777c3e20-3922-4d84-a737-f6160826bbf4', (9, 7, 10))]"
120,failed,"['01Dec@0', '02Ind@1']","['DecentralizingAgent', 'IndDecentralizingAgent']",3,2,AgentMechanismInterface,False,False,True,17,0.5016194520285353,0.9,True,False,,,2,False,,"(17, 8, 19)",d45990b5-cbee-49c5-8c06-7a9be8899770,0,[]
121,failed,"['05Dec@2', '03Buy@1']","['DecentralizingAgent', 'BuyCheapSellExpensiveAgent']",3,2,AgentMechanismInterface,False,False,True,17,0.6028728309902363,0.9,False,False,"(10, 8, 10)",,2,False,,"(10, 8, 10)",31a21a84-b58b-4ba3-88e2-e5ee537acb5c,0,"[('31a21a84-b58b-4ba3-88e2-e5ee537acb5c', (10, 8, 10))]"
122,failed,"['05Dec@2', '02Ind@1']","['DecentralizingAgent', 'IndDecentralizingAgent']",3,2,AgentMechanismInterface,False,False,True,17,0.5675092909950763,0.9,True,False,,,2,False,,"(10, 3, 9)",2cb3679a-e774-4062-a27f-449952fe6888,0,"[('2cb3679a-e774-4062-a27f-449952fe6888', (10, 3, 9))]"
123,failed,"['05Dec@2', '02Ind@1']","['DecentralizingAgent', 'IndDecentralizingAgent']",3,2,AgentMechanismInterface,False,False,True,17,0.5879917549900711,0.9,True,False,,,2,False,,"(10, 3, 11)",7788c557-fc32-4554-a6ee-b1e77027ad34,0,[]
124,failed,"['02Ind@1', '04MyA@2']","['IndDecentralizingAgent', 'MyAgent']",3,2,AgentMechanismInterface,False,False,True,17,1.1483338600373827,0.9,False,False,"(13, 13, 26)",,2,False,,"(13, 13, 26)",8c9fd148-e3a8-4c70-9510-fdd49ac9ff14,0,"[('8c9fd148-e3a8-4c70-9510-fdd49ac9ff14', (13, 13, 26))]"
125,failed,"['00Dec@0', '02Ind@1']","['DecentralizingAgent', 'IndDecentralizingAgent']",3,2,AgentMechanismInterface,False,False,True,17,0.6707147589768283,0.9,True,False,,,2,False,,"(13, 7, 19)",77a30e8e-cd44-4df3-a9c3-d714e4a04562,0,[]
126,failed,"['02Ind@1', '04MyA@2']","['IndDecentralizingAgent', 'MyAgent']",3,2,AgentMechanismInterface,False,False,True,17,0.7999745639972389,0.9,False,False,"(17, 9, 28)",,2,False,,"(17, 9, 28)",201c7760-fee8-42ac-9bfa-eaf488ccf7d1,0,[]
127,failed,"['05Dec@2', '02Ind@1']","['DecentralizingAgent', 'IndDecentralizingAgent']",3,2,AgentMechanismInterface,False,False,True,17,0.7432585809729062,0.9,False,False,"(8, 8, 10)",,2,False,,"(8, 8, 10)",ac9e6cf3-892c-4859-a821-03b5a4c839c3,0,"[('ac9e6cf3-892c-4859-a821-03b5a4c839c3', (8, 8, 10))]"
128,failed,"['05Dec@2', '03Buy@1']","['DecentralizingAgent', 'BuyCheapSellExpensiveAgent']",3,2,AgentMechanismInterface,False,False,True,17,0.5555727889877744,0.9,True,False,,,2,False,,"(9, 3, 9)",58fae4e0-665a-4817-86b0-b319d1e7faf3,0,"[('58fae4e0-665a-4817-86b0-b319d1e7faf3', (9, 3, 9))]"
129,failed,"['00Dec@0', '02Ind@1']","['DecentralizingAgent', 'IndDecentralizingAgent']",3,2,AgentMechanismInterface,False,False,True,17,0.6764634890132584,0.9,True,False,,,2,False,,"(10, 8, 20)",445108b1-832c-4291-b6ba-bd95ff48e2c7,0,"[('445108b1-832c-4291-b6ba-bd95ff48e2c7', (10, 8, 20))]"
130,failed,"['02Ind@1', '00Dec@0']","['IndDecentralizingAgent', 'DecentralizingAgent']",3,2,AgentMechanismInterface,False,False,True,17,0.9959244540077634,0.9,False,False,"(1, 7, 7)",,2,False,,"(1, 7, 7)",81abb14c-ffb9-4f9d-a1d3-01dca7420fd7,0,"[('81abb14c-ffb9-4f9d-a1d3-01dca7420fd7', (1, 7, 7))]"
131,failed,"['05Dec@2', '03Buy@1']","['DecentralizingAgent', 'BuyCheapSellExpensiveAgent']",3,2,AgentMechanismInterface,False,False,True,17,1.0510779149481095,0.9,True,False,,,2,False,,"(8, 4, 9)",6293380f-ab67-4b58-9364-3320e9e9276a,0,"[('6293380f-ab67-4b58-9364-3320e9e9276a', (8, 4, 9))]"
132,failed,"['05Dec@2', '03Buy@1']","['DecentralizingAgent', 'BuyCheapSellExpensiveAgent']",3,2,AgentMechanismInterface,False,False,True,17,0.6366558549925685,0.9,True,False,,,2,False,,"(12, 5, 11)",e9869a95-ac61-4994-be5d-f205728331cc,0,[]
133,failed,"['05Dec@2', '02Ind@1']","['DecentralizingAgent', 'IndDecentralizingAgent']",4,3,AgentMechanismInterface,False,False,True,2,0.41296594496816397,0.15,True,False,,,2,False,,,74df8038-6e39-473f-8857-77edb294e56f,0,[]
134,failed,"['02Ind@1', '01Dec@0']","['IndDecentralizingAgent', 'DecentralizingAgent']",4,3,AgentMechanismInterface,False,False,True,2,0.20953658898361027,0.15,True,False,,,2,False,,,05b23def-7f8c-4288-94d2-245b717bd08b,0,[]
135,failed,"['04MyA@2', '02Ind@1']","['MyAgent', 'IndDecentralizingAgent']",4,3,AgentMechanismInterface,False,False,True,2,0.21096413297345862,0.15,False,False,"(57, 16, 18)",,2,False,,"(57, 16, 18)",76f77544-3519-4097-b8b8-42023c01f70d,0,"[('76f77544-3519-4097-b8b8-42023c01f70d', (57, 16, 18))]"
136,failed,"['04MyA@2', '02Ind@1']","['MyAgent', 'IndDecentralizingAgent']",4,3,AgentMechanismInterface,False,False,True,2,0.7483060680096969,0.15,False,False,"(53, 12, 18)",,2,False,,"(53, 12, 18)",5ad8aba5-f1d0-4d81-b1f5-cdb16efeeed7,0,"[('5ad8aba5-f1d0-4d81-b1f5-cdb16efeeed7', (53, 12, 18))]"
137,failed,"['04MyA@2', '02Ind@1']","['MyAgent', 'IndDecentralizingAgent']",4,3,AgentMechanismInterface,False,False,True,2,0.3839647739659995,0.15,True,False,,,2,False,,,5e08c3a5-b87c-4736-80d6-76b7fe3b2c6f,0,[]
138,failed,"['04MyA@2', '03Buy@1']","['MyAgent', 'BuyCheapSellExpensiveAgent']",4,3,AgentMechanismInterface,False,False,True,2,0.31464881100691855,0.15,True,False,,,2,False,,,bfa0360c-832e-4dc4-8c47-30f5162bfb55,0,[]
139,failed,"['00Dec@0', '03Buy@1']","['DecentralizingAgent', 'BuyCheapSellExpensiveAgent']",4,3,AgentMechanismInterface,False,False,True,2,0.3640888959635049,0.15,False,False,"(6, 4, 13)",,2,False,,"(6, 4, 13)",9a1b859d-c5b7-4cbe-a34b-5207b948f417,0,"[('9a1b859d-c5b7-4cbe-a34b-5207b948f417', (6, 4, 13))]"
140,failed,"['03Buy@1', '01Dec@0']","['BuyCheapSellExpensiveAgent', 'DecentralizingAgent']",4,3,AgentMechanismInterface,False,False,True,16,0.7933240800048225,0.85,False,False,"(35, 4, 7)",,2,False,,"(35, 4, 7)",c8c712d2-19ff-4b8a-bfe9-e6edca1406a4,0,"[('c8c712d2-19ff-4b8a-bfe9-e6edca1406a4', (35, 4, 7))]"
141,failed,"['00Dec@0', '02Ind@1']","['DecentralizingAgent', 'IndDecentralizingAgent']",4,3,AgentMechanismInterface,False,False,True,17,0.25538765598321334,0.9,False,False,"(13, 12, 20)",,2,False,,"(13, 12, 20)",bf34b188-93e4-4d92-8bd9-3baf379363e5,0,[]
142,failed,"['02Ind@1', '04MyA@2']","['IndDecentralizingAgent', 'MyAgent']",4,3,AgentMechanismInterface,False,False,True,17,0.7956222670036368,0.9,False,False,"(38, 14, 27)",,2,False,,"(38, 14, 27)",2e423aab-a692-4f6a-b04c-85b56679d4d5,0,[]
143,failed,"['05Dec@2', '02Ind@1']","['DecentralizingAgent', 'IndDecentralizingAgent']",4,3,AgentMechanismInterface,False,False,True,17,0.7120291250175796,0.9,False,False,"(12, 4, 9)",,2,False,,"(12, 4, 9)",835a56c5-0ee3-4715-a8a8-ceae95c5b7f9,0,"[('835a56c5-0ee3-4715-a8a8-ceae95c5b7f9', (12, 4, 9))]"
144,failed,"['05Dec@2', '02Ind@1']","['DecentralizingAgent', 'IndDecentralizingAgent']",4,3,AgentMechanismInterface,False,False,True,17,0.8261112719774246,0.9,False,False,"(10, 4, 9)",,2,False,,"(10, 4, 9)",19a9fdc8-c4ce-4c5d-9855-e9c49ee92f79,0,"[('19a9fdc8-c4ce-4c5d-9855-e9c49ee92f79', (10, 4, 9))]"
145,failed,"['00Dec@0', '03Buy@1']","['DecentralizingAgent', 'BuyCheapSellExpensiveAgent']",4,3,AgentMechanismInterface,False,False,True,17,0.4720804580138065,0.9,True,False,,,2,False,,"(13, 7, 19)",92b06394-a45d-4675-ad38-134485b54c46,0,[]
146,failed,"['01Dec@0', '02Ind@1']","['DecentralizingAgent', 'IndDecentralizingAgent']",4,3,AgentMechanismInterface,False,False,True,17,0.559265697025694,0.9,False,False,"(17, 8, 19)",,2,False,,"(17, 8, 19)",d2062eea-5730-4e9c-b95e-8cc01dbb8aee,0,[]
147,failed,"['00Dec@0', '03Buy@1']","['DecentralizingAgent', 'BuyCheapSellExpensiveAgent']",4,3,AgentMechanismInterface,False,False,True,17,0.6770093810046092,0.9,False,False,"(11, 8, 19)",,2,False,,"(11, 8, 19)",f73c7051-7c76-468a-958f-61bc38bfe9d7,0,"[('f73c7051-7c76-468a-958f-61bc38bfe9d7', (11, 8, 19))]"
148,failed,"['05Dec@2', '03Buy@1']","['DecentralizingAgent', 'BuyCheapSellExpensiveAgent']",4,3,AgentMechanismInterface,False,False,True,17,0.6982124599744566,0.9,True,False,,,2,False,,"(12, 5, 11)",a82f0b1c-8c0f-4f3f-9d36-e92c1dd59db9,0,[]
149,failed,"['01Dec@0', '03Buy@1']","['DecentralizingAgent', 'BuyCheapSellExpensiveAgent']",4,3,AgentMechanismInterface,False,False,True,17,0.2823125789873302,0.9,False,False,"(17, 11, 20)",,2,False,,"(17, 11, 20)",a9844ca4-dbb3-475f-8be7-acb7346fc65c,0,[]
150,failed,"['00Dec@0', '02Ind@1']","['DecentralizingAgent', 'IndDecentralizingAgent']",4,3,AgentMechanismInterface,False,False,True,17,0.5526636689901352,0.9,True,False,,,2,False,,"(7, 13, 18)",14173984-d15f-4fe2-9233-a7c1a9b9f8fe,0,[]
151,failed,"['05Dec@2', '02Ind@1']","['DecentralizingAgent', 'IndDecentralizingAgent']",4,3,AgentMechanismInterface,False,False,True,17,0.346364880038891,0.9,False,False,"(12, 13, 10)",,2,False,,"(12, 13, 10)",f6ab8eb0-f255-4820-b70c-b450ec3cc57c,0,"[('f6ab8eb0-f255-4820-b70c-b450ec3cc57c', (12, 13, 10))]"
152,failed,"['05Dec@2', '03Buy@1']","['DecentralizingAgent', 'BuyCheapSellExpensiveAgent']",4,3,AgentMechanismInterface,False,False,True,17,0.3323722109780647,0.9,True,False,,,2,False,,"(10, 4, 9)",fe4c8d94-a598-4122-b658-08365720e010,0,"[('fe4c8d94-a598-4122-b658-08365720e010', (10, 4, 9))]"
153,failed,"['05Dec@2', '03Buy@1']","['DecentralizingAgent', 'BuyCheapSellExpensiveAgent']",4,3,AgentMechanismInterface,False,False,True,17,0.9644339749938808,0.9,True,False,,,2,False,,"(12, 6, 11)",1a6fa896-46fc-4314-b124-49ccfee44ffa,0,[]
154,failed,"['04MyA@2', '02Ind@1']","['MyAgent', 'IndDecentralizingAgent']",5,4,AgentMechanismInterface,False,False,True,2,0.08183171000564471,0.15,True,False,,,2,False,,,9a757f86-7cb2-437f-bcfa-9afa966269e3,0,[]
155,failed,"['04MyA@2', '03Buy@1']","['MyAgent', 'BuyCheapSellExpensiveAgent']",5,4,AgentMechanismInterface,False,False,True,2,0.16586220503086224,0.15,True,False,,,2,False,,,a34e7f47-7f72-42c2-854f-45e436676773,0,[]
156,failed,"['05Dec@2', '03Buy@1']","['DecentralizingAgent', 'BuyCheapSellExpensiveAgent']",5,4,AgentMechanismInterface,False,False,True,2,0.4567502140416764,0.15,True,False,,,2,False,,,9d48fc63-772d-40f8-aad0-aec01d81ad59,0,[]
157,failed,"['04MyA@2', '02Ind@1']","['MyAgent', 'IndDecentralizingAgent']",5,4,AgentMechanismInterface,False,False,True,2,0.2978643879760057,0.15,True,False,,,2,False,,,2643e9e5-e854-42bc-b62d-6c1da6bab6bf,0,[]
158,failed,"['05Dec@2', '02Ind@1']","['DecentralizingAgent', 'IndDecentralizingAgent']",5,4,AgentMechanismInterface,False,False,True,17,0.5665295289945789,0.9,False,False,"(12, 5, 9)",,2,False,,"(12, 5, 9)",9baa68be-6f9d-499d-96b9-df2597c585bc,0,"[('9baa68be-6f9d-499d-96b9-df2597c585bc', (12, 5, 9))]"
159,failed,"['00Dec@0', '03Buy@1']","['DecentralizingAgent', 'BuyCheapSellExpensiveAgent']",5,4,AgentMechanismInterface,False,False,True,17,0.2383674149750732,0.9,False,False,"(15, 11, 19)",,2,False,,"(15, 11, 19)",df49c4eb-c2dc-4c65-990c-3e0aa5e43b0c,0,[]
160,failed,"['00Dec@0', '03Buy@1']","['DecentralizingAgent', 'BuyCheapSellExpensiveAgent']",5,4,AgentMechanismInterface,False,False,True,17,0.4858022650005296,0.9,False,False,"(13, 12, 20)",,2,False,,"(13, 12, 20)",78c9faca-b308-4137-ab87-63f225490495,0,[]
161,failed,"['00Dec@0', '02Ind@1']","['DecentralizingAgent', 'IndDecentralizingAgent']",5,4,AgentMechanismInterface,False,False,True,17,0.5480253039859235,0.9,True,False,,,2,False,,"(13, 7, 19)",3f7acfeb-e980-40d8-be6b-579439fa912b,0,[]
162,failed,"['01Dec@0', '02Ind@1']","['DecentralizingAgent', 'IndDecentralizingAgent']",5,4,AgentMechanismInterface,False,False,True,17,0.24540920095751062,0.9,False,False,"(15, 11, 19)",,2,False,,"(15, 11, 19)",c73bbe0c-99cf-4c51-a078-ecd3ad868edd,0,[]
163,failed,"['05Dec@2', '03Buy@1']","['DecentralizingAgent', 'BuyCheapSellExpensiveAgent']",5,4,AgentMechanismInterface,False,False,True,17,0.40120023099007085,0.9,True,False,,,2,False,,"(12, 5, 9)",6e4febf2-b177-4255-8e90-e672256d27df,0,"[('6e4febf2-b177-4255-8e90-e672256d27df', (12, 5, 9))]"
164,failed,"['00Dec@0', '02Ind@1']","['DecentralizingAgent', 'IndDecentralizingAgent']",5,4,AgentMechanismInterface,False,False,True,17,0.6846508559538051,0.9,False,False,"(15, 14, 20)",,2,False,,"(15, 14, 20)",56e4ea6e-b963-40ef-8e74-8da33d282a6c,0,[]
165,failed,"['02Ind@1', '00Dec@0']","['IndDecentralizingAgent', 'DecentralizingAgent']",5,4,AgentMechanismInterface,False,False,True,17,0.4147623730241321,0.9,False,False,"(3, 9, 7)",,2,False,,"(3, 9, 7)",b71a5895-5b04-42f9-91a0-5cb8a77894b3,0,"[('b71a5895-5b04-42f9-91a0-5cb8a77894b3', (3, 9, 7))]"
166,failed,"['05Dec@2', '02Ind@1']","['DecentralizingAgent', 'IndDecentralizingAgent']",5,4,AgentMechanismInterface,False,False,True,17,0.45640833204379305,0.9,False,False,"(9, 10, 10)",,2,False,,"(9, 10, 10)",c452c214-4aea-4a5c-94e1-ec6b39dcfa45,0,"[('c452c214-4aea-4a5c-94e1-ec6b39dcfa45', (9, 10, 10))]"
167,failed,"['01Dec@0', '03Buy@1']","['DecentralizingAgent', 'BuyCheapSellExpensiveAgent']",5,4,AgentMechanismInterface,False,False,True,17,0.5370056279934943,0.9,True,False,,,2,False,,"(15, 11, 19)",2c2168fd-d83f-4fa9-84b7-c215b5c22926,0,[]
168,failed,"['02Ind@1', '01Dec@0']","['IndDecentralizingAgent', 'DecentralizingAgent']",5,4,AgentMechanismInterface,False,False,True,17,0.5510362950153649,0.9,False,False,"(4, 5, 7)",,2,False,,"(4, 5, 7)",4a22b46d-6db0-4a5a-99f8-b3fee5a517a7,0,"[('4a22b46d-6db0-4a5a-99f8-b3fee5a517a7', (4, 5, 7))]"
169,failed,"['05Dec@2', '03Buy@1']","['DecentralizingAgent', 'BuyCheapSellExpensiveAgent']",5,4,AgentMechanismInterface,False,False,True,17,0.5873125399812125,0.9,False,False,"(9, 5, 9)",,2,False,,"(9, 5, 9)",12aa21f0-2dec-48c3-9b29-efe0f17d09eb,0,"[('12aa21f0-2dec-48c3-9b29-efe0f17d09eb', (9, 5, 9))]"
170,failed,"['00Dec@0', '02Ind@1']","['DecentralizingAgent', 'IndDecentralizingAgent']",5,4,AgentMechanismInterface,False,False,True,17,0.45771359896752983,0.9,False,False,"(11, 8, 19)",,2,False,,"(11, 8, 19)",1d33bd30-bab7-41a3-b363-68f19b272e68,0,"[('1d33bd30-bab7-41a3-b363-68f19b272e68', (11, 8, 19))]"
171,failed,"['00Dec@0', '03Buy@1']","['DecentralizingAgent', 'BuyCheapSellExpensiveAgent']",5,4,AgentMechanismInterface,False,False,True,17,0.4936171380104497,0.9,True,False,,,2,False,,"(11, 13, 20)",60b047d6-1b8c-41db-89fc-f64ed35390c0,0,"[('60b047d6-1b8c-41db-89fc-f64ed35390c0', (11, 13, 20))]"
172,failed,"['04MyA@2', '02Ind@1']","['MyAgent', 'IndDecentralizingAgent']",6,5,AgentMechanismInterface,False,False,True,2,0.1209985600435175,0.15,True,False,,,2,False,,,bca8566b-4d81-466b-9db9-e7a99ae52783,0,[]
173,failed,"['05Dec@2', '03Buy@1']","['DecentralizingAgent', 'BuyCheapSellExpensiveAgent']",6,5,AgentMechanismInterface,False,False,True,2,0.3931592389708385,0.15,True,False,,,2,False,,"(26, 14, 18)",39ba7c84-b97b-4b74-b738-ea57168d8218,0,[]
174,failed,"['04MyA@2', '02Ind@1']","['MyAgent', 'IndDecentralizingAgent']",6,5,AgentMechanismInterface,False,False,True,2,0.21420980599941686,0.15,True,False,,,2,False,,,c9997f87-3ff5-4b5f-996e-8cb5f732c6d7,0,[]
175,failed,"['04MyA@2', '02Ind@1']","['MyAgent', 'IndDecentralizingAgent']",6,5,AgentMechanismInterface,False,False,True,2,0.09930979402270168,0.15,True,False,,,2,False,,,5a63f372-ff4a-49ba-9764-f39f0f7c9639,0,[]
176,failed,"['00Dec@0', '03Buy@1']","['DecentralizingAgent', 'BuyCheapSellExpensiveAgent']",6,5,AgentMechanismInterface,False,False,True,2,0.26496924000093713,0.15,True,False,,,2,False,,,f879d97b-ea2b-499b-9e5d-665cbeb0601e,0,[]
177,failed,"['01Dec@0', '02Ind@1']","['DecentralizingAgent', 'IndDecentralizingAgent']",6,5,AgentMechanismInterface,False,False,True,2,0.5294280429952778,0.15,False,False,"(24, 6, 13)",,2,False,,"(24, 6, 13)",ad58ad13-c857-4203-9fea-ffa791036653,0,[]
178,failed,"['02Ind@1', '04MyA@2']","['IndDecentralizingAgent', 'MyAgent']",6,5,AgentMechanismInterface,False,False,True,2,0.10150791303021833,0.15,True,False,,,2,False,,,e4f83103-960f-4cba-a586-8d73d74079ba,0,[]
179,failed,"['00Dec@0', '02Ind@1']","['DecentralizingAgent', 'IndDecentralizingAgent']",6,5,AgentMechanismInterface,False,False,True,17,0.24569763598265126,0.9,False,False,"(11, 13, 20)",,2,False,,"(11, 13, 20)",2fede908-2d5d-4391-be16-958bca60b74d,0,"[('2fede908-2d5d-4391-be16-958bca60b74d', (11, 13, 20))]"
180,failed,"['00Dec@0', '03Buy@1']","['DecentralizingAgent', 'BuyCheapSellExpensiveAgent']",6,5,AgentMechanismInterface,False,False,True,17,0.6850381540134549,0.9,True,False,,,2,False,,"(11, 13, 20)",c2072c6b-ad18-4e82-81be-bcd7dafa7c27,0,"[('c2072c6b-ad18-4e82-81be-bcd7dafa7c27', (11, 13, 20))]"
181,failed,"['02Ind@1', '04MyA@2']","['IndDecentralizingAgent', 'MyAgent']",6,5,AgentMechanismInterface,False,False,True,17,0.6832199530326761,0.9,False,False,"(2, 16, 27)",,2,False,,"(2, 16, 27)",8a2b98fc-feb3-4124-84db-aaa0909e7c1b,0,"[('8a2b98fc-feb3-4124-84db-aaa0909e7c1b', (2, 16, 27))]"
182,failed,"['01Dec@0', '03Buy@1']","['DecentralizingAgent', 'BuyCheapSellExpensiveAgent']",6,5,AgentMechanismInterface,False,False,True,17,0.7005391389830038,0.9,False,False,"(17, 12, 19)",,2,False,,"(17, 12, 19)",de5802d1-9808-4629-8746-78b96f84e15e,0,[]
183,failed,"['05Dec@2', '02Ind@1']","['DecentralizingAgent', 'IndDecentralizingAgent']",6,5,AgentMechanismInterface,False,False,True,17,0.49246393801877275,0.9,False,False,"(9, 6, 9)",,2,False,,"(9, 6, 9)",7afe2e6f-e0f4-4da6-83ea-ce8f61f40e12,0,"[('7afe2e6f-e0f4-4da6-83ea-ce8f61f40e12', (9, 6, 9))]"
184,failed,"['02Ind@1', '00Dec@0']","['IndDecentralizingAgent', 'DecentralizingAgent']",6,5,AgentMechanismInterface,False,False,True,17,0.7183704660274088,0.9,False,False,"(3, 10, 7)",,2,False,,"(3, 10, 7)",d897c54c-790c-41ff-9c38-bf1065ab3007,0,"[('d897c54c-790c-41ff-9c38-bf1065ab3007', (3, 10, 7))]"
185,failed,"['01Dec@0', '03Buy@1']","['DecentralizingAgent', 'BuyCheapSellExpensiveAgent']",6,5,AgentMechanismInterface,False,False,True,17,0.4396443279692903,0.9,False,False,"(15, 14, 20)",,2,False,,"(15, 14, 20)",292a7321-eb5d-4a5a-b8da-8b37707700e4,0,[]
186,failed,"['00Dec@0', '02Ind@1']","['DecentralizingAgent', 'IndDecentralizingAgent']",6,5,AgentMechanismInterface,False,False,True,17,0.6436451200279407,0.9,False,False,"(13, 16, 20)",,2,False,,"(13, 16, 20)",9d82f35b-426c-47eb-b3ec-2f5343cef50c,0,[]
187,failed,"['00Dec@0', '03Buy@1']","['DecentralizingAgent', 'BuyCheapSellExpensiveAgent']",6,5,AgentMechanismInterface,False,False,True,17,0.6004235870204866,0.9,False,False,"(13, 16, 20)",,2,False,,"(13, 16, 20)",623d6eda-7ecb-4ca4-a193-3d62fbf4e38b,0,[]
188,failed,"['05Dec@2', '02Ind@1']","['DecentralizingAgent', 'IndDecentralizingAgent']",6,5,AgentMechanismInterface,False,False,True,17,0.5908342449693009,0.9,False,False,"(11, 13, 10)",,2,False,,"(11, 13, 10)",69d2ecd2-7b5e-4a0c-9473-4e008b22fddd,0,"[('69d2ecd2-7b5e-4a0c-9473-4e008b22fddd', (11, 13, 10))]"
189,failed,"['05Dec@2', '03Buy@1']","['DecentralizingAgent', 'BuyCheapSellExpensiveAgent']",6,5,AgentMechanismInterface,False,False,True,17,0.5562162079731934,0.9,False,False,"(9, 10, 10)",,2,False,,"(9, 10, 10)",beeee43e-23a3-4ad8-88d4-d2daf327e8cd,0,"[('beeee43e-23a3-4ad8-88d4-d2daf327e8cd', (9, 10, 10))]"
190,failed,"['00Dec@0', '03Buy@1']","['DecentralizingAgent', 'BuyCheapSellExpensiveAgent']",6,5,AgentMechanismInterface,False,False,True,17,0.35528592695482075,0.9,False,False,"(13, 7, 19)",,2,False,,"(13, 7, 19)",dd7afb53-cd4e-46ea-8647-aad10abd62c2,0,[]
191,failed,"['01Dec@0', '02Ind@1']","['DecentralizingAgent', 'IndDecentralizingAgent']",6,5,AgentMechanismInterface,False,False,True,17,0.7981741719995625,0.9,True,False,,,2,False,,"(17, 12, 19)",1c8e25c7-0e0b-459d-b08a-7287472c234b,0,[]
192,failed,"['05Dec@2', '03Buy@1']","['DecentralizingAgent', 'BuyCheapSellExpensiveAgent']",6,5,AgentMechanismInterface,False,False,True,17,0.4897865480161272,0.9,False,False,"(11, 13, 10)",,2,False,,"(11, 13, 10)",144d8314-9fa2-4aaf-b413-da92dd4501cd,0,"[('144d8314-9fa2-4aaf-b413-da92dd4501cd', (11, 13, 10))]"
193,failed,"['01Dec@0', '02Ind@1']","['DecentralizingAgent', 'IndDecentralizingAgent']",6,5,AgentMechanismInterface,False,False,True,17,0.5792139660334215,0.9,True,False,,,2,False,,"(15, 11, 19)",ea645354-9727-44ab-b901-f2713a59f14b,0,[]
194,failed,"['00Dec@0', '02Ind@1']","['DecentralizingAgent', 'IndDecentralizingAgent']",6,5,AgentMechanismInterface,False,False,True,17,0.6738491260330193,0.9,False,False,"(13, 12, 20)",,2,False,,"(13, 12, 20)",690903bc-4620-42ab-a97f-a160abdd8e4b,0,[]
195,failed,"['04MyA@2', '02Ind@1']","['MyAgent', 'IndDecentralizingAgent']",7,6,AgentMechanismInterface,False,False,True,2,0.06666888698237017,0.15,True,False,,,2,False,,,646a5910-87f5-4fc2-83e6-24d70f042d15,0,[]
196,failed,"['00Dec@0', '03Buy@1']","['DecentralizingAgent', 'BuyCheapSellExpensiveAgent']",7,6,AgentMechanismInterface,False,False,True,2,0.10882656101603061,0.15,True,False,,,2,False,,"(4, 7, 13)",77efb463-a401-4368-9ca4-537039e2860a,0,[]
197,failed,"['04MyA@2', '03Buy@1']","['MyAgent', 'BuyCheapSellExpensiveAgent']",7,6,AgentMechanismInterface,False,False,True,2,0.1663723059464246,0.15,True,False,,,2,False,,,b2da812d-1eba-4aef-a794-1f08660c45d9,0,[]
198,failed,"['04MyA@2', '02Ind@1']","['MyAgent', 'IndDecentralizingAgent']",7,6,AgentMechanismInterface,False,False,True,2,0.43688406998990104,0.15,False,False,"(68, 17, 18)",,2,False,,"(68, 17, 18)",970a7bc2-92f9-4e2d-a377-84ef7700cc0a,0,"[('970a7bc2-92f9-4e2d-a377-84ef7700cc0a', (68, 17, 18))]"
199,failed,"['05Dec@2', '03Buy@1']","['DecentralizingAgent', 'BuyCheapSellExpensiveAgent']",7,6,AgentMechanismInterface,False,False,True,2,0.2569518989766948,0.15,True,False,,,2,False,,,f7c5bd52-4ec8-447a-8518-ed5b640e2603,0,[]
200,failed,"['04MyA@2', '03Buy@1']","['MyAgent', 'BuyCheapSellExpensiveAgent']",7,6,AgentMechanismInterface,False,False,True,2,0.5619957110029645,0.15,True,False,,,2,False,,,b51ae4a9-8325-4999-bd88-599561af9c9b,0,[]
201,failed,"['00Dec@0', '02Ind@1']","['DecentralizingAgent', 'IndDecentralizingAgent']",7,6,AgentMechanismInterface,False,False,True,2,0.5512301130220294,0.15,False,False,"(22, 7, 13)",,2,False,,"(22, 7, 13)",493d376c-9592-42af-a1a4-97fd298e54d6,0,[]
202,failed,"['01Dec@0', '03Buy@1']","['DecentralizingAgent', 'BuyCheapSellExpensiveAgent']",7,6,AgentMechanismInterface,False,False,True,17,0.44604042603168637,0.9,False,False,"(15, 11, 19)",,2,False,,"(15, 11, 19)",f37802a1-5aa8-4243-9a7c-e7b406658790,0,[]
203,failed,"['01Dec@0', '03Buy@1']","['DecentralizingAgent', 'BuyCheapSellExpensiveAgent']",7,6,AgentMechanismInterface,False,False,True,17,0.25511940801516175,0.9,False,False,"(20, 15, 19)",,2,False,,"(20, 15, 19)",2638e284-17fa-4119-b29f-eda99a34aafe,0,[]
204,failed,"['01Dec@0', '03Buy@1']","['DecentralizingAgent', 'BuyCheapSellExpensiveAgent']",7,6,AgentMechanismInterface,False,False,True,17,0.4230874120257795,0.9,False,False,"(17, 15, 20)",,2,False,,"(17, 15, 20)",f216a347-33c8-49a9-bc35-b16ee2fe577c,0,[]
205,failed,"['02Ind@1', '04MyA@2']","['IndDecentralizingAgent', 'MyAgent']",7,6,AgentMechanismInterface,False,False,True,17,0.6403732310282066,0.9,False,False,"(13, 13, 26)",,2,False,,"(13, 13, 26)",4eb5fd93-73b8-4db3-a9bc-7b214e38ba00,0,"[('4eb5fd93-73b8-4db3-a9bc-7b214e38ba00', (13, 13, 26))]"
206,failed,"['00Dec@0', '02Ind@1']","['DecentralizingAgent', 'IndDecentralizingAgent']",7,6,AgentMechanismInterface,False,False,True,17,0.27251071005593985,0.9,False,False,"(11, 8, 19)",,2,False,,"(11, 8, 19)",f688bd5f-7b01-45da-8c75-b8c95a898516,0,"[('f688bd5f-7b01-45da-8c75-b8c95a898516', (11, 8, 19))]"
207,failed,"['00Dec@0', '03Buy@1']","['DecentralizingAgent', 'BuyCheapSellExpensiveAgent']",7,6,AgentMechanismInterface,False,False,True,17,0.7104435139917769,0.9,True,False,,,2,False,,"(7, 13, 18)",be346469-349d-40cb-a8ae-7e2d68061ab8,0,[]
208,failed,"['03Buy@1', '00Dec@0']","['BuyCheapSellExpensiveAgent', 'DecentralizingAgent']",7,6,AgentMechanismInterface,False,False,True,17,0.314125947013963,0.9,False,False,"(11, 11, 6)",,2,False,,"(11, 11, 6)",8ff2502d-9cfa-4366-98aa-77fa4129b6eb,0,[]
209,failed,"['02Ind@1', '04MyA@2']","['IndDecentralizingAgent', 'MyAgent']",7,6,AgentMechanismInterface,False,False,True,17,0.4808553330367431,0.9,False,False,"(11, 8, 28)",,2,False,,"(11, 8, 28)",1480f09c-0470-4c03-b5fa-c64e600afc6a,0,"[('1480f09c-0470-4c03-b5fa-c64e600afc6a', (11, 8, 28))]"
210,failed,"['01Dec@0', '02Ind@1']","['DecentralizingAgent', 'IndDecentralizingAgent']",7,6,AgentMechanismInterface,False,False,True,17,0.3717459120089188,0.9,True,False,,,2,False,,"(15, 11, 19)",da8089ac-41e5-4d61-a048-0b17a77ade10,0,[]
211,failed,"['01Dec@0', '02Ind@1']","['DecentralizingAgent', 'IndDecentralizingAgent']",7,6,AgentMechanismInterface,False,False,True,17,0.7510845009819604,0.9,True,False,,,2,False,,"(17, 12, 19)",a713c5bf-cf0e-44a6-b25c-2a199a41c3db,0,[]
212,failed,"['01Dec@0', '02Ind@1']","['DecentralizingAgent', 'IndDecentralizingAgent']",7,6,AgentMechanismInterface,False,False,True,17,0.4589558300212957,0.9,False,False,"(20, 14, 20)",,2,False,,"(20, 14, 20)",ecb2e19b-a3ba-41be-822f-42367579f9e1,0,[]
213,failed,"['02Ind@1', '00Dec@0']","['IndDecentralizingAgent', 'DecentralizingAgent']",7,6,AgentMechanismInterface,False,False,True,17,0.763838448037859,0.9,False,False,"(2, 7, 7)",,2,False,,"(2, 7, 7)",ff9c241d-3b72-4a62-9ff7-b70cae7a833b,0,"[('ff9c241d-3b72-4a62-9ff7-b70cae7a833b', (2, 7, 7))]"
214,failed,"['00Dec@0', '03Buy@1']","['DecentralizingAgent', 'BuyCheapSellExpensiveAgent']",8,7,AgentMechanismInterface,False,False,True,2,0.2947873640223406,0.15,False,False,"(16, 8, 13)",,2,False,,"(16, 8, 13)",1dad2806-8e99-42fe-8169-3f9603b13cbf,0,[]
215,failed,"['00Dec@0', '02Ind@1']","['DecentralizingAgent', 'IndDecentralizingAgent']",8,7,AgentMechanismInterface,False,False,True,2,0.022079264977946877,0.15,True,False,,,2,False,,,827f0d52-e888-45b7-b695-809c2277e183,0,[]
216,failed,"['04MyA@2', '03Buy@1']","['MyAgent', 'BuyCheapSellExpensiveAgent']",8,7,AgentMechanismInterface,False,False,True,2,0.27667029696749523,0.15,True,False,,,2,False,,"(32, 15, 18)",6478dbf1-8a43-4032-8163-a7ddd8606345,0,[]
217,failed,"['05Dec@2', '02Ind@1']","['DecentralizingAgent', 'IndDecentralizingAgent']",8,7,AgentMechanismInterface,False,False,True,2,0.20888138801092282,0.15,True,False,,,2,False,,,6ddd410e-76d4-40e5-8d13-e51bf2c2c427,0,[]
218,failed,"['04MyA@2', '02Ind@1']","['MyAgent', 'IndDecentralizingAgent']",8,7,AgentMechanismInterface,False,False,True,2,0.1484846569946967,0.15,False,False,"(57, 16, 18)",,2,False,,"(57, 16, 18)",29322ae4-5621-4979-9c79-fd1b609409a7,0,[]
219,failed,"['04MyA@2', '02Ind@1']","['MyAgent', 'IndDecentralizingAgent']",8,7,AgentMechanismInterface,False,False,True,2,0.442083886009641,0.15,False,False,"(59, 13, 18)",,2,False,,"(59, 13, 18)",1a69a978-f755-4145-8c73-70d3e28caea8,0,[]
220,failed,"['04MyA@2', '03Buy@1']","['MyAgent', 'BuyCheapSellExpensiveAgent']",8,7,AgentMechanismInterface,False,False,True,2,0.24284266802715138,0.15,True,False,,,2,False,,"(22, 14, 18)",63b23460-bcab-4a42-9270-09de94518db0,0,[]
221,failed,"['01Dec@0', '02Ind@1']","['DecentralizingAgent', 'IndDecentralizingAgent']",8,7,AgentMechanismInterface,False,False,True,17,0.5878207489731722,0.9,False,False,"(15, 11, 19)",,2,False,,"(15, 11, 19)",5b0b8330-eb0a-4e0e-be1d-a67f00cd360f,0,[]
222,failed,"['01Dec@0', '03Buy@1']","['DecentralizingAgent', 'BuyCheapSellExpensiveAgent']",8,7,AgentMechanismInterface,False,False,True,17,0.31761192803969607,0.9,True,False,,,2,False,,"(15, 11, 19)",09f4d06f-85d7-4864-a981-94bc38b685aa,0,[]
223,failed,"['00Dec@0', '03Buy@1']","['DecentralizingAgent', 'BuyCheapSellExpensiveAgent']",8,7,AgentMechanismInterface,False,False,True,17,0.3232089909724891,0.9,False,False,"(4, 15, 20)",,2,False,,"(4, 15, 20)",291ceda6-e1f0-48b9-923f-fa2f87e59216,0,"[('291ceda6-e1f0-48b9-923f-fa2f87e59216', (4, 15, 20))]"
224,failed,"['01Dec@0', '03Buy@1']","['DecentralizingAgent', 'BuyCheapSellExpensiveAgent']",8,7,AgentMechanismInterface,False,False,True,17,0.5240107440040447,0.9,False,False,"(15, 17, 20)",,2,False,,"(15, 17, 20)",567f8938-d084-458a-b702-534c89607a47,0,[]
225,failed,"['00Dec@0', '03Buy@1']","['DecentralizingAgent', 'BuyCheapSellExpensiveAgent']",8,7,AgentMechanismInterface,False,False,True,17,0.5001240390120074,0.9,False,False,"(10, 13, 20)",,2,False,,"(10, 13, 20)",bffb3435-44f8-4a3b-ba6e-55675f9d90aa,0,"[('bffb3435-44f8-4a3b-ba6e-55675f9d90aa', (10, 13, 20))]"
226,failed,"['00Dec@0', '02Ind@1']","['DecentralizingAgent', 'IndDecentralizingAgent']",8,7,AgentMechanismInterface,False,False,True,17,0.6375234519946389,0.9,True,False,,,2,False,,"(10, 13, 20)",fd984cf4-8826-47d1-bcd6-9bcc007c7974,0,"[('fd984cf4-8826-47d1-bcd6-9bcc007c7974', (10, 13, 20))]"
227,failed,"['02Ind@1', '05Dec@2']","['IndDecentralizingAgent', 'DecentralizingAgent']",8,7,AgentMechanismInterface,False,False,True,17,0.2219925550161861,0.9,False,False,"(2, 18, 27)",,2,False,,"(2, 18, 27)",65f3687c-5f05-4ec0-b529-c42faf1b23cc,0,"[('65f3687c-5f05-4ec0-b529-c42faf1b23cc', (2, 18, 27))]"
228,failed,"['01Dec@0', '03Buy@1']","['DecentralizingAgent', 'BuyCheapSellExpensiveAgent']",8,7,AgentMechanismInterface,False,False,True,17,0.47739823203301057,0.9,False,False,"(17, 15, 20)",,2,False,,"(17, 15, 20)",b68c8e63-c3cd-4e55-86b8-0c6fee8480d3,0,[]
229,failed,"['01Dec@0', '02Ind@1']","['DecentralizingAgent', 'IndDecentralizingAgent']",8,7,AgentMechanismInterface,False,False,True,17,0.22622745000990108,0.9,True,False,,,2,False,,"(15, 14, 19)",40f947c0-dc85-4654-b6a2-76665cb34514,0,[]
230,failed,"['02Ind@1', '04MyA@2']","['IndDecentralizingAgent', 'MyAgent']",8,7,AgentMechanismInterface,False,False,True,17,0.5695633360301144,0.9,False,False,"(2, 18, 27)",,2,False,,"(2, 18, 27)",cf06f109-c719-43e0-8ed9-befabf9e028f,0,"[('cf06f109-c719-43e0-8ed9-befabf9e028f', (2, 18, 27))]"
231,failed,"['01Dec@0', '02Ind@1']","['DecentralizingAgent', 'IndDecentralizingAgent']",8,7,AgentMechanismInterface,False,False,True,17,0.40862616000231355,0.9,True,False,,,2,False,,"(17, 12, 19)",d26ed45e-8c30-421b-a29a-41e060191330,0,[]
232,failed,"['00Dec@0', '02Ind@1']","['DecentralizingAgent', 'IndDecentralizingAgent']",8,7,AgentMechanismInterface,False,False,True,17,0.5890583529835567,0.9,True,False,,,2,False,,"(3, 18, 18)",711d91b8-8133-4733-9bc3-bcd704eb13e8,0,[]
233,failed,"['04MyA@2', '03Buy@1']","['MyAgent', 'BuyCheapSellExpensiveAgent']",9,8,AgentMechanismInterface,False,False,True,2,0.09630325296893716,0.15,True,False,,,2,False,,"(32, 15, 18)",cfea4761-2a9f-4710-81b1-07b5e66366de,0,[]
234,failed,"['00Dec@0', '02Ind@1']","['DecentralizingAgent', 'IndDecentralizingAgent']",9,8,AgentMechanismInterface,False,False,True,2,0.16635964898159727,0.15,True,False,,,2,False,,,a9103f99-fab6-458f-b4d3-181a66251fcb,0,[]
235,failed,"['04MyA@2', '02Ind@1']","['MyAgent', 'IndDecentralizingAgent']",9,8,AgentMechanismInterface,False,False,True,2,0.455639669962693,0.15,False,False,"(68, 19, 18)",,2,False,,"(68, 19, 18)",db69f47b-3274-451a-a280-70f95fbe8d71,0,"[('db69f47b-3274-451a-a280-70f95fbe8d71', (68, 19, 18))]"
236,failed,"['05Dec@2', '02Ind@1']","['DecentralizingAgent', 'IndDecentralizingAgent']",9,8,AgentMechanismInterface,False,False,True,7,0.22095248103141785,0.4,False,False,"(8, 17, 18)",,2,False,,"(8, 17, 18)",65117e0d-f606-459c-b296-911f723398d9,0,"[('65117e0d-f606-459c-b296-911f723398d9', (8, 17, 18))]"
237,failed,"['05Dec@2', '02Ind@1']","['DecentralizingAgent', 'IndDecentralizingAgent']",9,8,AgentMechanismInterface,False,False,True,17,0.3982079609995708,0.9,False,False,"(10, 9, 9)",,2,False,,"(10, 9, 9)",6c87c4e4-0454-47ad-b5fb-00a84921e722,0,"[('6c87c4e4-0454-47ad-b5fb-00a84921e722', (10, 9, 9))]"
238,failed,"['01Dec@0', '03Buy@1']","['DecentralizingAgent', 'BuyCheapSellExpensiveAgent']",9,8,AgentMechanismInterface,False,False,True,17,0.49560509400907904,0.9,False,False,"(15, 14, 19)",,2,False,,"(15, 14, 19)",23d95780-48bb-4f68-bbaf-c542f108f90d,0,[]
239,failed,"['01Dec@0', '03Buy@1']","['DecentralizingAgent', 'BuyCheapSellExpensiveAgent']",9,8,AgentMechanismInterface,False,False,True,17,0.41994260100182146,0.9,False,False,"(17, 15, 20)",,2,False,,"(17, 15, 20)",64964ebb-3306-48f7-abbb-a3256b213220,0,[]
240,failed,"['01Dec@0', '02Ind@1']","['DecentralizingAgent', 'IndDecentralizingAgent']",9,8,AgentMechanismInterface,False,False,True,17,0.4072743449942209,0.9,False,False,"(2, 19, 19)",,2,False,,"(2, 19, 19)",f74350e9-892a-40ae-bb32-a0785b327ea4,0,"[('f74350e9-892a-40ae-bb32-a0785b327ea4', (2, 19, 19))]"
241,failed,"['02Ind@1', '04MyA@2']","['IndDecentralizingAgent', 'MyAgent']",9,8,AgentMechanismInterface,False,False,True,17,0.34418982901843265,0.9,False,False,"(16, 18, 28)",,2,False,,"(16, 18, 28)",a2298c67-a9ac-46ca-bb15-ea1f6d571e62,0,[]
242,failed,"['01Dec@0', '02Ind@1']","['DecentralizingAgent', 'IndDecentralizingAgent']",9,8,AgentMechanismInterface,False,False,True,17,0.39173585904063657,0.9,False,False,"(15, 17, 20)",,2,False,,"(15, 17, 20)",571283f5-ff84-4037-9d2d-0d432606dcae,0,[]
243,failed,"['05Dec@2', '03Buy@1']","['DecentralizingAgent', 'BuyCheapSellExpensiveAgent']",9,8,AgentMechanismInterface,False,False,True,17,0.5105386829818599,0.9,False,False,"(10, 9, 9)",,2,False,,"(10, 9, 9)",8a75c308-2740-494a-8fd3-faca5020fe0d,0,"[('8a75c308-2740-494a-8fd3-faca5020fe0d', (10, 9, 9))]"
244,failed,"['01Dec@0', '03Buy@1']","['DecentralizingAgent', 'BuyCheapSellExpensiveAgent']",9,8,AgentMechanismInterface,False,False,True,17,0.39291097299428657,0.9,True,False,,,2,False,,"(2, 19, 18)",f1bde198-486b-408a-a010-504ad8853590,0,[]
245,failed,"['01Dec@0', '02Ind@1']","['DecentralizingAgent', 'IndDecentralizingAgent']",9,8,AgentMechanismInterface,False,False,True,17,0.5035182060091756,0.9,False,False,"(17, 15, 20)",,2,False,,"(17, 15, 20)",7a782277-560a-4162-8ca0-2ee6a0cd2574,0,[]
246,failed,"['00Dec@0', '03Buy@1']","['DecentralizingAgent', 'BuyCheapSellExpensiveAgent']",9,8,AgentMechanismInterface,False,False,True,17,0.4475961630232632,0.9,False,False,"(4, 15, 20)",,2,False,,"(4, 15, 20)",8d3857a7-1b73-4c64-a428-9beba5866c72,0,"[('8d3857a7-1b73-4c64-a428-9beba5866c72', (4, 15, 20))]"
247,failed,"['01Dec@0', '02Ind@1']","['DecentralizingAgent', 'IndDecentralizingAgent']",9,8,AgentMechanismInterface,False,False,True,17,0.3954869720037095,0.9,False,False,"(15, 14, 20)",,2,False,,"(15, 14, 20)",bf03086c-9b3d-4585-a18f-97321122afd0,0,[]
248,failed,"['02Ind@1', '05Dec@2']","['IndDecentralizingAgent', 'DecentralizingAgent']",9,8,AgentMechanismInterface,False,False,True,17,0.32833258796017617,0.9,False,False,"(16, 15, 26)",,2,False,,"(16, 15, 26)",4ce035c5-66c9-43e3-8618-ea980f9e0e29,0,[]
249,failed,"['01Dec@0', '03Buy@1']","['DecentralizingAgent', 'BuyCheapSellExpensiveAgent']",9,8,AgentMechanismInterface,False,False,True,17,0.48086287296609953,0.9,False,False,"(15, 14, 20)",,2,False,,"(15, 14, 20)",67189270-1c85-4eba-a225-4f3550f8d5b4,0,[]
250,failed,"['00Dec@0', '02Ind@1']","['DecentralizingAgent', 'IndDecentralizingAgent']",9,8,AgentMechanismInterface,False,False,True,17,0.4694561500218697,0.9,True,False,,,2,False,,"(4, 15, 20)",d48df1a5-b295-48ed-9acf-4262a0f85877,0,"[('d48df1a5-b295-48ed-9acf-4262a0f85877', (4, 15, 20))]"
251,failed,"['04MyA@2', '03Buy@1']","['MyAgent', 'BuyCheapSellExpensiveAgent']",10,9,AgentMechanismInterface,False,False,True,2,0.3109083470189944,0.15,False,False,"(54, 20, 18)",,2,False,,"(54, 20, 18)",cec93f91-f0d4-4300-8aa9-2634b7fdb4e8,0,[]
252,failed,"['05Dec@2', '03Buy@1']","['DecentralizingAgent', 'BuyCheapSellExpensiveAgent']",10,9,AgentMechanismInterface,False,False,True,2,0.04425187298329547,0.15,True,False,,,2,False,,"(10, 14, 18)",d08b9e9d-4521-47b1-a989-a3dce5c2d88f,0,[]
253,failed,"['04MyA@2', '02Ind@1']","['MyAgent', 'IndDecentralizingAgent']",10,9,AgentMechanismInterface,False,False,True,2,0.56765943398932,0.15,True,False,,,2,False,,"(32, 15, 18)",f428ec2a-2147-470b-b76a-7f5d762d2bca,0,[]
254,failed,"['05Dec@2', '02Ind@1']","['DecentralizingAgent', 'IndDecentralizingAgent']",10,9,AgentMechanismInterface,False,False,True,2,0.3278699159855023,0.15,True,False,,,2,False,,"(10, 14, 18)",c89df81f-d564-42d6-97cc-3d85a9bbd56f,0,[]
255,failed,"['05Dec@2', '02Ind@1']","['DecentralizingAgent', 'IndDecentralizingAgent']",10,9,AgentMechanismInterface,False,False,True,2,0.48242328997002915,0.15,False,False,"(58, 20, 18)",,2,False,,"(58, 20, 18)",d584ebe5-252a-41e6-b875-78afa5db8de0,0,[]
256,failed,"['02Ind@1', '04MyA@2']","['IndDecentralizingAgent', 'MyAgent']",10,9,AgentMechanismInterface,False,False,True,17,0.37369004503125325,0.9,False,False,"(31, 15, 28)",,2,False,,"(31, 15, 28)",ed70d0a8-fe92-439b-9247-d1fe5ce70437,0,[]
257,failed,"['01Dec@0', '02Ind@1']","['DecentralizingAgent', 'IndDecentralizingAgent']",10,9,AgentMechanismInterface,False,False,True,17,0.7386078730341978,0.9,False,False,"(2, 14, 20)",,2,False,,"(2, 14, 20)",92dd9b26-5855-4054-933c-b900f6293b04,0,"[('92dd9b26-5855-4054-933c-b900f6293b04', (2, 14, 20))]"
258,failed,"['02Ind@1', '05Dec@2']","['IndDecentralizingAgent', 'DecentralizingAgent']",10,9,AgentMechanismInterface,False,False,True,17,0.7243807030026801,0.9,False,False,"(31, 20, 26)",,2,False,,"(31, 20, 26)",2ba5a6cc-eafc-46f5-9e20-427fdcfcac26,0,[]
259,failed,"['01Dec@0', '03Buy@1']","['DecentralizingAgent', 'BuyCheapSellExpensiveAgent']",10,9,AgentMechanismInterface,False,False,True,17,0.25213298003654927,0.9,True,False,,,2,False,,"(2, 19, 18)",3c7a5fe2-9e13-4085-988e-77daa9348085,0,[]
260,failed,"['05Dec@2', '02Ind@1']","['DecentralizingAgent', 'IndDecentralizingAgent']",10,9,AgentMechanismInterface,False,False,True,17,0.22283589601283893,0.9,False,False,"(13, 10, 9)",,2,False,,"(13, 10, 9)",69109258-4614-48e5-855a-8b24245b477e,0,"[('69109258-4614-48e5-855a-8b24245b477e', (13, 10, 9))]"
261,failed,"['00Dec@0', '02Ind@1']","['DecentralizingAgent', 'IndDecentralizingAgent']",10,9,AgentMechanismInterface,False,False,True,17,0.32333689398365095,0.9,False,False,"(11, 15, 19)",,2,False,,"(11, 15, 19)",a22c6cd7-43d1-491e-9fbc-58ded00c8033,0,"[('a22c6cd7-43d1-491e-9fbc-58ded00c8033', (11, 15, 19))]"
262,failed,"['00Dec@0', '02Ind@1']","['DecentralizingAgent', 'IndDecentralizingAgent']",10,9,AgentMechanismInterface,False,False,True,17,0.7765436939662322,0.9,False,False,"(4, 15, 20)",,2,False,,"(4, 15, 20)",78a4e96c-6a03-4ffd-9452-765a02291a45,0,"[('78a4e96c-6a03-4ffd-9452-765a02291a45', (4, 15, 20))]"
263,failed,"['05Dec@2', '03Buy@1']","['DecentralizingAgent', 'BuyCheapSellExpensiveAgent']",10,9,AgentMechanismInterface,False,False,True,17,0.3276043009827845,0.9,True,False,,,2,False,,"(13, 11, 11)",009b6974-b323-4131-a541-84a7296513c2,0,[]
264,failed,"['00Dec@0', '03Buy@1']","['DecentralizingAgent', 'BuyCheapSellExpensiveAgent']",10,9,AgentMechanismInterface,False,False,True,17,0.280485596973449,0.9,False,False,"(11, 15, 19)",,2,False,,"(11, 15, 19)",64e668f7-9c3b-48b2-87f5-0287eac9e362,0,"[('64e668f7-9c3b-48b2-87f5-0287eac9e362', (11, 15, 19))]"
265,failed,"['02Ind@1', '04MyA@2']","['IndDecentralizingAgent', 'MyAgent']",10,9,AgentMechanismInterface,False,False,True,17,0.2869434080203064,0.9,False,False,"(1, 15, 27)",,2,False,,"(1, 15, 27)",5fae0cef-bf04-4de9-8874-f00671694884,0,"[('5fae0cef-bf04-4de9-8874-f00671694884', (1, 15, 27))]"
266,failed,"['00Dec@0', '03Buy@1']","['DecentralizingAgent', 'BuyCheapSellExpensiveAgent']",10,9,AgentMechanismInterface,False,False,True,17,0.29519726400030777,0.9,True,False,,,2,False,,"(3, 18, 18)",100feab5-4747-4002-9714-a8a061382e1c,0,[]
267,failed,"['05Dec@2', '03Buy@1']","['DecentralizingAgent', 'BuyCheapSellExpensiveAgent']",11,10,AgentMechanismInterface,False,False,True,2,0.26242715399712324,0.15,True,False,,,2,False,,,468da4fe-a9d7-4700-928f-ec4e40188864,0,[]
268,failed,"['04MyA@2', '03Buy@1']","['MyAgent', 'BuyCheapSellExpensiveAgent']",11,10,AgentMechanismInterface,False,False,True,2,0.11994062300072983,0.15,False,False,"(69, 16, 18)",,2,False,,"(69, 16, 18)",050385d3-0472-496f-bd1f-97e574291612,0,[]
269,failed,"['04MyA@2', '02Ind@1']","['MyAgent', 'IndDecentralizingAgent']",11,10,AgentMechanismInterface,False,False,True,7,0.2342032949673012,0.4,False,False,"(39, 20, 18)",,2,False,,"(39, 20, 18)",745f282a-192b-470d-b3d0-7408b8669c64,0,[]
270,failed,"['01Dec@0', '02Ind@1']","['DecentralizingAgent', 'IndDecentralizingAgent']",11,10,AgentMechanismInterface,False,False,True,17,0.4235559099470265,0.9,False,False,"(14, 21, 20)",,2,False,,"(14, 21, 20)",96513b9b-f801-4bd8-b064-32de60507fd4,0,[]
271,failed,"['05Dec@2', '02Ind@1']","['DecentralizingAgent', 'IndDecentralizingAgent']",11,10,AgentMechanismInterface,False,False,True,17,0.46785852004541084,0.9,False,False,"(11, 12, 9)",,2,False,,"(11, 12, 9)",536c46dc-5bd2-4e24-9eaf-ff6038cc88d0,0,"[('536c46dc-5bd2-4e24-9eaf-ff6038cc88d0', (11, 12, 9))]"
272,failed,"['05Dec@2', '03Buy@1']","['DecentralizingAgent', 'BuyCheapSellExpensiveAgent']",11,10,AgentMechanismInterface,False,False,True,17,0.5836211169953458,0.9,False,False,"(12, 19, 10)",,2,False,,"(12, 19, 10)",ae882723-a15d-4896-a913-b7caed557fa7,0,"[('ae882723-a15d-4896-a913-b7caed557fa7', (12, 19, 10))]"
273,failed,"['00Dec@0', '03Buy@1']","['DecentralizingAgent', 'BuyCheapSellExpensiveAgent']",11,10,AgentMechanismInterface,False,False,True,17,0.6067550070001744,0.9,False,False,"(4, 15, 20)",,2,False,,"(4, 15, 20)",56a33244-58e5-4b5a-bcf6-5770d6c23103,0,"[('56a33244-58e5-4b5a-bcf6-5770d6c23103', (4, 15, 20))]"
274,failed,"['05Dec@2', '03Buy@1']","['DecentralizingAgent', 'BuyCheapSellExpensiveAgent']",11,10,AgentMechanismInterface,False,False,True,17,0.5437941660056822,0.9,False,False,"(8, 15, 10)",,2,False,,"(8, 15, 10)",d06c76b6-28c7-479a-95cd-fd667ca4a573,0,"[('d06c76b6-28c7-479a-95cd-fd667ca4a573', (8, 15, 10))]"
275,failed,"['05Dec@2', '02Ind@1']","['DecentralizingAgent', 'IndDecentralizingAgent']",11,10,AgentMechanismInterface,False,False,True,17,0.4567896299995482,0.9,False,False,"(12, 11, 9)",,2,False,,"(12, 11, 9)",d74f1ca8-2086-4bbc-b813-e783edb7cf62,0,"[('d74f1ca8-2086-4bbc-b813-e783edb7cf62', (12, 11, 9))]"
276,failed,"['02Ind@1', '05Dec@2']","['IndDecentralizingAgent', 'DecentralizingAgent']",11,10,AgentMechanismInterface,False,False,True,17,0.5664803420077078,0.9,False,False,"(25, 21, 26)",,2,False,,"(25, 21, 26)",ee8b2dc6-173a-4491-a28c-386fd416fc1b,0,[]
277,failed,"['05Dec@2', '02Ind@1']","['DecentralizingAgent', 'IndDecentralizingAgent']",11,10,AgentMechanismInterface,False,False,True,17,0.6383892050362192,0.9,False,False,"(8, 11, 9)",,2,False,,"(8, 11, 9)",9ecad1cf-c1dc-4711-b588-ba2422dce275,0,"[('9ecad1cf-c1dc-4711-b588-ba2422dce275', (8, 11, 9))]"
278,failed,"['02Ind@1', '04MyA@2']","['IndDecentralizingAgent', 'MyAgent']",11,10,AgentMechanismInterface,False,False,True,17,0.8048170119873248,0.9,False,False,"(25, 16, 28)",,2,False,,"(25, 16, 28)",95ac75e9-efda-4ec2-b725-7c71d99dcb64,0,[]
279,failed,"['00Dec@0', '02Ind@1']","['DecentralizingAgent', 'IndDecentralizingAgent']",11,10,AgentMechanismInterface,False,False,True,17,0.7399053670233116,0.9,True,False,,,2,False,,"(3, 18, 18)",0b8655b6-928f-4c02-ad16-6f3470c7001e,0,[]
280,failed,"['01Dec@0', '03Buy@1']","['DecentralizingAgent', 'BuyCheapSellExpensiveAgent']",11,10,AgentMechanismInterface,False,False,True,17,0.28181706101167947,0.9,True,False,,,2,False,,"(14, 16, 19)",05ed88a1-1ba2-43a7-9bd6-54bf042bca17,0,[]
281,failed,"['05Dec@2', '03Buy@1']","['DecentralizingAgent', 'BuyCheapSellExpensiveAgent']",11,10,AgentMechanismInterface,False,False,True,17,0.7720111969974823,0.9,True,False,,,2,False,,"(11, 13, 11)",c32a8a59-ff35-4eea-98bc-6f37f0a32ebe,0,[]
282,failed,"['04MyA@2', '03Buy@1']","['MyAgent', 'BuyCheapSellExpensiveAgent']",12,11,AgentMechanismInterface,False,False,True,2,0.08821505104424432,0.15,False,False,"(45, 22, 18)",,2,False,,"(45, 22, 18)",f0444e93-d887-466e-ae2b-73df9a873595,0,"[('f0444e93-d887-466e-ae2b-73df9a873595', (45, 22, 18))]"
283,failed,"['05Dec@2', '02Ind@1']","['DecentralizingAgent', 'IndDecentralizingAgent']",12,11,AgentMechanismInterface,False,False,True,2,0.41541241097729653,0.15,False,False,"(41, 22, 18)",,2,False,,"(41, 22, 18)",727699fc-f368-44fa-8992-477c1648f953,0,[]
284,failed,"['05Dec@2', '02Ind@1']","['DecentralizingAgent', 'IndDecentralizingAgent']",12,11,AgentMechanismInterface,False,False,True,2,0.23586558300303295,0.15,True,False,,,2,False,,"(34, 21, 18)",5a67153f-fd34-40e2-9095-c71c890f17de,0,[]
285,failed,"['00Dec@0', '02Ind@1']","['DecentralizingAgent', 'IndDecentralizingAgent']",12,11,AgentMechanismInterface,False,False,True,17,0.39095001795794815,0.9,False,False,"(4, 16, 19)",,2,False,,"(4, 16, 19)",7974c1c7-016f-41ba-862d-0d89ac484917,0,"[('7974c1c7-016f-41ba-862d-0d89ac484917', (4, 16, 19))]"
286,failed,"['02Ind@1', '05Dec@2']","['IndDecentralizingAgent', 'DecentralizingAgent']",12,11,AgentMechanismInterface,False,False,True,17,0.40259837702615187,0.9,False,False,"(10, 21, 26)",,2,False,,"(10, 21, 26)",b043cfff-7392-44a2-8846-32d101cf8a62,0,"[('b043cfff-7392-44a2-8846-32d101cf8a62', (10, 21, 26))]"
287,failed,"['00Dec@0', '03Buy@1']","['DecentralizingAgent', 'BuyCheapSellExpensiveAgent']",12,11,AgentMechanismInterface,False,False,True,17,0.4561754500027746,0.9,True,False,,,2,False,,"(3, 18, 18)",855d87cc-3123-48ae-976c-5f8e50b1a4f6,0,[]
288,failed,"['03Buy@1', '00Dec@0']","['BuyCheapSellExpensiveAgent', 'DecentralizingAgent']",12,11,AgentMechanismInterface,False,False,True,17,0.45057599304709584,0.9,False,False,"(12, 16, 6)",,2,False,,"(12, 16, 6)",e2ab1cab-4510-4234-8d32-163e57f01ad8,0,"[('e2ab1cab-4510-4234-8d32-163e57f01ad8', (12, 16, 6))]"
289,failed,"['01Dec@0', '02Ind@1']","['DecentralizingAgent', 'IndDecentralizingAgent']",12,11,AgentMechanismInterface,False,False,True,17,0.43613549100700766,0.9,False,False,"(14, 21, 20)",,2,False,,"(14, 21, 20)",7e40f1fa-ba84-4a21-ad1a-424ff7074fb3,0,[]
290,failed,"['00Dec@0', '03Buy@1']","['DecentralizingAgent', 'BuyCheapSellExpensiveAgent']",12,11,AgentMechanismInterface,False,False,True,17,0.6631108460132964,0.9,False,False,"(19, 20, 20)",,2,False,,"(19, 20, 20)",50e1dba9-d69f-4c46-8d0d-a243db1bba33,0,[]
291,failed,"['00Dec@0', '02Ind@1']","['DecentralizingAgent', 'IndDecentralizingAgent']",12,11,AgentMechanismInterface,False,False,True,17,0.34134041401557624,0.9,True,False,,,2,False,,"(19, 19, 19)",3360881b-63b4-4e13-814b-f68c87c3fe83,0,[]
292,failed,"['01Dec@0', '03Buy@1']","['DecentralizingAgent', 'BuyCheapSellExpensiveAgent']",12,11,AgentMechanismInterface,False,False,True,17,0.6638094969675876,0.9,True,False,,,2,False,,"(14, 16, 19)",94c3d6bd-e725-4c13-83df-930dd2cfe382,0,[]
293,failed,"['05Dec@2', '02Ind@1']","['DecentralizingAgent', 'IndDecentralizingAgent']",12,11,AgentMechanismInterface,False,False,True,17,0.6714918280486017,0.9,False,False,"(3, 15, 9)",,2,False,,"(3, 15, 9)",c11c8f4d-fbd4-4fb5-8aae-137776d37198,0,"[('c11c8f4d-fbd4-4fb5-8aae-137776d37198', (3, 15, 9))]"
294,failed,"['05Dec@2', '03Buy@1']","['DecentralizingAgent', 'BuyCheapSellExpensiveAgent']",12,11,AgentMechanismInterface,False,False,True,17,0.3823610690305941,0.9,False,False,"(11, 20, 10)",,2,False,,"(11, 20, 10)",94b0df8b-af15-4409-930e-a8b7646b1c9f,0,"[('94b0df8b-af15-4409-930e-a8b7646b1c9f', (11, 20, 10))]"
295,failed,"['05Dec@2', '03Buy@1']","['DecentralizingAgent', 'BuyCheapSellExpensiveAgent']",12,11,AgentMechanismInterface,False,False,True,17,0.35892453201813623,0.9,True,False,,,2,False,,"(3, 14, 11)",26ab93ad-2162-46c6-a225-cffbe04ec070,0,[]
296,failed,"['02Ind@1', '04MyA@2']","['IndDecentralizingAgent', 'MyAgent']",12,11,AgentMechanismInterface,False,False,True,17,0.6200098309782334,0.9,False,False,"(10, 21, 26)",,2,False,,"(10, 21, 26)",99f15a4d-6d5d-4cda-b8fe-86f227e3fdb8,0,"[('99f15a4d-6d5d-4cda-b8fe-86f227e3fdb8', (10, 21, 26))]"
297,failed,"['05Dec@2', '02Ind@1']","['DecentralizingAgent', 'IndDecentralizingAgent']",12,11,AgentMechanismInterface,False,False,True,17,0.5984155019978061,0.9,True,False,,,2,False,,"(11, 13, 11)",c05019e3-1fb2-4161-9911-11cccd343094,0,[]
298,failed,"['05Dec@2', '03Buy@1']","['DecentralizingAgent', 'BuyCheapSellExpensiveAgent']",13,12,AgentMechanismInterface,False,False,True,2,0.27979575499193743,0.15,False,False,"(19, 23, 18)",,2,False,,"(19, 23, 18)",ac6b9c5f-9767-4b09-9b95-58c2a324a298,0,[]
299,failed,"['04MyA@2', '03Buy@1']","['MyAgent', 'BuyCheapSellExpensiveAgent']",13,12,AgentMechanismInterface,False,False,True,2,0.4044943110202439,0.15,False,False,"(60, 23, 18)",,2,False,,"(60, 23, 18)",413d325c-e489-498b-9af6-001a684c1900,0,[]
300,failed,"['05Dec@2', '03Buy@1']","['DecentralizingAgent', 'BuyCheapSellExpensiveAgent']",13,12,AgentMechanismInterface,False,False,True,2,0.5553402699879371,0.15,True,False,,,2,False,,,35b7e731-7ff2-416c-9ae0-374485b106b0,0,[]
301,failed,"['05Dec@2', '02Ind@1']","['DecentralizingAgent', 'IndDecentralizingAgent']",13,12,AgentMechanismInterface,False,False,True,17,0.2594490340561606,0.9,False,False,"(9, 15, 9)",,2,False,,"(9, 15, 9)",430f4810-4956-4c80-9003-954847303670,0,"[('430f4810-4956-4c80-9003-954847303670', (9, 15, 9))]"
302,failed,"['02Ind@1', '04MyA@2']","['IndDecentralizingAgent', 'MyAgent']",13,12,AgentMechanismInterface,False,False,True,17,0.6805051160044968,0.9,False,False,"(20, 21, 26)",,2,False,,"(20, 21, 26)",fb548e90-07e2-451d-beb4-36466b743051,0,[]
303,failed,"['00Dec@0', '02Ind@1']","['DecentralizingAgent', 'IndDecentralizingAgent']",13,12,AgentMechanismInterface,False,False,True,17,0.27119812899036333,0.9,False,False,"(4, 16, 19)",,2,False,,"(4, 16, 19)",aa4e2a34-0874-4d51-92ab-b8247c1e70a8,0,"[('aa4e2a34-0874-4d51-92ab-b8247c1e70a8', (4, 16, 19))]"
304,failed,"['05Dec@2', '02Ind@1']","['DecentralizingAgent', 'IndDecentralizingAgent']",13,12,AgentMechanismInterface,False,False,True,17,0.29926012200303376,0.9,False,False,"(3, 14, 10)",,2,False,,"(3, 14, 10)",da0343ee-61dd-413e-91c4-d5f3614c4182,0,"[('da0343ee-61dd-413e-91c4-d5f3614c4182', (3, 14, 10))]"
305,failed,"['00Dec@0', '02Ind@1']","['DecentralizingAgent', 'IndDecentralizingAgent']",13,12,AgentMechanismInterface,False,False,True,17,0.32973579701501876,0.9,False,False,"(19, 20, 20)",,2,False,,"(19, 20, 20)",c830ca16-5c55-4e00-bd01-c6ee9f5a1585,0,[]
306,failed,"['05Dec@2', '03Buy@1']","['DecentralizingAgent', 'BuyCheapSellExpensiveAgent']",13,12,AgentMechanismInterface,False,False,True,17,0.4680674970149994,0.9,True,False,,,2,False,,"(3, 15, 9)",4fdc1714-2c0a-4284-bc59-ba0132a56011,0,"[('4fdc1714-2c0a-4284-bc59-ba0132a56011', (3, 15, 9))]"
307,failed,"['00Dec@0', '03Buy@1']","['DecentralizingAgent', 'BuyCheapSellExpensiveAgent']",13,12,AgentMechanismInterface,False,False,True,17,0.41392230696510524,0.9,True,False,,,2,False,,"(3, 18, 18)",f0dbd2fc-f566-44ba-90f6-74e7b5328559,0,[]
308,failed,"['00Dec@0', '02Ind@1']","['DecentralizingAgent', 'IndDecentralizingAgent']",13,12,AgentMechanismInterface,False,False,True,17,0.39239742001518607,0.9,False,False,"(11, 23, 20)",,2,False,,"(11, 23, 20)",24dbdefb-5667-4ed0-8fb0-5386d6c361d6,0,"[('24dbdefb-5667-4ed0-8fb0-5386d6c361d6', (11, 23, 20))]"
309,failed,"['01Dec@0', '03Buy@1']","['DecentralizingAgent', 'BuyCheapSellExpensiveAgent']",13,12,AgentMechanismInterface,False,False,True,17,0.40948240301804617,0.9,False,False,"(18, 21, 20)",,2,False,,"(18, 21, 20)",a924bcaa-e2f1-4512-9672-ce9f1dcb0f74,0,[]
310,failed,"['05Dec@2', '03Buy@1']","['DecentralizingAgent', 'BuyCheapSellExpensiveAgent']",13,12,AgentMechanismInterface,False,False,True,17,0.48682504397584125,0.9,False,False,"(8, 17, 10)",,2,False,,"(8, 17, 10)",e12acdd0-fefa-44bf-9187-e9fc07ecf863,0,"[('e12acdd0-fefa-44bf-9187-e9fc07ecf863', (8, 17, 10))]"
311,failed,"['02Ind@1', '00Dec@0']","['IndDecentralizingAgent', 'DecentralizingAgent']",13,12,AgentMechanismInterface,False,False,True,17,0.3106945279869251,0.9,False,False,"(3, 13, 7)",,2,False,,"(3, 13, 7)",71375de5-3232-4e4c-8de4-de60c134c3f4,0,"[('71375de5-3232-4e4c-8de4-de60c134c3f4', (3, 13, 7))]"
312,failed,"['00Dec@0', '03Buy@1']","['DecentralizingAgent', 'BuyCheapSellExpensiveAgent']",13,12,AgentMechanismInterface,False,False,True,17,0.5165228359983303,0.9,False,False,"(11, 18, 19)",,2,False,,"(11, 18, 19)",ae6c18e1-bb56-437b-9bea-292312879443,0,"[('ae6c18e1-bb56-437b-9bea-292312879443', (11, 18, 19))]"
313,failed,"['05Dec@2', '02Ind@1']","['DecentralizingAgent', 'IndDecentralizingAgent']",13,12,AgentMechanismInterface,False,False,True,17,0.8323278220486827,0.9,True,False,,,2,False,,"(8, 13, 9)",132b68f5-2a8a-4d88-bced-634fe2e57ca4,0,"[('132b68f5-2a8a-4d88-bced-634fe2e57ca4', (8, 13, 9))]"
314,failed,"['01Dec@0', '03Buy@1']","['DecentralizingAgent', 'BuyCheapSellExpensiveAgent']",13,12,AgentMechanismInterface,False,False,True,17,0.36043539800448343,0.9,False,False,"(14, 21, 20)",,2,False,,"(14, 21, 20)",a90898d8-2175-4a00-a13a-372e7c88b3e0,0,[]
315,failed,"['01Dec@0', '02Ind@1']","['DecentralizingAgent', 'IndDecentralizingAgent']",13,12,AgentMechanismInterface,False,False,True,17,0.49938628100790083,0.9,False,False,"(18, 21, 20)",,2,False,,"(18, 21, 20)",2cf9619c-8429-4a3f-94b0-da75b2b83b37,0,[]
316,failed,"['01Dec@0', '02Ind@1']","['DecentralizingAgent', 'IndDecentralizingAgent']",13,12,AgentMechanismInterface,False,False,True,17,0.48821015300927684,0.9,True,False,,,2,False,,"(14, 16, 19)",f0e28a68-ddb4-400b-8475-3a5434e32056,0,[]
317,failed,"['05Dec@2', '03Buy@1']","['DecentralizingAgent', 'BuyCheapSellExpensiveAgent']",13,12,AgentMechanismInterface,False,False,True,17,0.8059129239991307,0.9,True,False,,,2,False,,"(9, 15, 9)",4b87263f-e453-4dd0-889e-4ba55d690be5,0,"[('4b87263f-e453-4dd0-889e-4ba55d690be5', (9, 15, 9))]"
318,failed,"['00Dec@0', '03Buy@1']","['DecentralizingAgent', 'BuyCheapSellExpensiveAgent']",13,12,AgentMechanismInterface,False,False,True,17,0.4708734930027276,0.9,True,False,,,2,False,,"(19, 19, 19)",0c3b0bea-7961-4c47-85f8-afc17020d70c,0,[]
319,failed,"['00Dec@0', '03Buy@1']","['DecentralizingAgent', 'BuyCheapSellExpensiveAgent']",14,13,AgentMechanismInterface,False,False,True,2,0.12298200995428488,0.15,False,False,"(17, 14, 13)",,2,False,,"(17, 14, 13)",e4030ec1-1fa9-4fd5-b77d-087144fad9fe,0,[]
320,failed,"['04MyA@2', '02Ind@1']","['MyAgent', 'IndDecentralizingAgent']",14,13,AgentMechanismInterface,False,False,True,2,0.3787277740193531,0.15,False,False,"(50, 24, 18)",,2,False,,"(50, 24, 18)",31cf3d32-0b7b-4595-9baa-69d47cc4bece,0,"[('31cf3d32-0b7b-4595-9baa-69d47cc4bece', (50, 24, 18))]"
321,failed,"['02Ind@1', '00Dec@0']","['IndDecentralizingAgent', 'DecentralizingAgent']",14,13,AgentMechanismInterface,False,False,True,2,0.2009645089856349,0.15,True,False,,,2,False,,"(3, 14, 1)",19306656-7147-414e-93cb-f8fedfe4cc06,0,[]
322,failed,"['05Dec@2', '02Ind@1']","['DecentralizingAgent', 'IndDecentralizingAgent']",14,13,AgentMechanismInterface,False,False,True,2,0.28817736700875685,0.15,True,False,,,2,False,,"(34, 21, 18)",5af4e61f-53ee-468c-9eb9-185a365896a8,0,[]
323,failed,"['05Dec@2', '03Buy@1']","['DecentralizingAgent', 'BuyCheapSellExpensiveAgent']",14,13,AgentMechanismInterface,False,False,True,17,0.4844080890179612,0.9,False,False,"(3, 14, 10)",,2,False,,"(3, 14, 10)",86008520-c876-4dd8-ab2d-bb97b6a01814,0,"[('86008520-c876-4dd8-ab2d-bb97b6a01814', (3, 14, 10))]"
324,failed,"['05Dec@2', '03Buy@1']","['DecentralizingAgent', 'BuyCheapSellExpensiveAgent']",14,13,AgentMechanismInterface,False,False,True,17,0.32757424894953147,0.9,False,False,"(12, 14, 9)",,2,False,,"(12, 14, 9)",79b83f85-413a-4c8c-9185-33fa0614c08a,0,"[('79b83f85-413a-4c8c-9185-33fa0614c08a', (12, 14, 9))]"
325,failed,"['05Dec@2', '02Ind@1']","['DecentralizingAgent', 'IndDecentralizingAgent']",14,13,AgentMechanismInterface,False,False,True,17,0.6872354549705051,0.9,False,False,"(9, 21, 10)",,2,False,,"(9, 21, 10)",deb3669c-65a7-4616-98a6-0927b633861f,0,"[('deb3669c-65a7-4616-98a6-0927b633861f', (9, 21, 10))]"
326,failed,"['01Dec@0', '03Buy@1']","['DecentralizingAgent', 'BuyCheapSellExpensiveAgent']",14,13,AgentMechanismInterface,False,False,True,17,0.35655665199737996,0.9,False,False,"(17, 23, 20)",,2,False,,"(17, 23, 20)",955f3d8e-aeae-40f5-afc9-0325570285d4,0,[]
327,failed,"['05Dec@2', '03Buy@1']","['DecentralizingAgent', 'BuyCheapSellExpensiveAgent']",14,13,AgentMechanismInterface,False,False,True,17,0.2281948570162058,0.9,False,False,"(8, 14, 9)",,2,False,,"(8, 14, 9)",d697f410-bd2e-4a63-8adf-a447bc814f7b,0,"[('d697f410-bd2e-4a63-8adf-a447bc814f7b', (8, 14, 9))]"
328,failed,"['03Buy@1', '00Dec@0']","['BuyCheapSellExpensiveAgent', 'DecentralizingAgent']",14,13,AgentMechanismInterface,False,False,True,17,0.7146824149531312,0.9,False,False,"(6, 18, 7)",,2,False,,"(6, 18, 7)",b6f31b15-e157-4801-9552-aa617921ecb0,0,"[('b6f31b15-e157-4801-9552-aa617921ecb0', (6, 18, 7))]"
329,failed,"['01Dec@0', '02Ind@1']","['DecentralizingAgent', 'IndDecentralizingAgent']",14,13,AgentMechanismInterface,False,False,True,17,0.6661098170443438,0.9,True,False,,,2,False,,"(17, 20, 19)",c9108ddd-5130-49fd-9b9f-71869088c8f8,0,[]
330,failed,"['01Dec@0', '03Buy@1']","['DecentralizingAgent', 'BuyCheapSellExpensiveAgent']",14,13,AgentMechanismInterface,False,False,True,17,0.6917062709690072,0.9,False,False,"(14, 16, 19)",,2,False,,"(14, 16, 19)",bb012017-62cd-401f-a57f-409abe3da880,0,[]
331,failed,"['01Dec@0', '02Ind@1']","['DecentralizingAgent', 'IndDecentralizingAgent']",14,13,AgentMechanismInterface,False,False,True,17,0.6359957029926591,0.9,False,False,"(14, 21, 20)",,2,False,,"(14, 21, 20)",3a14b740-efb3-4cb4-a295-00dc52c64bfc,0,[]
332,failed,"['05Dec@2', '02Ind@1']","['DecentralizingAgent', 'IndDecentralizingAgent']",14,13,AgentMechanismInterface,False,False,True,17,0.6416769729694352,0.9,True,False,,,2,False,,"(3, 15, 11)",5ad87dd3-7bc5-4ad1-83ab-f33dcda00a02,0,[]
333,failed,"['00Dec@0', '03Buy@1']","['DecentralizingAgent', 'BuyCheapSellExpensiveAgent']",14,13,AgentMechanismInterface,False,False,True,17,0.31231196998851374,0.9,False,False,"(19, 19, 19)",,2,False,,"(19, 19, 19)",0fa22cef-f7c6-4e52-bcd9-55bb302a3bb8,0,[]
334,failed,"['02Ind@1', '04MyA@2']","['IndDecentralizingAgent', 'MyAgent']",14,13,AgentMechanismInterface,False,False,True,17,0.569843445031438,0.9,False,False,"(2, 19, 27)",,2,False,,"(2, 19, 27)",ebe495b9-56f6-492f-ac95-900f864ad60d,0,"[('ebe495b9-56f6-492f-ac95-900f864ad60d', (2, 19, 27))]"
335,failed,"['05Dec@2', '03Buy@1']","['DecentralizingAgent', 'BuyCheapSellExpensiveAgent']",14,13,AgentMechanismInterface,False,False,True,17,0.4555294889723882,0.9,True,False,,,2,False,,"(9, 16, 11)",0b6d3153-5575-4c94-933e-420aa27855b5,0,[]
336,failed,"['00Dec@0', '02Ind@1']","['DecentralizingAgent', 'IndDecentralizingAgent']",14,13,AgentMechanismInterface,False,False,True,17,0.48978856700705364,0.9,False,False,"(19, 20, 20)",,2,False,,"(19, 20, 20)",d630de67-a931-4247-bb43-ddc769b818c7,0,[]
337,failed,"['05Dec@2', '02Ind@1']","['DecentralizingAgent', 'IndDecentralizingAgent']",14,13,AgentMechanismInterface,False,False,True,17,0.38485980400582775,0.9,True,False,,,2,False,,"(8, 14, 11)",9258c6c6-efe2-469e-93e6-17b66a462174,0,[]
338,failed,"['00Dec@0', '02Ind@1']","['DecentralizingAgent', 'IndDecentralizingAgent']",14,13,AgentMechanismInterface,False,False,True,17,0.35705144196981564,0.9,False,False,"(11, 24, 20)",,2,False,,"(11, 24, 20)",29da127c-5017-461f-a13f-3c5ab98ff4b7,0,"[('29da127c-5017-461f-a13f-3c5ab98ff4b7', (11, 24, 20))]"
339,failed,"['05Dec@2', '02Ind@1']","['DecentralizingAgent', 'IndDecentralizingAgent']",14,13,AgentMechanismInterface,False,False,True,17,0.36909113597357646,0.9,True,False,,,2,False,,"(12, 14, 9)",386e7c10-c7a3-4dd9-ae43-8d30be983b4b,0,"[('386e7c10-c7a3-4dd9-ae43-8d30be983b4b', (12, 14, 9))]"
340,failed,"['00Dec@0', '03Buy@1']","['DecentralizingAgent', 'BuyCheapSellExpensiveAgent']",14,13,AgentMechanismInterface,False,False,True,17,0.5655284330132417,0.9,True,False,,,2,False,,"(11, 24, 20)",a4be44b9-c18f-48fc-bee0-3204bc466aae,0,"[('a4be44b9-c18f-48fc-bee0-3204bc466aae', (11, 24, 20))]"
341,failed,"['04MyA@2', '02Ind@1']","['MyAgent', 'IndDecentralizingAgent']",15,14,AgentMechanismInterface,False,False,True,2,0.15388452197657898,0.15,False,False,"(68, 25, 18)",,2,False,,"(68, 25, 18)",153a3b2c-ec83-4224-ac6a-770fe465191b,0,"[('153a3b2c-ec83-4224-ac6a-770fe465191b', (68, 25, 18))]"
342,failed,"['00Dec@0', '03Buy@1']","['DecentralizingAgent', 'BuyCheapSellExpensiveAgent']",15,14,AgentMechanismInterface,False,False,True,2,0.4204445169889368,0.15,False,False,"(21, 15, 13)",,2,False,,"(21, 15, 13)",8e1d6abc-b692-4ab4-a4be-933ea40ed27c,0,[]
343,failed,"['05Dec@2', '03Buy@1']","['DecentralizingAgent', 'BuyCheapSellExpensiveAgent']",15,14,AgentMechanismInterface,False,False,True,2,0.29337283899076283,0.15,True,False,,,2,False,,"(34, 21, 18)",2e49b1a7-ed91-4102-a9bf-93fbe95450ed,0,[]
344,failed,"['02Ind@1', '00Dec@0']","['IndDecentralizingAgent', 'DecentralizingAgent']",15,14,AgentMechanismInterface,False,False,True,17,0.3829737289925106,0.9,False,False,"(13, 15, 8)",,2,False,,"(13, 15, 8)",40b2381e-8e69-43a4-bb4e-7214a17cd85d,0,"[('40b2381e-8e69-43a4-bb4e-7214a17cd85d', (13, 15, 8))]"
345,failed,"['01Dec@0', '03Buy@1']","['DecentralizingAgent', 'BuyCheapSellExpensiveAgent']",15,14,AgentMechanismInterface,False,False,True,17,0.4588351290440187,0.9,False,False,"(15, 24, 20)",,2,False,,"(15, 24, 20)",88a562ab-44ae-4934-838b-07a6b831a26c,0,[]
346,failed,"['05Dec@2', '03Buy@1']","['DecentralizingAgent', 'BuyCheapSellExpensiveAgent']",15,14,AgentMechanismInterface,False,False,True,17,0.4649310780223459,0.9,False,False,"(2, 16, 10)",,2,False,,"(2, 16, 10)",88dd9346-a7e8-4063-8fbf-3d5b78077f13,0,"[('88dd9346-a7e8-4063-8fbf-3d5b78077f13', (2, 16, 10))]"
347,failed,"['01Dec@0', '02Ind@1']","['DecentralizingAgent', 'IndDecentralizingAgent']",15,14,AgentMechanismInterface,False,False,True,17,0.5809787129983306,0.9,False,False,"(17, 23, 20)",,2,False,,"(17, 23, 20)",94259c5e-eaee-4c2e-b550-1820dbc4f4d0,0,[]
348,failed,"['05Dec@2', '03Buy@1']","['DecentralizingAgent', 'BuyCheapSellExpensiveAgent']",15,14,AgentMechanismInterface,False,False,True,17,0.3426947370171547,0.9,False,False,"(7, 17, 10)",,2,False,,"(7, 17, 10)",ee1ced73-4432-4604-af29-1f7c02117683,0,"[('ee1ced73-4432-4604-af29-1f7c02117683', (7, 17, 10))]"
349,failed,"['01Dec@0', '03Buy@1']","['DecentralizingAgent', 'BuyCheapSellExpensiveAgent']",15,14,AgentMechanismInterface,False,False,True,17,0.20811093295924366,0.9,False,False,"(17, 23, 20)",,2,False,,"(17, 23, 20)",cf97e688-d11a-4318-965a-f7b61a169c37,0,[]
350,failed,"['02Ind@1', '04MyA@2']","['IndDecentralizingAgent', 'MyAgent']",15,14,AgentMechanismInterface,False,False,True,17,0.4047553089912981,0.9,False,False,"(3, 25, 27)",,2,False,,"(3, 25, 27)",dc318ae8-d477-4831-9d85-f9a47bb1fc6d,0,"[('dc318ae8-d477-4831-9d85-f9a47bb1fc6d', (3, 25, 27))]"
351,failed,"['05Dec@2', '02Ind@1']","['DecentralizingAgent', 'IndDecentralizingAgent']",15,14,AgentMechanismInterface,False,False,True,17,0.418030834000092,0.9,True,False,,,2,False,,"(2, 18, 11)",e378e647-dcc6-4053-bee9-43294ea69cff,0,[]
352,failed,"['00Dec@0', '03Buy@1']","['DecentralizingAgent', 'BuyCheapSellExpensiveAgent']",15,14,AgentMechanismInterface,False,False,True,17,0.46669924299931154,0.9,False,False,"(11, 24, 20)",,2,False,,"(11, 24, 20)",5eb6174a-67be-40a9-9edc-629735e6ad7d,0,"[('5eb6174a-67be-40a9-9edc-629735e6ad7d', (11, 24, 20))]"
353,failed,"['00Dec@0', '02Ind@1']","['DecentralizingAgent', 'IndDecentralizingAgent']",15,14,AgentMechanismInterface,False,False,True,17,0.44692832900909707,0.9,True,False,,,2,False,,"(11, 24, 20)",c3ecf209-c166-43b3-bf5f-3d0ed23737e3,0,"[('c3ecf209-c166-43b3-bf5f-3d0ed23737e3', (11, 24, 20))]"
354,failed,"['02Ind@1', '01Dec@0']","['IndDecentralizingAgent', 'DecentralizingAgent']",15,14,AgentMechanismInterface,False,False,True,17,0.5786328489775769,0.9,False,False,"(13, 15, 8)",,2,False,,"(13, 15, 8)",a5840de3-c877-47ea-b48b-696bebdcbe29,0,"[('a5840de3-c877-47ea-b48b-696bebdcbe29', (13, 15, 8))]"
355,failed,"['05Dec@2', '02Ind@1']","['DecentralizingAgent', 'IndDecentralizingAgent']",15,14,AgentMechanismInterface,False,False,True,17,0.6004342189989984,0.9,False,False,"(12, 15, 9)",,2,False,,"(12, 15, 9)",909307a4-a909-4e9d-9280-2ae861567f86,0,"[('909307a4-a909-4e9d-9280-2ae861567f86', (12, 15, 9))]"
356,failed,"['01Dec@0', '02Ind@1']","['DecentralizingAgent', 'IndDecentralizingAgent']",15,14,AgentMechanismInterface,False,False,True,17,0.7094311569817364,0.9,False,False,"(15, 24, 20)",,2,False,,"(15, 24, 20)",17ca1d21-dc9c-4d1a-ae92-75724e232bbf,0,[]
357,failed,"['05Dec@2', '03Buy@1']","['DecentralizingAgent', 'BuyCheapSellExpensiveAgent']",15,14,AgentMechanismInterface,False,False,True,17,0.6624942469643429,0.9,True,False,,,2,False,,"(12, 15, 9)",1b7d92ce-8492-4822-93f4-406424fb760d,0,"[('1b7d92ce-8492-4822-93f4-406424fb760d', (12, 15, 9))]"
358,failed,"['05Dec@2', '02Ind@1']","['DecentralizingAgent', 'IndDecentralizingAgent']",15,14,AgentMechanismInterface,False,False,True,17,0.5881645469926298,0.9,False,False,"(7, 17, 10)",,2,False,,"(7, 17, 10)",9bbac69e-44e3-41c3-b14d-c2b9417ad609,0,"[('9bbac69e-44e3-41c3-b14d-c2b9417ad609', (7, 17, 10))]"
359,failed,"['01Dec@0', '03Buy@1']","['DecentralizingAgent', 'BuyCheapSellExpensiveAgent']",16,15,AgentMechanismInterface,False,False,True,2,0.15368385199690238,0.15,False,False,"(29, 16, 13)",,2,False,,"(29, 16, 13)",1afc5202-45e2-49a1-a8ce-d917ac907004,0,"[('1afc5202-45e2-49a1-a8ce-d917ac907004', (29, 16, 13))]"
360,failed,"['05Dec@2', '02Ind@1']","['DecentralizingAgent', 'IndDecentralizingAgent']",16,15,AgentMechanismInterface,False,False,True,2,0.13483449502382427,0.15,True,False,,,2,False,,,c80a9a16-9773-4fc6-b88a-ea6a63f46d7d,0,[]
361,failed,"['00Dec@0', '02Ind@1']","['DecentralizingAgent', 'IndDecentralizingAgent']",16,15,AgentMechanismInterface,False,False,True,2,0.013559389975853264,0.15,True,False,,,2,False,,,823a60cf-7c84-4a2e-9069-a330ed6fff8d,0,[]
362,failed,"['04MyA@2', '02Ind@1']","['MyAgent', 'IndDecentralizingAgent']",16,15,AgentMechanismInterface,False,False,True,2,0.3542588499840349,0.15,False,False,"(67, 26, 18)",,2,False,,"(67, 26, 18)",7a0016f9-1460-4459-ad15-3716d96b6fea,0,[]
363,failed,"['02Ind@1', '01Dec@0']","['IndDecentralizingAgent', 'DecentralizingAgent']",16,15,AgentMechanismInterface,False,False,True,2,0.11209376103943214,0.15,True,False,,,2,False,,,7b639488-052c-49ae-8541-7a4668dc3682,0,[]
364,failed,"['05Dec@2', '03Buy@1']","['DecentralizingAgent', 'BuyCheapSellExpensiveAgent']",16,15,AgentMechanismInterface,False,False,True,17,0.15929138101637363,0.9,False,False,"(11, 23, 10)",,2,False,,"(11, 23, 10)",040e05a8-e826-4d96-b9dc-78232de5c70d,0,"[('040e05a8-e826-4d96-b9dc-78232de5c70d', (11, 23, 10))]"
365,failed,"['05Dec@2', '02Ind@1']","['DecentralizingAgent', 'IndDecentralizingAgent']",16,15,AgentMechanismInterface,False,False,True,17,0.2619147300138138,0.9,False,False,"(2, 19, 9)",,2,False,,"(2, 19, 9)",d16c18c8-8eab-47ed-8e28-36e4bd84c770,0,"[('d16c18c8-8eab-47ed-8e28-36e4bd84c770', (2, 19, 9))]"
366,failed,"['02Ind@1', '00Dec@0']","['IndDecentralizingAgent', 'DecentralizingAgent']",16,15,AgentMechanismInterface,False,False,True,17,0.34357882098993286,0.9,False,False,"(14, 20, 6)",,2,False,,"(14, 20, 6)",6a2315ec-d932-4104-b957-ff1e5e4213fd,0,[]
367,failed,"['00Dec@0', '02Ind@1']","['DecentralizingAgent', 'IndDecentralizingAgent']",16,15,AgentMechanismInterface,False,False,True,17,0.5184047609800473,0.9,False,False,"(11, 19, 19)",,2,False,,"(11, 19, 19)",28648859-28b6-491b-a9b3-df69a6242b9d,0,"[('28648859-28b6-491b-a9b3-df69a6242b9d', (11, 19, 19))]"
368,failed,"['05Dec@2', '03Buy@1']","['DecentralizingAgent', 'BuyCheapSellExpensiveAgent']",16,15,AgentMechanismInterface,False,False,True,17,0.5327664639917202,0.9,True,False,,,2,False,,"(2, 18, 11)",6c8a46c2-c16e-4fd2-8008-ffef85b07676,0,[]
369,failed,"['05Dec@2', '02Ind@1']","['DecentralizingAgent', 'IndDecentralizingAgent']",16,15,AgentMechanismInterface,False,False,True,17,0.21249877102673054,0.9,False,False,"(11, 16, 9)",,2,False,,"(11, 16, 9)",0210f954-24bc-43bc-aa83-5861883cf695,0,"[('0210f954-24bc-43bc-aa83-5861883cf695', (11, 16, 9))]"
370,failed,"['00Dec@0', '03Buy@1']","['DecentralizingAgent', 'BuyCheapSellExpensiveAgent']",16,15,AgentMechanismInterface,False,False,True,17,0.1783694790210575,0.9,True,False,,,2,False,,"(7, 24, 18)",db79dcbb-0d05-4a6b-863c-efa0911a0fbc,0,[]
371,failed,"['00Dec@0', '02Ind@1']","['DecentralizingAgent', 'IndDecentralizingAgent']",16,15,AgentMechanismInterface,False,False,True,17,0.3419860629946925,0.9,False,False,"(15, 22, 19)",,2,False,,"(15, 22, 19)",2d240c4e-2eca-403c-8997-b5e997a8c47f,0,[]
372,failed,"['00Dec@0', '03Buy@1']","['DecentralizingAgent', 'BuyCheapSellExpensiveAgent']",16,15,AgentMechanismInterface,False,False,True,17,0.24714841798413545,0.9,False,False,"(15, 25, 20)",,2,False,,"(15, 25, 20)",757d2a5e-59c5-414a-bd7d-e7696f7f67f2,0,[]
373,failed,"['03Buy@1', '01Dec@0']","['BuyCheapSellExpensiveAgent', 'DecentralizingAgent']",16,15,AgentMechanismInterface,False,False,True,17,0.5394270879914984,0.9,False,False,"(15, 20, 6)",,2,False,,"(15, 20, 6)",c319c51b-a022-4825-aac8-4cb21d3b59f5,0,[]
374,failed,"['03Buy@1', '00Dec@0']","['BuyCheapSellExpensiveAgent', 'DecentralizingAgent']",16,15,AgentMechanismInterface,False,False,True,17,0.3681071939645335,0.9,False,False,"(19, 20, 8)",,2,False,,"(19, 20, 8)",3413c281-993d-47e9-a512-52ebc2162d91,0,"[('3413c281-993d-47e9-a512-52ebc2162d91', (19, 20, 8))]"
375,failed,"['01Dec@0', '02Ind@1']","['DecentralizingAgent', 'IndDecentralizingAgent']",17,16,AgentMechanismInterface,False,False,True,2,0.04762957198545337,0.15,True,False,,,2,False,,"(17, 17, 13)",e4c001d7-be1d-4b28-9ed4-8aced20db5a4,0,[]
376,failed,"['00Dec@0', '02Ind@1']","['DecentralizingAgent', 'IndDecentralizingAgent']",17,16,AgentMechanismInterface,False,False,True,2,0.014762328006327152,0.15,True,False,,,2,False,,,6748c36f-1119-478e-9917-94379cc222f1,0,[]
377,failed,"['00Dec@0', '02Ind@1']","['DecentralizingAgent', 'IndDecentralizingAgent']",17,16,AgentMechanismInterface,False,False,True,2,0.12211089598713443,0.15,True,False,,,2,False,,,31cff1bc-26e1-419c-accb-0cb3805ad5c3,0,[]
378,failed,"['01Dec@0', '02Ind@1']","['DecentralizingAgent', 'IndDecentralizingAgent']",17,16,AgentMechanismInterface,False,False,True,17,0.14975186000810936,0.9,False,False,"(16, 23, 19)",,2,False,,"(16, 23, 19)",74463efc-58b1-4c4b-82cc-0c49cf4eec89,0,[]
379,failed,"['05Dec@2', '02Ind@1']","['DecentralizingAgent', 'IndDecentralizingAgent']",17,16,AgentMechanismInterface,False,False,True,17,0.22160279395757243,0.9,False,False,"(2, 17, 10)",,2,False,,"(2, 17, 10)",28cf6c12-81fa-460d-aeec-0aeb903112aa,0,"[('28cf6c12-81fa-460d-aeec-0aeb903112aa', (2, 17, 10))]"
380,failed,"['00Dec@0', '03Buy@1']","['DecentralizingAgent', 'BuyCheapSellExpensiveAgent']",17,16,AgentMechanismInterface,False,False,True,17,0.19931871496373788,0.9,False,False,"(11, 24, 20)",,2,False,,"(11, 24, 20)",646312a0-578f-4f5e-85b1-45b16ab29b0f,0,"[('646312a0-578f-4f5e-85b1-45b16ab29b0f', (11, 24, 20))]"
381,failed,"['03Buy@1', '00Dec@0']","['BuyCheapSellExpensiveAgent', 'DecentralizingAgent']",17,16,AgentMechanismInterface,False,False,True,17,0.22740976698696613,0.9,False,False,"(6, 21, 7)",,2,False,,"(6, 21, 7)",d2d37f98-9390-4b02-ac93-f14853b2f2f9,0,"[('d2d37f98-9390-4b02-ac93-f14853b2f2f9', (6, 21, 7))]"
382,failed,"['01Dec@0', '03Buy@1']","['DecentralizingAgent', 'BuyCheapSellExpensiveAgent']",17,16,AgentMechanismInterface,False,False,True,17,0.1910963220288977,0.9,False,False,"(16, 26, 20)",,2,False,,"(16, 26, 20)",8f3a1dc4-971a-47c6-937b-82982bc16ce5,0,[]
383,failed,"['00Dec@0', '02Ind@1']","['DecentralizingAgent', 'IndDecentralizingAgent']",17,16,AgentMechanismInterface,False,False,True,17,0.16049097699578851,0.9,True,False,,,2,False,,"(7, 24, 18)",c17d7cbe-7a10-4e50-8746-9586b4188cd1,0,[]
384,failed,"['05Dec@2', '03Buy@1']","['DecentralizingAgent', 'BuyCheapSellExpensiveAgent']",17,16,AgentMechanismInterface,False,False,True,17,0.26441890001296997,0.9,True,False,,,2,False,,"(2, 19, 9)",bf5ad84f-a576-4c81-a58d-86ed2fc435aa,0,"[('bf5ad84f-a576-4c81-a58d-86ed2fc435aa', (2, 19, 9))]"
385,failed,"['03Buy@1', '01Dec@0']","['BuyCheapSellExpensiveAgent', 'DecentralizingAgent']",17,16,AgentMechanismInterface,False,False,True,17,0.16622924205148593,0.9,False,False,"(6, 17, 7)",,2,False,,"(6, 17, 7)",660e5143-34a4-4b63-a22a-d9b6b02679f1,0,"[('660e5143-34a4-4b63-a22a-d9b6b02679f1', (6, 17, 7))]"
386,failed,"['00Dec@0', '03Buy@1']","['DecentralizingAgent', 'BuyCheapSellExpensiveAgent']",18,17,AgentMechanismInterface,False,False,True,2,0.08196486299857497,0.15,False,False,"(26, 18, 13)",,2,False,,"(26, 18, 13)",fa178262-2b8f-4159-ad72-502b1dcb28ca,0,[]
387,failed,"['00Dec@0', '03Buy@1']","['DecentralizingAgent', 'BuyCheapSellExpensiveAgent']",18,17,AgentMechanismInterface,False,False,True,2,0.07094363600481302,0.15,True,False,,,2,False,,,0f8f516c-9fc4-4ea2-a3d9-f47113502ea5,0,[]
388,failed,"['00Dec@0', '03Buy@1']","['DecentralizingAgent', 'BuyCheapSellExpensiveAgent']",18,17,AgentMechanismInterface,False,False,True,2,0.13103063800372183,0.15,True,False,,,2,False,,"(6, 18, 13)",a32edf3d-6285-4b02-9cbd-a1556ebd7242,0,[]
389,failed,"['01Dec@0', '03Buy@1']","['DecentralizingAgent', 'BuyCheapSellExpensiveAgent']",18,17,AgentMechanismInterface,False,False,True,2,0.03013319004094228,0.15,True,False,,,2,False,,,9bee8c00-76ad-46bf-ae59-77c28f51ae55,0,[]
390,failed,"['01Dec@0', '02Ind@1']","['DecentralizingAgent', 'IndDecentralizingAgent']",18,17,AgentMechanismInterface,False,False,True,6,0.17065088002709672,0.35,False,False,"(13, 18, 13)",,2,False,,"(13, 18, 13)",f09870af-cfb1-4619-959b-61e01e538f68,0,[]
391,failed,"['00Dec@0', '03Buy@1']","['DecentralizingAgent', 'BuyCheapSellExpensiveAgent']",18,17,AgentMechanismInterface,False,False,True,17,0.20198765903478488,0.9,False,False,"(2, 23, 20)",,2,False,,"(2, 23, 20)",8c4df2af-10df-4cda-9dc9-801ca16ced79,0,"[('8c4df2af-10df-4cda-9dc9-801ca16ced79', (2, 23, 20))]"
392,failed,"['02Ind@1', '04MyA@2']","['IndDecentralizingAgent', 'MyAgent']",18,17,AgentMechanismInterface,False,False,True,17,1.5138111269916408,0.9,False,False,"(20, 26, 26)",,2,False,,"(20, 26, 26)",39c58a31-e046-4aaf-a1c5-cf1ccba6cb9e,0,[]
393,failed,"['02Ind@1', '05Dec@2']","['IndDecentralizingAgent', 'DecentralizingAgent']",18,17,AgentMechanismInterface,False,False,True,17,1.419448614004068,0.9,False,False,"(20, 26, 26)",,2,False,,"(20, 26, 26)",71ef40bd-6a2c-4aa1-8b42-7d801f2c573d,0,[]
394,failed,"['00Dec@0', '02Ind@1']","['DecentralizingAgent', 'IndDecentralizingAgent']",18,17,AgentMechanismInterface,False,False,True,17,1.3756577749736607,0.9,True,False,,,2,False,,"(2, 28, 18)",764b8002-1a2d-41ab-925b-9f928b3c8dd8,0,[]
395,failed,"['00Dec@0', '03Buy@1']","['DecentralizingAgent', 'BuyCheapSellExpensiveAgent']",18,17,AgentMechanismInterface,False,False,True,17,1.488569630018901,0.9,False,False,"(11, 19, 19)",,2,False,,"(11, 19, 19)",e58ddc36-38a2-4358-8849-3e0db21c1b61,0,"[('e58ddc36-38a2-4358-8849-3e0db21c1b61', (11, 19, 19))]"
396,failed,"['00Dec@0', '02Ind@1']","['DecentralizingAgent', 'IndDecentralizingAgent']",18,17,AgentMechanismInterface,False,False,True,17,1.4806247149826959,0.9,True,False,,,2,False,,"(11, 24, 20)",75b31b4a-9bea-46ef-a73a-9fdcddaf978a,0,"[('75b31b4a-9bea-46ef-a73a-9fdcddaf978a', (11, 24, 20))]"
397,failed,"['05Dec@2', '03Buy@1']","['DecentralizingAgent', 'BuyCheapSellExpensiveAgent']",18,17,AgentMechanismInterface,False,False,True,18,1.4053617370082065,0.95,False,False,"(1, 19, 9)",,2,False,,"(1, 19, 9)",2f7226c4-8f81-4dc5-a830-7b396ecb2e00,0,[]
398,failed,"['05Dec@2', '02Ind@1']","['DecentralizingAgent', 'IndDecentralizingAgent']",18,17,AgentMechanismInterface,False,False,True,18,1.4177766760112718,0.95,False,False,"(1, 19, 9)",,2,False,,"(1, 19, 9)",1e31b0ab-4881-4c64-962e-670ff637d95b,0,[]
399,failed,"['04MyA@2', '02Ind@1']","['MyAgent', 'IndDecentralizingAgent']",19,18,AgentMechanismInterface,False,False,True,2,0.21471437701256946,0.15,False,False,"(50, 29, 18)",,2,False,,"(50, 29, 18)",544f47c1-de2c-420c-abab-b7c495600317,0,[]
400,failed,"['01Dec@0', '03Buy@1']","['DecentralizingAgent', 'BuyCheapSellExpensiveAgent']",19,18,AgentMechanismInterface,False,False,True,2,0.32436641602544114,0.15,True,False,,,2,False,,,da4982b6-a9bd-4b25-934e-49763128f4a5,0,[]
401,failed,"['00Dec@0', '02Ind@1']","['DecentralizingAgent', 'IndDecentralizingAgent']",19,18,AgentMechanismInterface,False,False,True,2,0.3968016059952788,0.15,True,False,,,2,False,,,eeb8dc08-7d17-472c-90b3-ce5d97dd5af2,0,[]
402,failed,"['00Dec@0', '02Ind@1']","['DecentralizingAgent', 'IndDecentralizingAgent']",19,18,AgentMechanismInterface,False,False,True,2,0.10565559397218749,0.15,True,False,,,2,False,,"(6, 19, 13)",2e8dcc3a-87b9-4aa8-9b7a-1b0b3772c32a,0,[]
403,failed,"['05Dec@2', '02Ind@1']","['DecentralizingAgent', 'IndDecentralizingAgent']",19,18,AgentMechanismInterface,False,False,True,7,0.45445115596521646,0.4,False,False,"(21, 26, 18)",,2,False,,"(21, 26, 18)",02652402-2ae5-4b35-9f6b-8a3e1e5e64a3,0,"[('02652402-2ae5-4b35-9f6b-8a3e1e5e64a3', (21, 26, 18))]"
404,failed,"['00Dec@0', '03Buy@1']","['DecentralizingAgent', 'BuyCheapSellExpensiveAgent']",19,18,AgentMechanismInterface,False,False,True,17,0.27571486704982817,0.9,False,False,"(2, 28, 19)",,2,False,,"(2, 28, 19)",177cfc67-a093-41a3-8783-4a52dcf61f70,0,"[('177cfc67-a093-41a3-8783-4a52dcf61f70', (2, 28, 19))]"
405,failed,"['02Ind@1', '04MyA@2']","['IndDecentralizingAgent', 'MyAgent']",19,18,AgentMechanismInterface,False,False,True,17,0.2780424620141275,0.9,False,False,"(30, 29, 26)",,2,False,,"(30, 29, 26)",e86e7eb3-16d1-46dd-9d65-fedd78da8576,0,[]
406,failed,"['05Dec@2', '03Buy@1']","['DecentralizingAgent', 'BuyCheapSellExpensiveAgent']",19,18,AgentMechanismInterface,False,False,True,17,0.5318842339911498,0.9,False,False,"(10, 23, 10)",,2,False,,"(10, 23, 10)",14434cbd-3707-4ec4-9170-b0923c9f83a4,0,"[('14434cbd-3707-4ec4-9170-b0923c9f83a4', (10, 23, 10))]"
407,failed,"['00Dec@0', '02Ind@1']","['DecentralizingAgent', 'IndDecentralizingAgent']",19,18,AgentMechanismInterface,False,False,True,17,0.5021567789954133,0.9,False,False,"(10, 19, 19)",,2,False,,"(10, 19, 19)",590c96d9-da0e-4523-8ea4-e8020870a7ba,0,"[('590c96d9-da0e-4523-8ea4-e8020870a7ba', (10, 19, 19))]"
408,failed,"['00Dec@0', '02Ind@1']","['DecentralizingAgent', 'IndDecentralizingAgent']",19,18,AgentMechanismInterface,False,False,True,17,0.2928197350120172,0.9,True,False,,,2,False,,"(2, 23, 20)",fafa2834-567f-4a07-be3f-af13898c6b06,0,"[('fafa2834-567f-4a07-be3f-af13898c6b06', (2, 23, 20))]"
409,failed,"['01Dec@0', '03Buy@1']","['DecentralizingAgent', 'BuyCheapSellExpensiveAgent']",19,18,AgentMechanismInterface,False,False,True,17,0.5097631349926814,0.9,False,False,"(2, 29, 19)",,2,False,,"(2, 29, 19)",9b2f28cd-507c-4874-8a6b-3d246e4a0d06,0,"[('9b2f28cd-507c-4874-8a6b-3d246e4a0d06', (2, 29, 19))]"
410,failed,"['02Ind@1', '05Dec@2']","['IndDecentralizingAgent', 'DecentralizingAgent']",19,18,AgentMechanismInterface,False,False,True,17,0.5050077079795301,0.9,False,False,"(30, 29, 26)",,2,False,,"(30, 29, 26)",8fc7933d-2e8c-4b20-8792-0dc9bb30b4b5,0,[]
411,failed,"['05Dec@2', '02Ind@1']","['DecentralizingAgent', 'IndDecentralizingAgent']",19,18,AgentMechanismInterface,False,False,True,17,0.3264582729898393,0.9,False,False,"(10, 19, 9)",,2,False,,"(10, 19, 9)",254f7f30-2ec8-469d-b99c-5e955ad20cef,0,"[('254f7f30-2ec8-469d-b99c-5e955ad20cef', (10, 19, 9))]"
412,failed,"['01Dec@0', '02Ind@1']","['DecentralizingAgent', 'IndDecentralizingAgent']",19,18,AgentMechanismInterface,False,False,True,17,0.3243010180303827,0.9,True,False,,,2,False,,"(2, 24, 20)",9dfde1af-38b2-45c8-967f-3351d5f5c513,0,"[('9dfde1af-38b2-45c8-967f-3351d5f5c513', (2, 24, 20))]"
413,failed,"['00Dec@0', '03Buy@1']","['DecentralizingAgent', 'BuyCheapSellExpensiveAgent']",19,18,AgentMechanismInterface,False,False,True,17,0.24904358701314777,0.9,True,False,,,2,False,,"(10, 24, 20)",09414eac-9f3a-4566-acf7-44bcf215949b,0,"[('09414eac-9f3a-4566-acf7-44bcf215949b', (10, 24, 20))]"
414,failed,"['05Dec@2', '03Buy@1']","['DecentralizingAgent', 'BuyCheapSellExpensiveAgent']",19,18,AgentMechanismInterface,False,False,True,18,0.34905383602017537,0.95,False,False,"(1, 19, 10)",,2,False,,"(1, 19, 10)",e9a4a54b-53d2-4fef-b9a8-148a90b5c5ce,0,[]
415,failed,"['05Dec@2', '02Ind@1']","['DecentralizingAgent', 'IndDecentralizingAgent']",19,18,AgentMechanismInterface,False,False,True,18,0.34048586402786896,0.95,False,False,"(1, 19, 10)",,2,False,,"(1, 19, 10)",9c85f109-9bd0-48e8-95a7-4ae9c5647dc6,0,[]
416,failed,"['04MyA@2', '03Buy@1']","['MyAgent', 'BuyCheapSellExpensiveAgent']",20,19,AgentMechanismInterface,False,False,True,2,0.08423105004476383,0.15,False,False,"(40, 30, 18)",,2,False,,"(40, 30, 18)",c5e4a90d-3231-4785-a0d3-bbf3666dcd15,0,[]
417,failed,"['00Dec@0', '03Buy@1']","['DecentralizingAgent', 'BuyCheapSellExpensiveAgent']",20,19,AgentMechanismInterface,False,False,True,2,0.2220304969814606,0.15,True,False,,,2,False,,"(4, 20, 13)",692eb214-2843-46dc-8331-2765fd0d7234,0,[]
418,failed,"['05Dec@2', '02Ind@1']","['DecentralizingAgent', 'IndDecentralizingAgent']",20,19,AgentMechanismInterface,False,False,True,2,0.29681632202118635,0.15,True,False,,,2,False,,"(22, 30, 18)",a2fbfde0-f368-4698-93fb-0df396142553,0,[]
419,failed,"['01Dec@0', '03Buy@1']","['DecentralizingAgent', 'BuyCheapSellExpensiveAgent']",20,19,AgentMechanismInterface,False,False,True,2,0.25737799797207117,0.15,True,False,,,2,False,,"(17, 20, 13)",50ccec59-4280-4d11-aa01-82c983a6c7cd,0,[]
420,failed,"['01Dec@0', '02Ind@1']","['DecentralizingAgent', 'IndDecentralizingAgent']",20,19,AgentMechanismInterface,False,False,True,17,0.23686222900869325,0.9,False,False,"(2, 24, 20)",,2,False,,"(2, 24, 20)",fa04c5ac-2c4f-4f73-9454-1f0fdffd11c9,0,"[('fa04c5ac-2c4f-4f73-9454-1f0fdffd11c9', (2, 24, 20))]"
421,failed,"['05Dec@2', '03Buy@1']","['DecentralizingAgent', 'BuyCheapSellExpensiveAgent']",20,19,AgentMechanismInterface,False,False,True,17,0.3796869749785401,0.9,False,False,"(8, 20, 9)",,2,False,,"(8, 20, 9)",22f2f6aa-7b7a-4423-9a70-50fbd4e3a98f,0,"[('22f2f6aa-7b7a-4423-9a70-50fbd4e3a98f', (8, 20, 9))]"
422,failed,"['02Ind@1', '04MyA@2']","['IndDecentralizingAgent', 'MyAgent']",20,19,AgentMechanismInterface,False,False,True,17,0.5857729249983095,0.9,False,False,"(28, 25, 28)",,2,False,,"(28, 25, 28)",2b1433df-f294-4535-9c0c-c10cf8993381,0,[]
423,failed,"['01Dec@0', '03Buy@1']","['DecentralizingAgent', 'BuyCheapSellExpensiveAgent']",20,19,AgentMechanismInterface,False,False,True,17,0.2864578730077483,0.9,True,False,,,2,False,,"(2, 24, 20)",64be6bde-73e4-4707-ae24-c0ce1c5822c5,0,"[('64be6bde-73e4-4707-ae24-c0ce1c5822c5', (2, 24, 20))]"
424,failed,"['00Dec@0', '03Buy@1']","['DecentralizingAgent', 'BuyCheapSellExpensiveAgent']",20,19,AgentMechanismInterface,False,False,True,17,0.4290125200059265,0.9,False,False,"(2, 30, 19)",,2,False,,"(2, 30, 19)",941b8a29-cd6f-44e9-8e0b-37120c5bec78,0,"[('941b8a29-cd6f-44e9-8e0b-37120c5bec78', (2, 30, 19))]"
425,failed,"['02Ind@1', '05Dec@2']","['IndDecentralizingAgent', 'DecentralizingAgent']",20,19,AgentMechanismInterface,False,False,True,17,0.421299232984893,0.9,False,False,"(28, 25, 28)",,2,False,,"(28, 25, 28)",c1094d2d-c3e5-4aed-8fae-916ba6ca3247,0,[]
426,failed,"['01Dec@0', '02Ind@1']","['DecentralizingAgent', 'IndDecentralizingAgent']",20,19,AgentMechanismInterface,False,False,True,17,0.325229940994177,0.9,False,False,"(13, 30, 20)",,2,False,,"(13, 30, 20)",cca0cbb7-d3b0-4517-9878-41a693bfb53b,0,[]
427,failed,"['05Dec@2', '03Buy@1']","['DecentralizingAgent', 'BuyCheapSellExpensiveAgent']",20,19,AgentMechanismInterface,False,False,True,17,0.44378156203310937,0.9,False,False,"(10, 28, 10)",,2,False,,"(10, 28, 10)",953d2605-b288-4a31-85d8-14d4e1526c53,0,"[('953d2605-b288-4a31-85d8-14d4e1526c53', (10, 28, 10))]"
428,failed,"['01Dec@0', '03Buy@1']","['DecentralizingAgent', 'BuyCheapSellExpensiveAgent']",20,19,AgentMechanismInterface,False,False,True,17,0.3715078009990975,0.9,True,False,,,2,False,,"(13, 25, 19)",af4697cb-7cee-4c97-9e29-db03db679439,0,[]
429,failed,"['05Dec@2', '02Ind@1']","['DecentralizingAgent', 'IndDecentralizingAgent']",20,19,AgentMechanismInterface,False,False,True,17,0.5953651040326804,0.9,True,False,,,2,False,,"(10, 21, 9)",9fac3e28-f9c4-4c6a-ba47-964b11876994,0,"[('9fac3e28-f9c4-4c6a-ba47-964b11876994', (10, 21, 9))]"
430,failed,"['05Dec@2', '02Ind@1']","['DecentralizingAgent', 'IndDecentralizingAgent']",20,19,AgentMechanismInterface,False,False,True,17,0.5711387749761343,0.9,True,False,,,2,False,,"(8, 20, 11)",d29582da-21b6-41e7-ac56-9fb3c673c8a0,0,[]
431,failed,"['00Dec@0', '02Ind@1']","['DecentralizingAgent', 'IndDecentralizingAgent']",20,19,AgentMechanismInterface,False,False,True,17,0.39584096701582894,0.9,True,False,,,2,False,,"(2, 25, 20)",b2215c06-c4c6-41e3-a35b-10a7437a6b36,0,"[('b2215c06-c4c6-41e3-a35b-10a7437a6b36', (2, 25, 20))]"
432,failed,"['04MyA@2', '02Ind@1']","['MyAgent', 'IndDecentralizingAgent']",21,20,AgentMechanismInterface,False,False,True,2,0.14136048802174628,0.15,False,False,"(42, 31, 18)",,2,False,,"(42, 31, 18)",c7044272-4791-4cf0-b5d7-850e906d0566,0,[]
433,failed,"['05Dec@2', '03Buy@1']","['DecentralizingAgent', 'BuyCheapSellExpensiveAgent']",21,20,AgentMechanismInterface,False,False,True,2,0.23246100899996236,0.15,True,False,,,2,False,,"(22, 30, 18)",a7f81500-5420-4b0b-b867-1bbf284eb0ab,0,[]
434,failed,"['05Dec@2', '03Buy@1']","['DecentralizingAgent', 'BuyCheapSellExpensiveAgent']",21,20,AgentMechanismInterface,False,False,True,17,0.36955719301477075,0.9,False,False,"(8, 21, 9)",,2,False,,"(8, 21, 9)",84808604-3251-4257-bf54-11ee59fd4191,0,"[('84808604-3251-4257-bf54-11ee59fd4191', (8, 21, 9))]"
435,failed,"['05Dec@2', '02Ind@1']","['DecentralizingAgent', 'IndDecentralizingAgent']",21,20,AgentMechanismInterface,False,False,True,17,0.427076636988204,0.9,False,False,"(10, 28, 10)",,2,False,,"(10, 28, 10)",4b832b47-5152-463c-8b20-399601065b3b,0,"[('4b832b47-5152-463c-8b20-399601065b3b', (10, 28, 10))]"
436,failed,"['05Dec@2', '03Buy@1']","['DecentralizingAgent', 'BuyCheapSellExpensiveAgent']",21,20,AgentMechanismInterface,False,False,True,17,0.2271889789844863,0.9,False,False,"(12, 30, 10)",,2,False,,"(12, 30, 10)",8cca591d-c3de-4db2-b00c-8682e4ab572b,0,"[('8cca591d-c3de-4db2-b00c-8682e4ab572b', (12, 30, 10))]"
437,failed,"['01Dec@0', '03Buy@1']","['DecentralizingAgent', 'BuyCheapSellExpensiveAgent']",21,20,AgentMechanismInterface,False,False,True,17,0.4779129230300896,0.9,False,False,"(13, 25, 19)",,2,False,,"(13, 25, 19)",446eab43-b448-4b62-9613-02aa015b068c,0,[]
438,failed,"['00Dec@0', '03Buy@1']","['DecentralizingAgent', 'BuyCheapSellExpensiveAgent']",21,20,AgentMechanismInterface,False,False,True,17,0.36510561901377514,0.9,False,False,"(14, 31, 20)",,2,False,,"(14, 31, 20)",796de57a-25dc-400f-96a8-68c752984ea3,0,[]
439,failed,"['00Dec@0', '02Ind@1']","['DecentralizingAgent', 'IndDecentralizingAgent']",21,20,AgentMechanismInterface,False,False,True,17,0.47591433400521055,0.9,True,False,,,2,False,,"(14, 26, 19)",f4f1d972-37da-46bc-a766-e1317154585e,0,[]
440,failed,"['01Dec@0', '02Ind@1']","['DecentralizingAgent', 'IndDecentralizingAgent']",21,20,AgentMechanismInterface,False,False,True,17,0.5295557959470898,0.9,False,False,"(16, 30, 20)",,2,False,,"(16, 30, 20)",71a3f0a5-691d-4d95-92a5-7ebfea00372e,0,[]
441,failed,"['01Dec@0', '02Ind@1']","['DecentralizingAgent', 'IndDecentralizingAgent']",21,20,AgentMechanismInterface,False,False,True,17,0.30285563302459195,0.9,True,False,,,2,False,,"(13, 25, 19)",9ad6020b-bc52-4625-aea5-bf1ced32748d,0,[]
442,failed,"['05Dec@2', '03Buy@1']","['DecentralizingAgent', 'BuyCheapSellExpensiveAgent']",21,20,AgentMechanismInterface,False,False,True,17,0.6078542969771661,0.9,True,False,,,2,False,,"(10, 22, 9)",3dce6d63-9807-41c0-a721-a535c922fbe5,0,"[('3dce6d63-9807-41c0-a721-a535c922fbe5', (10, 22, 9))]"
443,failed,"['02Ind@1', '00Dec@0']","['IndDecentralizingAgent', 'DecentralizingAgent']",21,20,AgentMechanismInterface,False,False,True,17,0.41410537203773856,0.9,False,False,"(3, 25, 7)",,2,False,,"(3, 25, 7)",f22241d7-13a3-49a5-9c5e-d5d88d6a2e5a,0,"[('f22241d7-13a3-49a5-9c5e-d5d88d6a2e5a', (3, 25, 7))]"
444,failed,"['01Dec@0', '03Buy@1']","['DecentralizingAgent', 'BuyCheapSellExpensiveAgent']",21,20,AgentMechanismInterface,False,False,True,17,0.30828709399793297,0.9,False,False,"(16, 30, 20)",,2,False,,"(16, 30, 20)",4dd86ff5-8645-4275-8258-5518b693fa22,0,[]
445,failed,"['00Dec@0', '02Ind@1']","['DecentralizingAgent', 'IndDecentralizingAgent']",21,20,AgentMechanismInterface,False,False,True,17,0.5817437240038998,0.9,False,False,"(2, 30, 19)",,2,False,,"(2, 30, 19)",6ec24f7c-7a3a-4bc5-a379-11841374280e,0,"[('6ec24f7c-7a3a-4bc5-a379-11841374280e', (2, 30, 19))]"
446,failed,"['01Dec@0', '03Buy@1']","['DecentralizingAgent', 'BuyCheapSellExpensiveAgent']",21,20,AgentMechanismInterface,False,False,True,17,0.5494327489868738,0.9,False,False,"(2, 29, 19)",,2,False,,"(2, 29, 19)",bb5ebab1-6582-47f8-8ff4-cf95075dbd4f,0,"[('bb5ebab1-6582-47f8-8ff4-cf95075dbd4f', (2, 29, 19))]"
447,failed,"['00Dec@0', '03Buy@1']","['DecentralizingAgent', 'BuyCheapSellExpensiveAgent']",21,20,AgentMechanismInterface,False,False,True,17,0.5919716479838826,0.9,True,False,,,2,False,,"(2, 30, 18)",fccd3077-887e-4bca-ae3e-26f7af944dff,0,[]
448,failed,"['05Dec@2', '02Ind@1']","['DecentralizingAgent', 'IndDecentralizingAgent']",21,20,AgentMechanismInterface,False,False,True,17,0.33236706000752747,0.9,True,False,,,2,False,,"(8, 21, 11)",83dd360a-3a4f-4723-9f66-048a1a816173,0,[]
449,failed,"['05Dec@2', '02Ind@1']","['DecentralizingAgent', 'IndDecentralizingAgent']",21,20,AgentMechanismInterface,False,False,True,17,0.7029144150437787,0.9,True,False,,,2,False,,"(12, 22, 9)",dea22857-b4b8-413a-8182-f5dd856fc936,0,"[('dea22857-b4b8-413a-8182-f5dd856fc936', (12, 22, 9))]"
450,failed,"['01Dec@0', '02Ind@1']","['DecentralizingAgent', 'IndDecentralizingAgent']",21,20,AgentMechanismInterface,False,False,True,17,0.7200993269798346,0.9,True,False,,,2,False,,"(2, 29, 18)",d3ce2860-4d41-4c3b-aed6-1fe1dfc03c70,0,[]
451,failed,"['02Ind@1', '00Dec@0']","['IndDecentralizingAgent', 'DecentralizingAgent']",22,21,AgentMechanismInterface,False,False,True,2,0.10207564401207492,0.15,True,False,,,2,False,,"(5, 22, 1)",76f1d773-52a0-4538-a4a8-2d9051695494,0,[]
452,failed,"['00Dec@0', '03Buy@1']","['DecentralizingAgent', 'BuyCheapSellExpensiveAgent']",22,21,AgentMechanismInterface,False,False,True,2,0.2660782699822448,0.15,True,False,,,2,False,,,4e398abf-435c-4322-b085-3f38a6cceb4d,0,[]
453,failed,"['05Dec@2', '03Buy@1']","['DecentralizingAgent', 'BuyCheapSellExpensiveAgent']",22,21,AgentMechanismInterface,False,False,True,2,0.24948855600086972,0.15,True,False,,,2,False,,,14a151e7-0e9e-4dcd-ab98-b7fbd6e7d46a,0,[]
454,failed,"['00Dec@0', '03Buy@1']","['DecentralizingAgent', 'BuyCheapSellExpensiveAgent']",22,21,AgentMechanismInterface,False,False,True,17,0.6382386480108835,0.9,False,False,"(15, 28, 19)",,2,False,,"(15, 28, 19)",96b6aa2c-197d-41d9-a47f-ac1722f6bb04,0,[]
455,failed,"['01Dec@0', '03Buy@1']","['DecentralizingAgent', 'BuyCheapSellExpensiveAgent']",22,21,AgentMechanismInterface,False,False,True,17,0.5489717570017092,0.9,False,False,"(15, 31, 20)",,2,False,,"(15, 31, 20)",f43b5077-5614-4a5b-aa3e-621ac7f4f1cb,0,[]
456,failed,"['02Ind@1', '04MyA@2']","['IndDecentralizingAgent', 'MyAgent']",22,21,AgentMechanismInterface,False,False,True,17,0.3520039460272528,0.9,False,False,"(2, 32, 27)",,2,False,,"(2, 32, 27)",ae7fe5f2-78ef-4e6e-9346-3863cb887195,0,"[('ae7fe5f2-78ef-4e6e-9346-3863cb887195', (2, 32, 27))]"
457,failed,"['03Buy@1', '00Dec@0']","['BuyCheapSellExpensiveAgent', 'DecentralizingAgent']",22,21,AgentMechanismInterface,False,False,True,17,0.45596147497417405,0.9,False,False,"(5, 22, 7)",,2,False,,"(5, 22, 7)",5b8a71cb-c25a-4b38-8212-da1f079e58de,0,"[('5b8a71cb-c25a-4b38-8212-da1f079e58de', (5, 22, 7))]"
458,failed,"['00Dec@0', '03Buy@1']","['DecentralizingAgent', 'BuyCheapSellExpensiveAgent']",22,21,AgentMechanismInterface,False,False,True,17,0.5709606009768322,0.9,False,False,"(14, 31, 20)",,2,False,,"(14, 31, 20)",3354ca1d-b07a-4212-8bf2-3496fb0ba5d0,0,[]
459,failed,"['00Dec@0', '02Ind@1']","['DecentralizingAgent', 'IndDecentralizingAgent']",22,21,AgentMechanismInterface,False,False,True,17,0.7393312370404601,0.9,True,False,,,2,False,,"(15, 28, 19)",f31b6ce7-df8d-40a8-ae01-8c470b3ff167,0,[]
460,failed,"['05Dec@2', '02Ind@1']","['DecentralizingAgent', 'IndDecentralizingAgent']",22,21,AgentMechanismInterface,False,False,True,17,0.5299935070215724,0.9,False,False,"(9, 22, 9)",,2,False,,"(9, 22, 9)",56caa4d1-8aaa-428c-a4d0-96e35a1eb935,0,"[('56caa4d1-8aaa-428c-a4d0-96e35a1eb935', (9, 22, 9))]"
461,failed,"['01Dec@0', '02Ind@1']","['DecentralizingAgent', 'IndDecentralizingAgent']",22,21,AgentMechanismInterface,False,False,True,17,0.7033203310566023,0.9,False,False,"(2, 24, 20)",,2,False,,"(2, 24, 20)",dd6263cb-d167-4848-9938-5fcc1b42be5d,0,"[('dd6263cb-d167-4848-9938-5fcc1b42be5d', (2, 24, 20))]"
462,failed,"['01Dec@0', '03Buy@1']","['DecentralizingAgent', 'BuyCheapSellExpensiveAgent']",22,21,AgentMechanismInterface,False,False,True,17,0.5047201010165736,0.9,False,False,"(13, 25, 19)",,2,False,,"(13, 25, 19)",d86cf343-7999-447f-883e-d9c1d4a007f1,0,[]
463,failed,"['05Dec@2', '02Ind@1']","['DecentralizingAgent', 'IndDecentralizingAgent']",22,21,AgentMechanismInterface,False,False,True,17,0.4340222930186428,0.9,False,False,"(12, 31, 10)",,2,False,,"(12, 31, 10)",30206f22-ede1-466e-968b-25f1450c7864,0,"[('30206f22-ede1-466e-968b-25f1450c7864', (12, 31, 10))]"
464,failed,"['01Dec@0', '03Buy@1']","['DecentralizingAgent', 'BuyCheapSellExpensiveAgent']",22,21,AgentMechanismInterface,False,False,True,17,0.46101252594962716,0.9,True,False,,,2,False,,"(2, 24, 20)",c7e50576-8f52-4e86-a29d-eb4c0e1539c2,0,"[('c7e50576-8f52-4e86-a29d-eb4c0e1539c2', (2, 24, 20))]"
465,failed,"['01Dec@0', '02Ind@1']","['DecentralizingAgent', 'IndDecentralizingAgent']",22,21,AgentMechanismInterface,False,False,True,17,0.42694383597699925,0.9,False,False,"(13, 30, 20)",,2,False,,"(13, 30, 20)",871b9bbe-e752-4136-b3eb-690c7e151734,0,[]
466,failed,"['05Dec@2', '03Buy@1']","['DecentralizingAgent', 'BuyCheapSellExpensiveAgent']",22,21,AgentMechanismInterface,False,False,True,17,0.7095330099691637,0.9,True,False,,,2,False,,"(12, 22, 9)",ade9cda6-6905-4ecb-85df-e4c05d885f38,0,"[('ade9cda6-6905-4ecb-85df-e4c05d885f38', (12, 22, 9))]"
467,failed,"['05Dec@2', '03Buy@1']","['DecentralizingAgent', 'BuyCheapSellExpensiveAgent']",22,21,AgentMechanismInterface,False,False,True,17,0.4966380809783004,0.9,False,False,"(9, 22, 9)",,2,False,,"(9, 22, 9)",264dbe00-bd77-4df0-a8a3-63527f1895ab,0,"[('264dbe00-bd77-4df0-a8a3-63527f1895ab', (9, 22, 9))]"
468,failed,"['03Buy@1', '01Dec@0']","['BuyCheapSellExpensiveAgent', 'DecentralizingAgent']",22,21,AgentMechanismInterface,False,False,True,17,0.48123428504914045,0.9,False,False,"(10, 26, 6)",,2,False,,"(10, 26, 6)",856ec9f2-944a-4d07-a3d5-dcb53df48aae,0,[]
469,failed,"['00Dec@0', '02Ind@1']","['DecentralizingAgent', 'IndDecentralizingAgent']",22,21,AgentMechanismInterface,False,False,True,17,0.5125337420031428,0.9,False,False,"(14, 31, 20)",,2,False,,"(14, 31, 20)",bc28e769-7864-4af6-9a92-6b47b151026b,0,[]
470,failed,"['05Dec@2', '03Buy@1']","['DecentralizingAgent', 'BuyCheapSellExpensiveAgent']",22,21,AgentMechanismInterface,False,False,True,17,0.4442618549801409,0.9,False,False,"(10, 29, 10)",,2,False,,"(10, 29, 10)",e5629873-3c48-431e-b4c5-9dd39a6a0dcb,0,"[('e5629873-3c48-431e-b4c5-9dd39a6a0dcb', (10, 29, 10))]"
471,failed,"['02Ind@1', '05Dec@2']","['IndDecentralizingAgent', 'DecentralizingAgent']",22,21,AgentMechanismInterface,False,False,True,17,0.43523008201736957,0.9,False,False,"(2, 32, 27)",,2,False,,"(2, 32, 27)",08bc0f7b-642e-4bcf-ac3d-03e2b82e2b50,0,"[('08bc0f7b-642e-4bcf-ac3d-03e2b82e2b50', (2, 32, 27))]"
472,failed,"['00Dec@0', '02Ind@1']","['DecentralizingAgent', 'IndDecentralizingAgent']",22,21,AgentMechanismInterface,False,False,True,17,0.618242436030414,0.9,False,False,"(2, 30, 19)",,2,False,,"(2, 30, 19)",23c1b13c-2a0f-4ea6-807a-2ae2b8dad17b,0,"[('23c1b13c-2a0f-4ea6-807a-2ae2b8dad17b', (2, 30, 19))]"
473,failed,"['01Dec@0', '02Ind@1']","['DecentralizingAgent', 'IndDecentralizingAgent']",22,21,AgentMechanismInterface,False,False,True,17,0.47280642203986645,0.9,True,False,,,2,False,,"(15, 28, 19)",6e4b62bc-5a46-4a53-89b6-554c03929c6b,0,[]
474,failed,"['02Ind@1', '01Dec@0']","['IndDecentralizingAgent', 'DecentralizingAgent']",22,21,AgentMechanismInterface,False,False,True,17,0.6199854239821434,0.9,False,False,"(3, 26, 7)",,2,False,,"(3, 26, 7)",2df83186-bf5a-4846-94d6-e715a41f2055,0,"[('2df83186-bf5a-4846-94d6-e715a41f2055', (3, 26, 7))]"
475,failed,"['00Dec@0', '03Buy@1']","['DecentralizingAgent', 'BuyCheapSellExpensiveAgent']",22,21,AgentMechanismInterface,False,False,True,17,0.720434637973085,0.9,True,False,,,2,False,,"(2, 30, 18)",5fff0b07-05cf-4b4e-bf76-4e60e02957f1,0,[]
476,failed,"['05Dec@2', '02Ind@1']","['DecentralizingAgent', 'IndDecentralizingAgent']",22,21,AgentMechanismInterface,False,False,True,17,0.8228915360523388,0.9,True,False,,,2,False,,"(10, 23, 11)",3f211142-8c82-4237-8fe0-1d3c619c992b,0,[]
477,failed,"['05Dec@2', '02Ind@1']","['DecentralizingAgent', 'IndDecentralizingAgent']",23,22,AgentMechanismInterface,False,False,True,2,0.43246010603616014,0.15,False,False,"(49, 33, 18)",,2,False,,"(49, 33, 18)",d1b4bb6a-b3ab-41d2-8dfa-0425efd7cb50,0,"[('d1b4bb6a-b3ab-41d2-8dfa-0425efd7cb50', (49, 33, 18))]"
478,failed,"['00Dec@0', '03Buy@1']","['DecentralizingAgent', 'BuyCheapSellExpensiveAgent']",23,22,AgentMechanismInterface,False,False,True,2,0.5825142590329051,0.15,True,False,,,2,False,,"(5, 23, 13)",a015ccc2-eb4e-4b8e-b6de-8220aa0d27b3,0,[]
479,failed,"['05Dec@2', '03Buy@1']","['DecentralizingAgent', 'BuyCheapSellExpensiveAgent']",23,22,AgentMechanismInterface,False,False,True,2,0.07725455897161737,0.15,True,False,,,2,False,,,7def49b2-6555-4646-b3fc-14cf390a8ba6,0,[]
480,failed,"['01Dec@0', '02Ind@1']","['DecentralizingAgent', 'IndDecentralizingAgent']",23,22,AgentMechanismInterface,False,False,True,2,0.595792098029051,0.15,False,False,"(15, 23, 13)",,2,False,,"(15, 23, 13)",dae26f8f-5b18-4719-887a-98d660ca5cc7,0,"[('dae26f8f-5b18-4719-887a-98d660ca5cc7', (15, 23, 13))]"
481,failed,"['04MyA@2', '03Buy@1']","['MyAgent', 'BuyCheapSellExpensiveAgent']",23,22,AgentMechanismInterface,False,False,True,2,0.21654986700741574,0.15,False,False,"(68, 33, 18)",,2,False,,"(68, 33, 18)",2ea50cbe-9315-487b-ad86-31981cf22ee2,0,[]
482,failed,"['00Dec@0', '02Ind@1']","['DecentralizingAgent', 'IndDecentralizingAgent']",23,22,AgentMechanismInterface,False,False,True,2,0.5192850769963115,0.15,True,False,,,2,False,,,396fa7d6-3143-4724-94ef-c9aaa2789df3,0,[]
483,failed,"['02Ind@1', '01Dec@0']","['IndDecentralizingAgent', 'DecentralizingAgent']",23,22,AgentMechanismInterface,False,False,True,2,0.30085742799565196,0.15,True,False,,,2,False,,"(5, 23, 1)",6d33a00c-2da1-42be-a700-b687dc88f6d4,0,[]
484,failed,"['00Dec@0', '02Ind@1']","['DecentralizingAgent', 'IndDecentralizingAgent']",23,22,AgentMechanismInterface,False,False,True,17,0.45333738799672574,0.9,False,False,"(2, 30, 19)",,2,False,,"(2, 30, 19)",6688fa5e-e402-4173-b2be-dc6c7a83743e,0,"[('6688fa5e-e402-4173-b2be-dc6c7a83743e', (2, 30, 19))]"
485,failed,"['05Dec@2', '02Ind@1']","['DecentralizingAgent', 'IndDecentralizingAgent']",23,22,AgentMechanismInterface,False,False,True,17,0.44184196897549555,0.9,False,False,"(12, 23, 9)",,2,False,,"(12, 23, 9)",76cf240a-436d-46c8-84da-000c66cfce28,0,"[('76cf240a-436d-46c8-84da-000c66cfce28', (12, 23, 9))]"
486,failed,"['00Dec@0', '03Buy@1']","['DecentralizingAgent', 'BuyCheapSellExpensiveAgent']",23,22,AgentMechanismInterface,False,False,True,17,0.45493961399188265,0.9,False,False,"(13, 28, 19)",,2,False,,"(13, 28, 19)",c16473e8-db65-47c5-a4a6-b683fa2743a1,0,[]
487,failed,"['05Dec@2', '03Buy@1']","['DecentralizingAgent', 'BuyCheapSellExpensiveAgent']",23,22,AgentMechanismInterface,False,False,True,17,0.5178044610074721,0.9,True,False,,,2,False,,"(12, 23, 9)",420b40e8-5b27-4f0d-a408-e3567a75c648,0,"[('420b40e8-5b27-4f0d-a408-e3567a75c648', (12, 23, 9))]"
488,failed,"['01Dec@0', '03Buy@1']","['DecentralizingAgent', 'BuyCheapSellExpensiveAgent']",23,22,AgentMechanismInterface,False,False,True,17,0.5375373580027372,0.9,False,False,"(15, 31, 20)",,2,False,,"(15, 31, 20)",df1a96c5-e34b-4cdb-bd35-e56061b3afc7,0,[]
489,failed,"['00Dec@0', '03Buy@1']","['DecentralizingAgent', 'BuyCheapSellExpensiveAgent']",23,22,AgentMechanismInterface,False,False,True,17,0.8460025319945998,0.9,True,False,,,2,False,,"(2, 25, 20)",df7ff457-cf72-4eeb-aca9-cc943c071dd8,0,"[('df7ff457-cf72-4eeb-aca9-cc943c071dd8', (2, 25, 20))]"
490,failed,"['03Buy@1', '00Dec@0']","['BuyCheapSellExpensiveAgent', 'DecentralizingAgent']",23,22,AgentMechanismInterface,False,False,True,17,0.5926129840081558,0.9,False,False,"(17, 27, 6)",,2,False,,"(17, 27, 6)",e635d450-10b9-45cf-8ec3-7fffb49d9051,0,[]
491,failed,"['00Dec@0', '03Buy@1']","['DecentralizingAgent', 'BuyCheapSellExpensiveAgent']",23,22,AgentMechanismInterface,False,False,True,17,0.8749494490330108,0.9,False,False,"(15, 28, 19)",,2,False,,"(15, 28, 19)",ca63074e-85b2-421a-ba9e-502e0d8f61f3,0,[]
492,failed,"['02Ind@1', '00Dec@0']","['IndDecentralizingAgent', 'DecentralizingAgent']",23,22,AgentMechanismInterface,False,False,True,17,0.836759561963845,0.9,False,False,"(3, 27, 7)",,2,False,,"(3, 27, 7)",3997afd7-f32d-44da-87d3-118134b2a4ca,0,"[('3997afd7-f32d-44da-87d3-118134b2a4ca', (3, 27, 7))]"
493,failed,"['02Ind@1', '05Dec@2']","['IndDecentralizingAgent', 'DecentralizingAgent']",23,22,AgentMechanismInterface,False,False,True,17,0.8228214789996855,0.9,False,False,"(2, 33, 27)",,2,False,,"(2, 33, 27)",172ec312-0dfa-43c7-bdc5-0a98f63dc47c,0,"[('172ec312-0dfa-43c7-bdc5-0a98f63dc47c', (2, 33, 27))]"
494,failed,"['02Ind@1', '04MyA@2']","['IndDecentralizingAgent', 'MyAgent']",23,22,AgentMechanismInterface,False,False,True,17,0.6773905170266517,0.9,False,False,"(2, 28, 27)",,2,False,,"(2, 28, 27)",b21b014b-68ed-4a01-a435-27de18b30a42,0,"[('b21b014b-68ed-4a01-a435-27de18b30a42', (2, 28, 27))]"
495,failed,"['03Buy@1', '01Dec@0']","['BuyCheapSellExpensiveAgent', 'DecentralizingAgent']",23,22,AgentMechanismInterface,False,False,True,17,0.8303528569522314,0.9,False,False,"(17, 27, 6)",,2,False,,"(17, 27, 6)",3c0f6acd-aca1-42ba-82ea-09df2ba2910a,0,[]
496,failed,"['01Dec@0', '03Buy@1']","['DecentralizingAgent', 'BuyCheapSellExpensiveAgent']",23,22,AgentMechanismInterface,False,False,True,17,0.8586328739766032,0.9,False,False,"(15, 32, 20)",,2,False,,"(15, 32, 20)",58ae4f44-09bb-42cb-bd5f-d469de58ae8b,0,[]
497,failed,"['01Dec@0', '03Buy@1']","['DecentralizingAgent', 'BuyCheapSellExpensiveAgent']",23,22,AgentMechanismInterface,False,False,True,17,0.9007245490211062,0.9,False,False,"(2, 24, 20)",,2,False,,"(2, 24, 20)",6a35f828-3f0f-44a2-ac51-8e535be87250,0,"[('6a35f828-3f0f-44a2-ac51-8e535be87250', (2, 24, 20))]"
498,failed,"['00Dec@0', '02Ind@1']","['DecentralizingAgent', 'IndDecentralizingAgent']",23,22,AgentMechanismInterface,False,False,True,17,0.810422207985539,0.9,True,False,,,2,False,,"(15, 28, 19)",04a5413b-a3c9-488f-8db4-23e17f6eb518,0,[]
499,failed,"['01Dec@0', '02Ind@1']","['DecentralizingAgent', 'IndDecentralizingAgent']",23,22,AgentMechanismInterface,False,False,True,17,0.84313137200661,0.9,True,False,,,2,False,,"(15, 29, 19)",ba13de22-b3b7-454f-b13b-8d501b691747,0,[]
500,failed,"['01Dec@0', '02Ind@1']","['DecentralizingAgent', 'IndDecentralizingAgent']",23,22,AgentMechanismInterface,False,False,True,17,0.6231830060132779,0.9,True,False,,,2,False,,"(2, 24, 20)",c814afbd-0034-4335-8502-7686c0dc15a4,0,"[('c814afbd-0034-4335-8502-7686c0dc15a4', (2, 24, 20))]"
501,failed,"['01Dec@0', '02Ind@1']","['DecentralizingAgent', 'IndDecentralizingAgent']",23,22,AgentMechanismInterface,False,False,True,17,0.7079355950118043,0.9,False,False,"(15, 31, 20)",,2,False,,"(15, 31, 20)",9871fbcc-8b5c-48fc-8b46-a1e82e1833a6,0,[]
502,failed,"['00Dec@0', '02Ind@1']","['DecentralizingAgent', 'IndDecentralizingAgent']",23,22,AgentMechanismInterface,False,False,True,17,0.9681767119909637,0.9,True,False,,,2,False,,"(13, 28, 19)",d2b73045-d3db-4e86-86e0-adc44b1f072a,0,[]
503,failed,"['05Dec@2', '02Ind@1']","['DecentralizingAgent', 'IndDecentralizingAgent']",24,23,AgentMechanismInterface,False,False,True,2,0.4065830420004204,0.15,True,False,,,2,False,,"(22, 30, 18)",88268925-8d83-4216-b92b-a9ab127ea352,0,[]
504,failed,"['00Dec@0', '02Ind@1']","['DecentralizingAgent', 'IndDecentralizingAgent']",24,23,AgentMechanismInterface,False,False,True,2,0.1855304460041225,0.15,True,False,,,2,False,,"(5, 24, 13)",23cecdf5-123d-4f26-b7f8-1cde2e7f20a0,0,[]
505,failed,"['05Dec@2', '02Ind@1']","['DecentralizingAgent', 'IndDecentralizingAgent']",24,23,AgentMechanismInterface,False,False,True,2,0.25873863097513095,0.15,False,False,"(26, 34, 18)",,2,False,,"(26, 34, 18)",c969b4f3-13e9-4882-9aff-5a608bafb99a,0,"[('c969b4f3-13e9-4882-9aff-5a608bafb99a', (26, 34, 18))]"
506,failed,"['04MyA@2', '03Buy@1']","['MyAgent', 'BuyCheapSellExpensiveAgent']",24,23,AgentMechanismInterface,False,False,True,2,0.602796712948475,0.15,False,False,"(68, 34, 18)",,2,False,,"(68, 34, 18)",73acb3a4-e231-440e-8f74-393396da973e,0,"[('73acb3a4-e231-440e-8f74-393396da973e', (68, 34, 18))]"
507,failed,"['00Dec@0', '03Buy@1']","['DecentralizingAgent', 'BuyCheapSellExpensiveAgent']",24,23,AgentMechanismInterface,False,False,True,2,0.2737814079737291,0.15,True,False,,,2,False,,,5701e046-72e7-4936-b317-20ca6ac95f69,0,[]
508,failed,"['00Dec@0', '02Ind@1']","['DecentralizingAgent', 'IndDecentralizingAgent']",24,23,AgentMechanismInterface,False,False,True,2,0.19827093201456591,0.15,True,False,,,2,False,,"(1, 24, 13)",7ddd2c3a-68eb-4525-82be-aa58a09e4d6d,0,[]
509,failed,"['02Ind@1', '04MyA@2']","['IndDecentralizingAgent', 'MyAgent']",24,23,AgentMechanismInterface,False,False,True,17,0.4913875950151123,0.9,False,False,"(2, 29, 27)",,2,False,,"(2, 29, 27)",2de73e6d-ef48-4a6a-8b43-60a7085094ee,0,"[('2de73e6d-ef48-4a6a-8b43-60a7085094ee', (2, 29, 27))]"
510,failed,"['05Dec@2', '02Ind@1']","['DecentralizingAgent', 'IndDecentralizingAgent']",24,23,AgentMechanismInterface,False,False,True,17,0.4003064910066314,0.9,False,False,"(12, 24, 9)",,2,False,,"(12, 24, 9)",a09b19f0-2b0c-4ee0-80cf-a7343876a70b,0,"[('a09b19f0-2b0c-4ee0-80cf-a7343876a70b', (12, 24, 9))]"
511,failed,"['01Dec@0', '03Buy@1']","['DecentralizingAgent', 'BuyCheapSellExpensiveAgent']",24,23,AgentMechanismInterface,False,False,True,17,0.7069883869844489,0.9,False,False,"(11, 29, 19)",,2,False,,"(11, 29, 19)",f1044174-d2f5-4ee6-afb3-e54cf6b652ed,0,"[('f1044174-d2f5-4ee6-afb3-e54cf6b652ed', (11, 29, 19))]"
512,failed,"['00Dec@0', '02Ind@1']","['DecentralizingAgent', 'IndDecentralizingAgent']",24,23,AgentMechanismInterface,False,False,True,17,0.4398812669678591,0.9,False,False,"(15, 28, 19)",,2,False,,"(15, 28, 19)",a3bec266-1d8b-4702-b584-6370eaec1f84,0,[]
513,failed,"['00Dec@0', '03Buy@1']","['DecentralizingAgent', 'BuyCheapSellExpensiveAgent']",24,23,AgentMechanismInterface,False,False,True,17,0.35630197497084737,0.9,False,False,"(15, 31, 20)",,2,False,,"(15, 31, 20)",c3254c8a-ba59-4f74-8ed6-937f12e3aafe,0,[]
514,failed,"['05Dec@2', '03Buy@1']","['DecentralizingAgent', 'BuyCheapSellExpensiveAgent']",24,23,AgentMechanismInterface,False,False,True,17,0.4809565889881924,0.9,False,False,"(10, 24, 9)",,2,False,,"(10, 24, 9)",b36c1b1b-011d-4f13-80bb-61b62fbafadd,0,"[('b36c1b1b-011d-4f13-80bb-61b62fbafadd', (10, 24, 9))]"
515,failed,"['00Dec@0', '03Buy@1']","['DecentralizingAgent', 'BuyCheapSellExpensiveAgent']",24,23,AgentMechanismInterface,False,False,True,17,0.37398558598943055,0.9,False,False,"(13, 28, 19)",,2,False,,"(13, 28, 19)",fe9654dc-11b4-45ac-abe2-de238928dd02,0,[]
516,failed,"['00Dec@0', '02Ind@1']","['DecentralizingAgent', 'IndDecentralizingAgent']",24,23,AgentMechanismInterface,False,False,True,17,0.46987989998888224,0.9,True,False,,,2,False,,"(13, 28, 19)",1168f443-a475-49f0-af0b-ad8625d9bad4,0,[]
517,failed,"['00Dec@0', '02Ind@1']","['DecentralizingAgent', 'IndDecentralizingAgent']",24,23,AgentMechanismInterface,False,False,True,17,0.6982742520049214,0.9,False,False,"(2, 25, 20)",,2,False,,"(2, 25, 20)",027b7bb5-67b7-4cc0-933e-42949c3c7025,0,"[('027b7bb5-67b7-4cc0-933e-42949c3c7025', (2, 25, 20))]"
518,failed,"['02Ind@1', '01Dec@0']","['IndDecentralizingAgent', 'DecentralizingAgent']",24,23,AgentMechanismInterface,False,False,True,17,0.5074028869858012,0.9,False,False,"(3, 24, 7)",,2,False,,"(3, 24, 7)",9b1fa0f3-e4fd-4f43-90dc-ef3be8b87435,0,"[('9b1fa0f3-e4fd-4f43-90dc-ef3be8b87435', (3, 24, 7))]"
519,failed,"['01Dec@0', '02Ind@1']","['DecentralizingAgent', 'IndDecentralizingAgent']",24,23,AgentMechanismInterface,False,False,True,17,0.7064258850296028,0.9,False,False,"(15, 32, 20)",,2,False,,"(15, 32, 20)",73213fa4-7a58-40dc-98ae-2893c065a541,0,[]
520,failed,"['00Dec@0', '03Buy@1']","['DecentralizingAgent', 'BuyCheapSellExpensiveAgent']",24,23,AgentMechanismInterface,False,False,True,17,0.40701798198278993,0.9,False,False,"(15, 30, 19)",,2,False,,"(15, 30, 19)",d9cfbb6a-7647-46c6-8eb3-56be317f8db0,0,[]
521,failed,"['05Dec@2', '03Buy@1']","['DecentralizingAgent', 'BuyCheapSellExpensiveAgent']",24,23,AgentMechanismInterface,False,False,True,17,0.6964818260166794,0.9,False,False,"(1, 24, 10)",,2,False,,"(1, 24, 10)",1a9e6005-0540-4279-b633-6c8cedf93edc,0,"[('1a9e6005-0540-4279-b633-6c8cedf93edc', (1, 24, 10))]"
522,failed,"['01Dec@0', '03Buy@1']","['DecentralizingAgent', 'BuyCheapSellExpensiveAgent']",24,23,AgentMechanismInterface,False,False,True,17,0.8129769769730046,0.9,True,False,,,2,False,,"(15, 29, 19)",67d57623-8701-40a5-a453-4ab22cb08e76,0,[]
523,failed,"['00Dec@0', '03Buy@1']","['DecentralizingAgent', 'BuyCheapSellExpensiveAgent']",24,23,AgentMechanismInterface,False,False,True,17,0.7478179059689865,0.9,True,False,,,2,False,,"(2, 25, 20)",bbd1672b-1f5c-418e-98c2-f0ea93804746,0,"[('bbd1672b-1f5c-418e-98c2-f0ea93804746', (2, 25, 20))]"
524,failed,"['01Dec@0', '03Buy@1']","['DecentralizingAgent', 'BuyCheapSellExpensiveAgent']",24,23,AgentMechanismInterface,False,False,True,17,0.42098017799435183,0.9,False,False,"(2, 24, 20)",,2,False,,"(2, 24, 20)",e13a29f5-fb5a-455a-8e08-27cf49ee88c9,0,"[('e13a29f5-fb5a-455a-8e08-27cf49ee88c9', (2, 24, 20))]"
525,failed,"['05Dec@2', '03Buy@1']","['DecentralizingAgent', 'BuyCheapSellExpensiveAgent']",24,23,AgentMechanismInterface,False,False,True,17,0.7224497870192863,0.9,True,False,,,2,False,,"(12, 24, 9)",1d8637d0-c26c-46c0-b8bb-8800e7088240,0,"[('1d8637d0-c26c-46c0-b8bb-8800e7088240', (12, 24, 9))]"
526,failed,"['01Dec@0', '02Ind@1']","['DecentralizingAgent', 'IndDecentralizingAgent']",24,23,AgentMechanismInterface,False,False,True,17,0.5184668739675544,0.9,True,False,,,2,False,,"(11, 34, 20)",53787a1d-0215-476c-9c41-398748a532c6,0,"[('53787a1d-0215-476c-9c41-398748a532c6', (11, 34, 20))]"
527,failed,"['05Dec@2', '02Ind@1']","['DecentralizingAgent', 'IndDecentralizingAgent']",24,23,AgentMechanismInterface,False,False,True,17,0.7870365399867296,0.9,True,False,,,2,False,,"(10, 24, 9)",e2789d00-50de-4a49-94d9-13c6df60689e,0,"[('e2789d00-50de-4a49-94d9-13c6df60689e', (10, 24, 9))]"
528,failed,"['01Dec@0', '02Ind@1']","['DecentralizingAgent', 'IndDecentralizingAgent']",24,23,AgentMechanismInterface,False,False,True,17,0.6944103480200283,0.9,True,False,,,2,False,,"(2, 24, 20)",36deb10c-4ccb-4bbe-9df6-25370bffe78e,0,"[('36deb10c-4ccb-4bbe-9df6-25370bffe78e', (2, 24, 20))]"
529,failed,"['00Dec@0', '02Ind@1']","['DecentralizingAgent', 'IndDecentralizingAgent']",24,23,AgentMechanismInterface,False,False,True,17,0.7392058809637092,0.9,True,False,,,2,False,,"(15, 30, 19)",b8151f41-99b7-4678-8b12-028de210ef98,0,[]
530,failed,"['05Dec@2', '02Ind@1']","['DecentralizingAgent', 'IndDecentralizingAgent']",24,23,AgentMechanismInterface,False,False,True,17,0.8255562199628912,0.9,True,False,,,2,False,,"(1, 28, 9)",28379afe-c20a-42d9-9ab3-c963b4e92ddd,0,"[('28379afe-c20a-42d9-9ab3-c963b4e92ddd', (1, 28, 9))]"
531,failed,"['02Ind@1', '00Dec@0']","['IndDecentralizingAgent', 'DecentralizingAgent']",24,23,AgentMechanismInterface,False,False,True,17,0.6700809419853613,0.9,False,False,"(3, 24, 7)",,2,False,,"(3, 24, 7)",e7b7fdf2-0667-4490-bc55-7a52ed6df759,0,"[('e7b7fdf2-0667-4490-bc55-7a52ed6df759', (3, 24, 7))]"
532,failed,"['04MyA@2', '03Buy@1']","['MyAgent', 'BuyCheapSellExpensiveAgent']",25,24,AgentMechanismInterface,False,False,True,2,0.3361998660257086,0.15,False,False,"(68, 35, 18)",,2,False,,"(68, 35, 18)",d07e0059-ce7c-461a-b766-c13966dd3ad0,0,[]
533,failed,"['00Dec@0', '02Ind@1']","['DecentralizingAgent', 'IndDecentralizingAgent']",25,24,AgentMechanismInterface,False,False,True,2,0.05127081600949168,0.15,False,False,"(18, 25, 13)",,2,False,,"(18, 25, 13)",f928d5d9-8ff5-4bf0-b25e-d4e32922ef6e,0,"[('f928d5d9-8ff5-4bf0-b25e-d4e32922ef6e', (18, 25, 13))]"
534,failed,"['01Dec@0', '03Buy@1']","['DecentralizingAgent', 'BuyCheapSellExpensiveAgent']",25,24,AgentMechanismInterface,False,False,True,2,0.1633926370413974,0.15,False,False,"(56, 25, 13)",,2,False,,"(56, 25, 13)",1e14d007-6dc1-4e33-b2e4-7d9d96805499,0,"[('1e14d007-6dc1-4e33-b2e4-7d9d96805499', (56, 25, 13))]"
535,failed,"['05Dec@2', '02Ind@1']","['DecentralizingAgent', 'IndDecentralizingAgent']",25,24,AgentMechanismInterface,False,False,True,2,0.43446358799701557,0.15,True,False,,,2,False,,"(22, 30, 18)",de823caa-0b3d-4f17-a1d7-03655cf11118,0,[]
536,failed,"['00Dec@0', '03Buy@1']","['DecentralizingAgent', 'BuyCheapSellExpensiveAgent']",25,24,AgentMechanismInterface,False,False,True,2,0.03525882103713229,0.15,True,False,,,2,False,,"(1, 25, 13)",df5b6a61-d1f1-453d-83cd-586e0f8a6aca,0,[]
537,failed,"['00Dec@0', '03Buy@1']","['DecentralizingAgent', 'BuyCheapSellExpensiveAgent']",25,24,AgentMechanismInterface,False,False,True,2,0.2011652440414764,0.15,True,False,,,2,False,,,503a18e2-cf84-48f6-8e04-86d6798708c5,0,[]
538,failed,"['00Dec@0', '02Ind@1']","['DecentralizingAgent', 'IndDecentralizingAgent']",25,24,AgentMechanismInterface,False,False,True,2,0.20841719099553302,0.15,True,False,,,2,False,,"(5, 25, 13)",e3e9a7e2-b83f-451e-ac45-226776dfacad,0,[]
539,failed,"['05Dec@2', '02Ind@1']","['DecentralizingAgent', 'IndDecentralizingAgent']",25,24,AgentMechanismInterface,False,False,True,17,0.6385484409984201,0.9,False,False,"(1, 28, 9)",,2,False,,"(1, 28, 9)",fb1bd2cb-aab7-45c6-898a-963ae18732c7,0,"[('fb1bd2cb-aab7-45c6-898a-963ae18732c7', (1, 28, 9))]"
540,failed,"['05Dec@2', '03Buy@1']","['DecentralizingAgent', 'BuyCheapSellExpensiveAgent']",25,24,AgentMechanismInterface,False,False,True,17,0.6028461119858548,0.9,True,False,,,2,False,,"(1, 28, 11)",90e89121-44bf-4de5-b284-f38a8a2e6b6f,0,[]
541,failed,"['05Dec@2', '02Ind@1']","['DecentralizingAgent', 'IndDecentralizingAgent']",25,24,AgentMechanismInterface,False,False,True,17,0.6995801670127548,0.9,False,False,"(10, 31, 10)",,2,False,,"(10, 31, 10)",e3d4aa4d-b7de-4189-90b1-5086b468ea9d,0,"[('e3d4aa4d-b7de-4189-90b1-5086b468ea9d', (10, 31, 10))]"
542,failed,"['00Dec@0', '02Ind@1']","['DecentralizingAgent', 'IndDecentralizingAgent']",25,24,AgentMechanismInterface,False,False,True,17,0.2615653629763983,0.9,False,False,"(15, 33, 20)",,2,False,,"(15, 33, 20)",9a997f93-b4b3-49c9-9e17-81be4c812357,0,[]
543,failed,"['05Dec@2', '03Buy@1']","['DecentralizingAgent', 'BuyCheapSellExpensiveAgent']",25,24,AgentMechanismInterface,False,False,True,17,0.3505269640008919,0.9,False,False,"(12, 25, 9)",,2,False,,"(12, 25, 9)",d827ff8b-e8ed-4deb-a481-cc7d73109478,0,"[('d827ff8b-e8ed-4deb-a481-cc7d73109478', (12, 25, 9))]"
544,failed,"['01Dec@0', '03Buy@1']","['DecentralizingAgent', 'BuyCheapSellExpensiveAgent']",25,24,AgentMechanismInterface,False,False,True,17,0.43666266597574577,0.9,False,False,"(11, 34, 20)",,2,False,,"(11, 34, 20)",f49a7d87-e5dc-4a34-9867-3dc5356d5276,0,"[('f49a7d87-e5dc-4a34-9867-3dc5356d5276', (11, 34, 20))]"
545,failed,"['01Dec@0', '03Buy@1']","['DecentralizingAgent', 'BuyCheapSellExpensiveAgent']",25,24,AgentMechanismInterface,False,False,True,17,0.4128823250066489,0.9,False,False,"(15, 32, 20)",,2,False,,"(15, 32, 20)",87b30fef-a37c-4dfb-bc7f-ad6a4aa80423,0,[]
546,failed,"['02Ind@1', '04MyA@2']","['IndDecentralizingAgent', 'MyAgent']",25,24,AgentMechanismInterface,False,False,True,17,0.6706697030458599,0.9,False,False,"(2, 30, 27)",,2,False,,"(2, 30, 27)",17f22c83-acb7-46a2-bc6f-b981a60da53b,0,"[('17f22c83-acb7-46a2-bc6f-b981a60da53b', (2, 30, 27))]"
547,failed,"['00Dec@0', '03Buy@1']","['DecentralizingAgent', 'BuyCheapSellExpensiveAgent']",25,24,AgentMechanismInterface,False,False,True,17,0.3932339460006915,0.9,True,False,,,2,False,,"(15, 30, 19)",0cbaa6b3-c23a-4f27-b3f9-14b04812e519,0,[]
548,failed,"['00Dec@0', '03Buy@1']","['DecentralizingAgent', 'BuyCheapSellExpensiveAgent']",25,24,AgentMechanismInterface,False,False,True,17,0.304986531031318,0.9,False,False,"(2, 25, 20)",,2,False,,"(2, 25, 20)",ae35894d-d6a2-4693-9f0a-19055cd306c9,0,"[('ae35894d-d6a2-4693-9f0a-19055cd306c9', (2, 25, 20))]"
549,failed,"['01Dec@0', '02Ind@1']","['DecentralizingAgent', 'IndDecentralizingAgent']",25,24,AgentMechanismInterface,False,False,True,17,0.38910646399017423,0.9,True,False,,,2,False,,"(15, 29, 19)",e9ed58fb-58ac-424a-8675-38626eccef04,0,[]
550,failed,"['05Dec@2', '03Buy@1']","['DecentralizingAgent', 'BuyCheapSellExpensiveAgent']",25,24,AgentMechanismInterface,False,False,True,17,0.8382357549853623,0.9,False,False,"(12, 34, 10)",,2,False,,"(12, 34, 10)",230f91e2-d072-4edd-96b0-87549c027eb4,0,"[('230f91e2-d072-4edd-96b0-87549c027eb4', (12, 34, 10))]"
551,failed,"['00Dec@0', '02Ind@1']","['DecentralizingAgent', 'IndDecentralizingAgent']",25,24,AgentMechanismInterface,False,False,True,17,0.4284613649942912,0.9,True,False,,,2,False,,"(2, 30, 18)",6205c9cc-dc4f-4b7e-bbcf-23fe422bb71c,0,[]
552,failed,"['00Dec@0', '03Buy@1']","['DecentralizingAgent', 'BuyCheapSellExpensiveAgent']",25,24,AgentMechanismInterface,False,False,True,17,0.7271754009998403,0.9,False,False,"(2, 35, 19)",,2,False,,"(2, 35, 19)",ceffc3f6-4bda-4d49-999b-5dc9aedcbd23,0,"[('ceffc3f6-4bda-4d49-999b-5dc9aedcbd23', (2, 35, 19))]"
553,failed,"['01Dec@0', '02Ind@1']","['DecentralizingAgent', 'IndDecentralizingAgent']",25,24,AgentMechanismInterface,False,False,True,17,0.38642538798740134,0.9,True,False,,,2,False,,"(11, 34, 20)",886dd97f-f383-4fc3-8f60-e86c0069d941,0,"[('886dd97f-f383-4fc3-8f60-e86c0069d941', (11, 34, 20))]"
554,failed,"['00Dec@0', '02Ind@1']","['DecentralizingAgent', 'IndDecentralizingAgent']",25,24,AgentMechanismInterface,False,False,True,17,0.4016325340489857,0.9,True,False,,,2,False,,"(2, 30, 20)",4696584d-610e-4c96-811b-6e53260ad6e2,0,"[('4696584d-610e-4c96-811b-6e53260ad6e2', (2, 30, 20))]"
555,failed,"['05Dec@2', '02Ind@1']","['DecentralizingAgent', 'IndDecentralizingAgent']",25,24,AgentMechanismInterface,False,False,True,17,0.8120173839852214,0.9,True,False,,,2,False,,"(12, 25, 9)",ad9f694b-1eb0-4621-b11e-78b7f9823d06,0,"[('ad9f694b-1eb0-4621-b11e-78b7f9823d06', (12, 25, 9))]"
556,failed,"['05Dec@2', '02Ind@1']","['DecentralizingAgent', 'IndDecentralizingAgent']",25,24,AgentMechanismInterface,False,False,True,17,0.763830212992616,0.9,True,False,,,2,False,,"(12, 25, 9)",9fa9d85d-1145-4739-a7b4-15fe44dcf76d,0,"[('9fa9d85d-1145-4739-a7b4-15fe44dcf76d', (12, 25, 9))]"
557,failed,"['05Dec@2', '03Buy@1']","['DecentralizingAgent', 'BuyCheapSellExpensiveAgent']",25,24,AgentMechanismInterface,False,False,True,17,0.4224562649615109,0.9,True,False,,,2,False,,"(10, 25, 9)",39798ee7-9c09-4837-b4fb-4269cbe2f97d,0,"[('39798ee7-9c09-4837-b4fb-4269cbe2f97d', (10, 25, 9))]"
558,failed,"['00Dec@0', '03Buy@1']","['DecentralizingAgent', 'BuyCheapSellExpensiveAgent']",26,25,AgentMechanismInterface,False,False,True,2,0.005506271030753851,0.15,True,False,,,2,False,,,09f4c0ca-cbad-4fcb-ae91-2034edd24a72,0,[]
559,failed,"['00Dec@0', '03Buy@1']","['DecentralizingAgent', 'BuyCheapSellExpensiveAgent']",26,25,AgentMechanismInterface,False,False,True,2,0.33847106801113114,0.15,True,False,,,2,False,,,fa322e8d-0518-4e08-aba9-691696087d87,0,[]
560,failed,"['04MyA@2', '03Buy@1']","['MyAgent', 'BuyCheapSellExpensiveAgent']",26,25,AgentMechanismInterface,False,False,True,2,0.345093785028439,0.15,False,False,"(68, 36, 18)",,2,False,,"(68, 36, 18)",b7983c12-0dbc-410a-b253-9fb54de4c985,0,[]
561,failed,"['05Dec@2', '03Buy@1']","['DecentralizingAgent', 'BuyCheapSellExpensiveAgent']",26,25,AgentMechanismInterface,False,False,True,17,0.29819636401953176,0.9,False,False,"(9, 31, 10)",,2,False,,"(9, 31, 10)",b2c22ce3-bc3f-4945-a212-5f16b540d9a4,0,"[('b2c22ce3-bc3f-4945-a212-5f16b540d9a4', (9, 31, 10))]"
562,failed,"['05Dec@2', '02Ind@1']","['DecentralizingAgent', 'IndDecentralizingAgent']",26,25,AgentMechanismInterface,False,False,True,17,0.18864647904410958,0.9,False,False,"(9, 26, 9)",,2,False,,"(9, 26, 9)",9a2627ef-af3e-4183-a846-32d796facc85,0,"[('9a2627ef-af3e-4183-a846-32d796facc85', (9, 26, 9))]"
563,failed,"['00Dec@0', '02Ind@1']","['DecentralizingAgent', 'IndDecentralizingAgent']",26,25,AgentMechanismInterface,False,False,True,17,0.37609280803008005,0.9,False,False,"(15, 33, 20)",,2,False,,"(15, 33, 20)",167ef33c-e584-45f2-a677-731969726c09,0,[]
564,failed,"['01Dec@0', '02Ind@1']","['DecentralizingAgent', 'IndDecentralizingAgent']",26,25,AgentMechanismInterface,False,False,True,17,0.24196684401249513,0.9,False,False,"(15, 32, 20)",,2,False,,"(15, 32, 20)",44cab409-4911-4c79-b0ae-5e786e0be850,0,[]
565,failed,"['00Dec@0', '03Buy@1']","['DecentralizingAgent', 'BuyCheapSellExpensiveAgent']",26,25,AgentMechanismInterface,False,False,True,17,0.5965702099492773,0.9,False,False,"(2, 35, 19)",,2,False,,"(2, 35, 19)",4348b422-df63-47e7-bd39-301843df6f94,0,"[('4348b422-df63-47e7-bd39-301843df6f94', (2, 35, 19))]"
566,failed,"['00Dec@0', '03Buy@1']","['DecentralizingAgent', 'BuyCheapSellExpensiveAgent']",26,25,AgentMechanismInterface,False,False,True,17,0.23318723699776456,0.9,False,False,"(15, 33, 20)",,2,False,,"(15, 33, 20)",2736e756-ae03-435c-a39f-f1f4a3ae64cc,0,[]
567,failed,"['05Dec@2', '02Ind@1']","['DecentralizingAgent', 'IndDecentralizingAgent']",26,25,AgentMechanismInterface,False,False,True,17,0.2878465090179816,0.9,False,False,"(12, 34, 10)",,2,False,,"(12, 34, 10)",8dd22a32-48aa-4cf7-9dbb-f5e2ad70947e,0,"[('8dd22a32-48aa-4cf7-9dbb-f5e2ad70947e', (12, 34, 10))]"
568,failed,"['00Dec@0', '02Ind@1']","['DecentralizingAgent', 'IndDecentralizingAgent']",26,25,AgentMechanismInterface,False,False,True,17,0.23470665799686685,0.9,True,False,,,2,False,,"(2, 35, 18)",3199afc3-0a0d-40cd-b808-db6619d57333,0,[]
569,failed,"['05Dec@2', '03Buy@1']","['DecentralizingAgent', 'BuyCheapSellExpensiveAgent']",26,25,AgentMechanismInterface,False,False,True,17,0.5676354419556446,0.9,False,False,"(11, 33, 10)",,2,False,,"(11, 33, 10)",07cacd10-970d-41fd-94e5-9ae2dea2251b,0,"[('07cacd10-970d-41fd-94e5-9ae2dea2251b', (11, 33, 10))]"
570,failed,"['01Dec@0', '03Buy@1']","['DecentralizingAgent', 'BuyCheapSellExpensiveAgent']",26,25,AgentMechanismInterface,False,False,True,17,0.39388024900108576,0.9,True,False,,,2,False,,"(15, 29, 19)",d88fe179-3dad-4093-821e-0dfbc62226ad,0,[]
571,failed,"['05Dec@2', '03Buy@1']","['DecentralizingAgent', 'BuyCheapSellExpensiveAgent']",26,25,AgentMechanismInterface,False,False,True,17,0.27439442300237715,0.9,True,False,,,2,False,,"(12, 27, 11)",2cd7d1f3-1216-427c-a62e-29a8da6eb339,0,[]
572,failed,"['05Dec@2', '02Ind@1']","['DecentralizingAgent', 'IndDecentralizingAgent']",26,25,AgentMechanismInterface,False,False,True,17,0.38692231697496027,0.9,False,False,"(11, 33, 10)",,2,False,,"(11, 33, 10)",8d8a9e2c-50e2-4284-b3dc-3794dd94f469,0,"[('8d8a9e2c-50e2-4284-b3dc-3794dd94f469', (11, 33, 10))]"
573,failed,"['02Ind@1', '04MyA@2']","['IndDecentralizingAgent', 'MyAgent']",26,25,AgentMechanismInterface,False,False,True,17,0.6887144970241934,0.9,False,False,"(18, 33, 26)",,2,False,,"(18, 33, 26)",986fafcd-f0cc-4773-b9e2-82a05741734c,0,[]
574,failed,"['05Dec@2', '03Buy@1']","['DecentralizingAgent', 'BuyCheapSellExpensiveAgent']",26,25,AgentMechanismInterface,False,False,True,18,0.29396897699916735,0.95,False,False,"(1, 26, 10)",,2,False,,"(1, 26, 10)",2826f079-e646-46a4-a210-8afa78330a6c,0,[]
575,failed,"['05Dec@2', '02Ind@1']","['DecentralizingAgent', 'IndDecentralizingAgent']",26,25,AgentMechanismInterface,False,False,True,18,0.42726202303310856,0.95,False,False,"(1, 28, 9)",,2,False,,"(1, 28, 9)",f371a7b5-3b36-4737-8fce-8c9eb8fc740f,0,[]
576,failed,"['00Dec@0', '02Ind@1']","['DecentralizingAgent', 'IndDecentralizingAgent']",27,26,AgentMechanismInterface,False,False,True,2,0.2918062770040706,0.15,True,False,,,2,False,,,b478f05c-1d2e-4bbb-b05e-24789c254f7a,0,[]
577,failed,"['04MyA@2', '02Ind@1']","['MyAgent', 'IndDecentralizingAgent']",27,26,AgentMechanismInterface,False,False,True,2,0.16365548700559884,0.15,False,False,"(52, 37, 18)",,2,False,,"(52, 37, 18)",b29d8e59-2600-44fc-b648-c07c4006dad7,0,"[('b29d8e59-2600-44fc-b648-c07c4006dad7', (52, 37, 18))]"
578,failed,"['03Buy@1', '00Dec@0']","['BuyCheapSellExpensiveAgent', 'DecentralizingAgent']",27,26,AgentMechanismInterface,False,False,True,2,0.31645295600173995,0.15,True,False,,,2,False,,,105615c5-978a-4d44-b507-661c6c45b07c,0,[]
579,failed,"['02Ind@1', '00Dec@0']","['IndDecentralizingAgent', 'DecentralizingAgent']",27,26,AgentMechanismInterface,False,False,True,16,0.553724862053059,0.85,False,False,"(37, 27, 7)",,2,False,,"(37, 27, 7)",a4919b79-9f1a-44ad-a525-800b435345d0,0,"[('a4919b79-9f1a-44ad-a525-800b435345d0', (37, 27, 7))]"
580,failed,"['05Dec@2', '02Ind@1']","['DecentralizingAgent', 'IndDecentralizingAgent']",27,26,AgentMechanismInterface,False,False,True,17,0.3577885319828056,0.9,False,False,"(11, 34, 10)",,2,False,,"(11, 34, 10)",6b0329b4-2290-46da-b9fd-3fb2fa9fc983,0,"[('6b0329b4-2290-46da-b9fd-3fb2fa9fc983', (11, 34, 10))]"
581,failed,"['02Ind@1', '05Dec@2']","['IndDecentralizingAgent', 'DecentralizingAgent']",27,26,AgentMechanismInterface,False,False,True,17,0.21128641301766038,0.9,False,False,"(17, 35, 28)",,2,False,,"(17, 35, 28)",4cd6fa75-3d64-483c-96a3-4472790a9b9b,0,[]
582,failed,"['00Dec@0', '02Ind@1']","['DecentralizingAgent', 'IndDecentralizingAgent']",27,26,AgentMechanismInterface,False,False,True,17,0.3257432449609041,0.9,False,False,"(11, 32, 19)",,2,False,,"(11, 32, 19)",f71c4978-8691-4f59-934e-38f67db5ddb7,0,"[('f71c4978-8691-4f59-934e-38f67db5ddb7', (11, 32, 19))]"
583,failed,"['01Dec@0', '03Buy@1']","['DecentralizingAgent', 'BuyCheapSellExpensiveAgent']",27,26,AgentMechanismInterface,False,False,True,17,0.4502572719939053,0.9,False,False,"(15, 32, 20)",,2,False,,"(15, 32, 20)",12af50bc-6670-48fb-8c4f-61d6d44dfc4f,0,[]
584,failed,"['00Dec@0', '03Buy@1']","['DecentralizingAgent', 'BuyCheapSellExpensiveAgent']",27,26,AgentMechanismInterface,False,False,True,17,0.3644821660127491,0.9,True,False,,,2,False,,"(11, 37, 20)",9befef4c-cd2c-45dd-9bfd-ec0a17eeb993,0,"[('9befef4c-cd2c-45dd-9bfd-ec0a17eeb993', (11, 37, 20))]"
585,failed,"['05Dec@2', '02Ind@1']","['DecentralizingAgent', 'IndDecentralizingAgent']",27,26,AgentMechanismInterface,False,False,True,17,0.5054346020333469,0.9,False,False,"(9, 27, 9)",,2,False,,"(9, 27, 9)",24b11296-d16a-411f-bdd5-b8bd937e808b,0,"[('24b11296-d16a-411f-bdd5-b8bd937e808b', (9, 27, 9))]"
586,failed,"['00Dec@0', '02Ind@1']","['DecentralizingAgent', 'IndDecentralizingAgent']",27,26,AgentMechanismInterface,False,False,True,17,0.4463919599656947,0.9,False,False,"(2, 30, 20)",,2,False,,"(2, 30, 20)",b01523f2-a94c-4770-b2bc-4515a0cdede3,0,"[('b01523f2-a94c-4770-b2bc-4515a0cdede3', (2, 30, 20))]"
587,failed,"['01Dec@0', '02Ind@1']","['DecentralizingAgent', 'IndDecentralizingAgent']",27,26,AgentMechanismInterface,False,False,True,17,0.19756258296547458,0.9,False,False,"(15, 32, 20)",,2,False,,"(15, 32, 20)",680cf55c-05ad-4584-b1bc-fac42d926856,0,[]
588,failed,"['05Dec@2', '03Buy@1']","['DecentralizingAgent', 'BuyCheapSellExpensiveAgent']",27,26,AgentMechanismInterface,False,False,True,17,0.3986853159731254,0.9,False,False,"(9, 31, 10)",,2,False,,"(9, 31, 10)",fa80bbbe-59df-4e86-945d-bb77117af5dd,0,"[('fa80bbbe-59df-4e86-945d-bb77117af5dd', (9, 31, 10))]"
589,failed,"['00Dec@0', '03Buy@1']","['DecentralizingAgent', 'BuyCheapSellExpensiveAgent']",27,26,AgentMechanismInterface,False,False,True,17,0.4191938890144229,0.9,True,False,,,2,False,,"(2, 30, 20)",3cc89433-b96f-4fe3-bf99-fce2afc0e5f3,0,"[('3cc89433-b96f-4fe3-bf99-fce2afc0e5f3', (2, 30, 20))]"
590,failed,"['05Dec@2', '03Buy@1']","['DecentralizingAgent', 'BuyCheapSellExpensiveAgent']",27,26,AgentMechanismInterface,False,False,True,17,0.5628585240337998,0.9,False,False,"(11, 34, 10)",,2,False,,"(11, 34, 10)",47978423-84e6-44d4-a4c8-5be273fc2b7b,0,"[('47978423-84e6-44d4-a4c8-5be273fc2b7b', (11, 34, 10))]"
591,failed,"['02Ind@1', '04MyA@2']","['IndDecentralizingAgent', 'MyAgent']",27,26,AgentMechanismInterface,False,False,True,17,0.496969633968547,0.9,False,False,"(17, 35, 28)",,2,False,,"(17, 35, 28)",244c0eab-a685-434d-8430-1e1322fd08a3,0,[]
592,failed,"['04MyA@2', '02Ind@1']","['MyAgent', 'IndDecentralizingAgent']",28,27,AgentMechanismInterface,False,False,True,2,0.1403668820275925,0.15,False,False,"(53, 38, 18)",,2,False,,"(53, 38, 18)",fe15c0bb-fc1d-4998-9c0e-3ad9dec58538,0,[]
593,failed,"['00Dec@0', '02Ind@1']","['DecentralizingAgent', 'IndDecentralizingAgent']",28,27,AgentMechanismInterface,False,False,True,17,0.11092200898565352,0.9,False,False,"(2, 30, 20)",,2,False,,"(2, 30, 20)",ef271f52-e2c6-436f-91a9-7b5370260f1f,0,"[('ef271f52-e2c6-436f-91a9-7b5370260f1f', (2, 30, 20))]"
594,failed,"['00Dec@0', '03Buy@1']","['DecentralizingAgent', 'BuyCheapSellExpensiveAgent']",28,27,AgentMechanismInterface,False,False,True,17,0.12172980897594243,0.9,True,False,,,2,False,,"(2, 35, 18)",576a9fbb-df5d-4c00-8936-3de20f84b76c,0,[]
595,failed,"['01Dec@0', '02Ind@1']","['DecentralizingAgent', 'IndDecentralizingAgent']",28,27,AgentMechanismInterface,False,False,True,17,0.2680979029973969,0.9,False,False,"(13, 38, 20)",,2,False,,"(13, 38, 20)",67fd317f-1d3f-4e44-b23c-52ca5ea04321,0,[]
596,failed,"['00Dec@0', '03Buy@1']","['DecentralizingAgent', 'BuyCheapSellExpensiveAgent']",28,27,AgentMechanismInterface,False,False,True,17,0.24689058400690556,0.9,False,False,"(11, 32, 19)",,2,False,,"(11, 32, 19)",84bc11ee-9944-45df-acb0-fbe7973ea17b,0,"[('84bc11ee-9944-45df-acb0-fbe7973ea17b', (11, 32, 19))]"
597,failed,"['00Dec@0', '02Ind@1']","['DecentralizingAgent', 'IndDecentralizingAgent']",28,27,AgentMechanismInterface,False,False,True,17,0.1226868029916659,0.9,False,False,"(2, 38, 19)",,2,False,,"(2, 38, 19)",f18ac7a8-8916-4ea2-85d6-aff47e4569b2,0,"[('f18ac7a8-8916-4ea2-85d6-aff47e4569b2', (2, 38, 19))]"
598,failed,"['01Dec@0', '03Buy@1']","['DecentralizingAgent', 'BuyCheapSellExpensiveAgent']",28,27,AgentMechanismInterface,False,False,True,17,0.10454186203423887,0.9,False,False,"(13, 38, 20)",,2,False,,"(13, 38, 20)",2cff491f-9c6d-400e-986b-852756a9f47a,0,[]
599,failed,"['00Dec@0', '02Ind@1']","['DecentralizingAgent', 'IndDecentralizingAgent']",28,27,AgentMechanismInterface,False,False,True,17,0.13353674800600857,0.9,True,False,,,2,False,,"(7, 37, 18)",53a11e45-6525-4054-92f8-4735aed8e27d,0,[]
600,failed,"['00Dec@0', '03Buy@1']","['DecentralizingAgent', 'BuyCheapSellExpensiveAgent']",28,27,AgentMechanismInterface,False,False,True,17,0.14921735500684008,0.9,True,False,,,2,False,,"(2, 38, 18)",da003ff3-a06d-4f7c-b8f0-0aa43c5de892,0,[]
601,failed,"['01Dec@0', '03Buy@1']","['DecentralizingAgent', 'BuyCheapSellExpensiveAgent']",29,28,AgentMechanismInterface,False,False,True,17,0.19226389098912477,0.9,False,False,"(7, 36, 19)",,2,False,,"(7, 36, 19)",75577d41-8b0d-4e1b-961d-5eb368cca281,0,"[('75577d41-8b0d-4e1b-961d-5eb368cca281', (7, 36, 19))]"
602,failed,"['00Dec@0', '02Ind@1']","['DecentralizingAgent', 'IndDecentralizingAgent']",29,28,AgentMechanismInterface,False,False,True,17,0.21110163599951193,0.9,False,False,"(2, 38, 19)",,2,False,,"(2, 38, 19)",eb2b37f2-6710-4a81-bed3-e87af8154906,0,"[('eb2b37f2-6710-4a81-bed3-e87af8154906', (2, 38, 19))]"
603,failed,"['00Dec@0', '03Buy@1']","['DecentralizingAgent', 'BuyCheapSellExpensiveAgent']",29,28,AgentMechanismInterface,False,False,True,17,0.23345003597205505,0.9,False,False,"(11, 39, 20)",,2,False,,"(11, 39, 20)",ab5bdaf7-dd4f-4199-987d-456d2e602bc4,0,"[('ab5bdaf7-dd4f-4199-987d-456d2e602bc4', (11, 39, 20))]"
604,failed,"['00Dec@0', '03Buy@1']","['DecentralizingAgent', 'BuyCheapSellExpensiveAgent']",29,28,AgentMechanismInterface,False,False,True,17,0.1275937239988707,0.9,False,False,"(11, 37, 20)",,2,False,,"(11, 37, 20)",2444655f-9541-4d19-8732-2ad0ec46a518,0,"[('2444655f-9541-4d19-8732-2ad0ec46a518', (11, 37, 20))]"
605,failed,"['02Ind@1', '04MyA@2']","['IndDecentralizingAgent', 'MyAgent']",29,28,AgentMechanismInterface,False,False,True,17,0.23218802199698985,0.9,False,False,"(9, 39, 26)",,2,False,,"(9, 39, 26)",51c2d073-6bf8-4983-952b-ffbb606673a6,0,"[('51c2d073-6bf8-4983-952b-ffbb606673a6', (9, 39, 26))]"
606,failed,"['01Dec@0', '02Ind@1']","['DecentralizingAgent', 'IndDecentralizingAgent']",29,28,AgentMechanismInterface,False,False,True,17,0.26694089599186555,0.9,True,False,,,2,False,,"(5, 39, 18)",ece31197-2445-4f9d-90fe-0d80755fc65d,0,[]
607,failed,"['00Dec@0', '03Buy@1']","['DecentralizingAgent', 'BuyCheapSellExpensiveAgent']",29,28,AgentMechanismInterface,False,False,True,17,0.2211998039856553,0.9,True,False,,,2,False,,"(2, 33, 20)",fa086773-00c6-4b91-8fb1-c5c226af2e0b,0,"[('fa086773-00c6-4b91-8fb1-c5c226af2e0b', (2, 33, 20))]"
608,failed,"['02Ind@1', '00Dec@0']","['IndDecentralizingAgent', 'DecentralizingAgent']",29,28,AgentMechanismInterface,False,False,True,17,0.24529544200049713,0.9,False,False,"(3, 33, 7)",,2,False,,"(3, 33, 7)",8676edaa-abd3-4dad-9115-b23f475a896f,0,"[('8676edaa-abd3-4dad-9115-b23f475a896f', (3, 33, 7))]"
609,failed,"['00Dec@0', '02Ind@1']","['DecentralizingAgent', 'IndDecentralizingAgent']",29,28,AgentMechanismInterface,False,False,True,17,0.24063667398877442,0.9,False,False,"(11, 34, 19)",,2,False,,"(11, 34, 19)",0f1b936b-f600-4562-ad7a-7190e89cbd80,0,"[('0f1b936b-f600-4562-ad7a-7190e89cbd80', (11, 34, 19))]"
610,failed,"['02Ind@1', '05Dec@2']","['IndDecentralizingAgent', 'DecentralizingAgent']",29,28,AgentMechanismInterface,False,False,True,17,0.2461974149919115,0.9,False,False,"(9, 34, 28)",,2,False,,"(9, 34, 28)",8c01871b-9a6f-4e27-920f-c4afe18db747,0,"[('8c01871b-9a6f-4e27-920f-c4afe18db747', (9, 34, 28))]"
611,failed,"['00Dec@0', '02Ind@1']","['DecentralizingAgent', 'IndDecentralizingAgent']",29,28,AgentMechanismInterface,False,False,True,17,0.3701782280113548,0.9,True,False,,,2,False,,"(11, 37, 20)",b5ec3e30-8a24-4d98-bd38-cb021b78ce71,0,"[('b5ec3e30-8a24-4d98-bd38-cb021b78ce71', (11, 37, 20))]"
612,failed,"['00Dec@0', '02Ind@1']","['DecentralizingAgent', 'IndDecentralizingAgent']",30,29,AgentMechanismInterface,False,False,True,2,0.2803994460264221,0.15,False,False,"(11, 30, 13)",,2,False,,"(11, 30, 13)",6bdd15bb-8a06-4ba1-b026-4d4afcd59ee2,0,[]
613,failed,"['04MyA@2', '02Ind@1']","['MyAgent', 'IndDecentralizingAgent']",30,29,AgentMechanismInterface,False,False,True,2,0.16472444497048855,0.15,False,False,"(61, 40, 18)",,2,False,,"(61, 40, 18)",d811e3a9-6996-42b7-a59b-ead43a964d45,0,"[('d811e3a9-6996-42b7-a59b-ead43a964d45', (61, 40, 18))]"
614,failed,"['05Dec@2', '03Buy@1']","['DecentralizingAgent', 'BuyCheapSellExpensiveAgent']",30,29,AgentMechanismInterface,False,False,True,2,0.2574955050367862,0.15,False,False,"(26, 40, 18)",,2,False,,"(26, 40, 18)",d5424691-e982-4444-b598-37b0a7ea6a7f,0,[]
615,failed,"['00Dec@0', '02Ind@1']","['DecentralizingAgent', 'IndDecentralizingAgent']",30,29,AgentMechanismInterface,False,False,True,17,0.33796652604360133,0.9,False,False,"(11, 37, 20)",,2,False,,"(11, 37, 20)",27317763-369e-42a2-8917-554b6fb1fc6d,0,"[('27317763-369e-42a2-8917-554b6fb1fc6d', (11, 37, 20))]"
616,failed,"['02Ind@1', '05Dec@2']","['IndDecentralizingAgent', 'DecentralizingAgent']",30,29,AgentMechanismInterface,False,False,True,17,0.5557153390254825,0.9,False,False,"(2, 40, 27)",,2,False,,"(2, 40, 27)",e1da574f-a714-40fb-9168-0b3d89c6014a,0,"[('e1da574f-a714-40fb-9168-0b3d89c6014a', (2, 40, 27))]"
617,failed,"['00Dec@0', '02Ind@1']","['DecentralizingAgent', 'IndDecentralizingAgent']",30,29,AgentMechanismInterface,False,False,True,17,0.5162618489703164,0.9,False,False,"(9, 39, 20)",,2,False,,"(9, 39, 20)",4149531a-a78f-4156-834d-025ff0a00778,0,"[('4149531a-a78f-4156-834d-025ff0a00778', (9, 39, 20))]"
618,failed,"['05Dec@2', '03Buy@1']","['DecentralizingAgent', 'BuyCheapSellExpensiveAgent']",30,29,AgentMechanismInterface,False,False,True,17,0.5023802779614925,0.9,False,False,"(10, 34, 10)",,2,False,,"(10, 34, 10)",fce0a52c-6fb2-4fef-b58e-42bf3ce1e567,0,"[('fce0a52c-6fb2-4fef-b58e-42bf3ce1e567', (10, 34, 10))]"
619,failed,"['05Dec@2', '02Ind@1']","['DecentralizingAgent', 'IndDecentralizingAgent']",30,29,AgentMechanismInterface,False,False,True,17,0.5841327679809183,0.9,False,False,"(10, 34, 10)",,2,False,,"(10, 34, 10)",3caa8ca7-c98f-41f7-ab8c-a3f5463f7470,0,"[('3caa8ca7-c98f-41f7-ab8c-a3f5463f7470', (10, 34, 10))]"
620,failed,"['00Dec@0', '03Buy@1']","['DecentralizingAgent', 'BuyCheapSellExpensiveAgent']",30,29,AgentMechanismInterface,False,False,True,17,0.26172738004243,0.9,True,False,,,2,False,,"(6, 40, 18)",cdeb2f8f-7a22-4153-82c5-60445a820c8f,0,[]
621,failed,"['01Dec@0', '03Buy@1']","['DecentralizingAgent', 'BuyCheapSellExpensiveAgent']",30,29,AgentMechanismInterface,False,False,True,17,0.2549748930032365,0.9,False,False,"(7, 36, 19)",,2,False,,"(7, 36, 19)",ccd49eaf-b290-4030-a305-16a504c16f0a,0,"[('ccd49eaf-b290-4030-a305-16a504c16f0a', (7, 36, 19))]"
622,failed,"['00Dec@0', '02Ind@1']","['DecentralizingAgent', 'IndDecentralizingAgent']",30,29,AgentMechanismInterface,False,False,True,17,0.47000230598496273,0.9,False,False,"(2, 33, 20)",,2,False,,"(2, 33, 20)",84390814-c2bb-4969-b6d4-fa4beae161d8,0,"[('84390814-c2bb-4969-b6d4-fa4beae161d8', (2, 33, 20))]"
623,failed,"['02Ind@1', '00Dec@0']","['IndDecentralizingAgent', 'DecentralizingAgent']",30,29,AgentMechanismInterface,False,False,True,17,0.27778773300815374,0.9,False,False,"(3, 34, 7)",,2,False,,"(3, 34, 7)",c4886266-3eaa-4dae-8c3e-35ab416a5cb0,0,"[('c4886266-3eaa-4dae-8c3e-35ab416a5cb0', (3, 34, 7))]"
624,failed,"['01Dec@0', '02Ind@1']","['DecentralizingAgent', 'IndDecentralizingAgent']",30,29,AgentMechanismInterface,False,False,True,17,0.423315073014237,0.9,False,False,"(17, 39, 20)",,2,False,,"(17, 39, 20)",ed18dcbc-e059-4a00-8beb-f70614292366,0,[]
625,failed,"['01Dec@0', '03Buy@1']","['DecentralizingAgent', 'BuyCheapSellExpensiveAgent']",30,29,AgentMechanismInterface,False,False,True,17,0.5969591420143843,0.9,True,False,,,2,False,,"(17, 36, 19)",5b8abe6e-c461-444a-ac19-c1497bca4ac6,0,[]
626,failed,"['00Dec@0', '03Buy@1']","['DecentralizingAgent', 'BuyCheapSellExpensiveAgent']",30,29,AgentMechanismInterface,False,False,True,17,0.5146012520417571,0.9,True,False,,,2,False,,"(2, 38, 18)",abc51d5e-191b-4347-9dd4-a77986ad65a4,0,[]
627,failed,"['02Ind@1', '04MyA@2']","['IndDecentralizingAgent', 'MyAgent']",30,29,AgentMechanismInterface,False,False,True,17,0.33441943500656635,0.9,False,False,"(2, 35, 27)",,2,False,,"(2, 35, 27)",b7016dd2-980e-438d-bfcf-1a2339b53d97,0,"[('b7016dd2-980e-438d-bfcf-1a2339b53d97', (2, 35, 27))]"
628,failed,"['01Dec@0', '02Ind@1']","['DecentralizingAgent', 'IndDecentralizingAgent']",30,29,AgentMechanismInterface,False,False,True,17,0.6062381759984419,0.9,True,False,,,2,False,,"(5, 39, 18)",f4728294-9ef1-4c32-ab79-6ee78d35e8b4,0,[]
629,failed,"['00Dec@0', '03Buy@1']","['DecentralizingAgent', 'BuyCheapSellExpensiveAgent']",30,29,AgentMechanismInterface,False,False,True,17,0.6114283989882097,0.9,True,False,,,2,False,,"(11, 37, 20)",6730adc7-5139-4dd6-90af-dbc71e729b2b,0,"[('6730adc7-5139-4dd6-90af-dbc71e729b2b', (11, 37, 20))]"
630,failed,"['04MyA@2', '03Buy@1']","['MyAgent', 'BuyCheapSellExpensiveAgent']",31,30,AgentMechanismInterface,False,False,True,2,0.24094702303409576,0.15,False,False,"(68, 41, 18)",,2,False,,"(68, 41, 18)",0f0b4c65-2124-4539-82fe-d11b1a9ee32b,0,"[('0f0b4c65-2124-4539-82fe-d11b1a9ee32b', (68, 41, 18))]"
631,failed,"['05Dec@2', '03Buy@1']","['DecentralizingAgent', 'BuyCheapSellExpensiveAgent']",31,30,AgentMechanismInterface,False,False,True,2,0.46370148402638733,0.15,False,False,"(60, 41, 18)",,2,False,,"(60, 41, 18)",a84b18eb-d9c6-4837-8612-520ebd3ff3d0,0,"[('a84b18eb-d9c6-4837-8612-520ebd3ff3d0', (60, 41, 18))]"
632,failed,"['00Dec@0', '03Buy@1']","['DecentralizingAgent', 'BuyCheapSellExpensiveAgent']",31,30,AgentMechanismInterface,False,False,True,7,0.20445127703715116,0.4,False,False,"(5, 33, 13)",,2,False,,"(5, 33, 13)",bb4ad62c-2d1b-43de-9c69-c76197889b6f,0,[]
633,failed,"['00Dec@0', '03Buy@1']","['DecentralizingAgent', 'BuyCheapSellExpensiveAgent']",31,30,AgentMechanismInterface,False,False,True,17,0.5542553359991871,0.9,False,False,"(9, 36, 19)",,2,False,,"(9, 36, 19)",1dea03c5-fa86-4e89-ba5c-e3d4f69f1c98,0,"[('1dea03c5-fa86-4e89-ba5c-e3d4f69f1c98', (9, 36, 19))]"
634,failed,"['01Dec@0', '03Buy@1']","['DecentralizingAgent', 'BuyCheapSellExpensiveAgent']",31,30,AgentMechanismInterface,False,False,True,17,0.8169271919759922,0.9,False,False,"(16, 37, 19)",,2,False,,"(16, 37, 19)",274e5b3a-bca5-4388-b679-18dbcaa8dad5,0,[]
635,failed,"['00Dec@0', '03Buy@1']","['DecentralizingAgent', 'BuyCheapSellExpensiveAgent']",31,30,AgentMechanismInterface,False,False,True,17,0.70768685702933,0.9,False,False,"(11, 32, 19)",,2,False,,"(11, 32, 19)",cfdb29ed-2bbc-404e-9cbe-9d8a962e2740,0,"[('cfdb29ed-2bbc-404e-9cbe-9d8a962e2740', (11, 32, 19))]"
636,failed,"['02Ind@1', '05Dec@2']","['IndDecentralizingAgent', 'DecentralizingAgent']",31,30,AgentMechanismInterface,False,False,True,17,0.3520578099996783,0.9,False,False,"(2, 41, 27)",,2,False,,"(2, 41, 27)",ff34c744-d404-4d3a-84ec-fb2705f808dc,0,"[('ff34c744-d404-4d3a-84ec-fb2705f808dc', (2, 41, 27))]"
637,failed,"['00Dec@0', '02Ind@1']","['DecentralizingAgent', 'IndDecentralizingAgent']",31,30,AgentMechanismInterface,False,False,True,17,0.5254538879962638,0.9,False,False,"(2, 33, 20)",,2,False,,"(2, 33, 20)",e9b5d443-e0c3-4a49-a2f5-dacafdfa69cc,0,"[('e9b5d443-e0c3-4a49-a2f5-dacafdfa69cc', (2, 33, 20))]"
638,failed,"['05Dec@2', '03Buy@1']","['DecentralizingAgent', 'BuyCheapSellExpensiveAgent']",31,30,AgentMechanismInterface,False,False,True,17,0.37467483401997015,0.9,False,False,"(9, 35, 10)",,2,False,,"(9, 35, 10)",8fbaf28b-b0a9-4c86-a4f8-3d42c3c8ecd4,0,"[('8fbaf28b-b0a9-4c86-a4f8-3d42c3c8ecd4', (9, 35, 10))]"
639,failed,"['00Dec@0', '02Ind@1']","['DecentralizingAgent', 'IndDecentralizingAgent']",31,30,AgentMechanismInterface,False,False,True,17,0.3931254799827002,0.9,False,False,"(14, 36, 19)",,2,False,,"(14, 36, 19)",5f7d3b3f-c16e-435b-b9fe-9e972e58f932,0,[]
640,failed,"['01Dec@0', '02Ind@1']","['DecentralizingAgent', 'IndDecentralizingAgent']",31,30,AgentMechanismInterface,False,False,True,17,0.7533688609837554,0.9,False,False,"(7, 36, 19)",,2,False,,"(7, 36, 19)",988cbe08-a5e5-43d1-8530-f5709de6d504,0,"[('988cbe08-a5e5-43d1-8530-f5709de6d504', (7, 36, 19))]"
641,failed,"['00Dec@0', '02Ind@1']","['DecentralizingAgent', 'IndDecentralizingAgent']",31,30,AgentMechanismInterface,False,False,True,17,0.3847286529489793,0.9,True,False,,,2,False,,"(6, 40, 18)",3e91dafc-46f0-4e28-836f-1c3f55f69f3e,0,[]
642,failed,"['00Dec@0', '02Ind@1']","['DecentralizingAgent', 'IndDecentralizingAgent']",31,30,AgentMechanismInterface,False,False,True,17,0.8243864619871601,0.9,True,False,,,2,False,,"(7, 37, 18)",96eeeb70-7382-4d04-971a-1c27e7646448,0,[]
643,failed,"['05Dec@2', '02Ind@1']","['DecentralizingAgent', 'IndDecentralizingAgent']",31,30,AgentMechanismInterface,False,False,True,17,0.8069228159729391,0.9,False,False,"(5, 36, 10)",,2,False,,"(5, 36, 10)",5a870f93-1dd5-4732-87a7-b8572b632ed5,0,"[('5a870f93-1dd5-4732-87a7-b8572b632ed5', (5, 36, 10))]"
644,failed,"['00Dec@0', '03Buy@1']","['DecentralizingAgent', 'BuyCheapSellExpensiveAgent']",31,30,AgentMechanismInterface,False,False,True,17,0.7720103199826553,0.9,True,False,,,2,False,,"(2, 33, 20)",85685c8f-0fb7-4a86-bd5f-93edd477c258,0,"[('85685c8f-0fb7-4a86-bd5f-93edd477c258', (2, 33, 20))]"
645,failed,"['01Dec@0', '03Buy@1']","['DecentralizingAgent', 'BuyCheapSellExpensiveAgent']",31,30,AgentMechanismInterface,False,False,True,17,0.39657631900627166,0.9,False,False,"(17, 36, 19)",,2,False,,"(17, 36, 19)",bd239c76-db8f-4b32-9f9c-282291009c79,0,[]
646,failed,"['01Dec@0', '02Ind@1']","['DecentralizingAgent', 'IndDecentralizingAgent']",31,30,AgentMechanismInterface,False,False,True,17,0.3833096729940735,0.9,False,False,"(16, 40, 20)",,2,False,,"(16, 40, 20)",9a4ab3d4-fbf5-403b-9d23-7956c1d8d13a,0,[]
647,failed,"['01Dec@0', '02Ind@1']","['DecentralizingAgent', 'IndDecentralizingAgent']",31,30,AgentMechanismInterface,False,False,True,17,0.6333043209742755,0.9,True,False,,,2,False,,"(17, 36, 19)",e0b21476-ec37-4ff0-b7ec-708b1f7e077d,0,[]
648,failed,"['01Dec@0', '03Buy@1']","['DecentralizingAgent', 'BuyCheapSellExpensiveAgent']",31,30,AgentMechanismInterface,False,False,True,17,0.6550625290255994,0.9,True,False,,,2,False,,"(7, 37, 20)",edff607d-c97a-41ba-91a1-7a9150236d32,0,"[('edff607d-c97a-41ba-91a1-7a9150236d32', (7, 37, 20))]"
649,failed,"['02Ind@1', '00Dec@0']","['IndDecentralizingAgent', 'DecentralizingAgent']",31,30,AgentMechanismInterface,False,False,True,17,0.8351593620027415,0.9,False,False,"(3, 35, 7)",,2,False,,"(3, 35, 7)",cda942f9-686c-4204-ab45-17bee6dcc07b,0,"[('cda942f9-686c-4204-ab45-17bee6dcc07b', (3, 35, 7))]"
650,failed,"['00Dec@0', '03Buy@1']","['DecentralizingAgent', 'BuyCheapSellExpensiveAgent']",31,30,AgentMechanismInterface,False,False,True,17,0.9134134039632045,0.9,False,False,"(14, 41, 20)",,2,False,,"(14, 41, 20)",52262905-1bad-4dcd-aee6-87bbb4cec820,0,[]
651,failed,"['02Ind@1', '04MyA@2']","['IndDecentralizingAgent', 'MyAgent']",31,30,AgentMechanismInterface,False,False,True,17,0.44746788003249094,0.9,False,False,"(2, 41, 27)",,2,False,,"(2, 41, 27)",ca75f11f-217f-4dd7-9bbb-21c72c9f2b50,0,"[('ca75f11f-217f-4dd7-9bbb-21c72c9f2b50', (2, 41, 27))]"
652,failed,"['05Dec@2', '02Ind@1']","['DecentralizingAgent', 'IndDecentralizingAgent']",31,30,AgentMechanismInterface,False,False,True,17,0.744569335016422,0.9,False,False,"(9, 31, 9)",,2,False,,"(9, 31, 9)",db1032ac-f502-40dc-bc6b-8a40cd503567,0,"[('db1032ac-f502-40dc-bc6b-8a40cd503567', (9, 31, 9))]"
653,failed,"['02Ind@1', '01Dec@0']","['IndDecentralizingAgent', 'DecentralizingAgent']",31,30,AgentMechanismInterface,False,False,True,17,0.4477003879728727,0.9,False,False,"(3, 31, 7)",,2,False,,"(3, 31, 7)",a8026710-eb0f-4503-aa81-1f6558fc6a6c,0,"[('a8026710-eb0f-4503-aa81-1f6558fc6a6c', (3, 31, 7))]"
654,failed,"['05Dec@2', '03Buy@1']","['DecentralizingAgent', 'BuyCheapSellExpensiveAgent']",31,30,AgentMechanismInterface,False,False,True,17,0.4837371209869161,0.9,True,False,,,2,False,,"(5, 36, 11)",41072049-bd31-4c1d-a242-66ab3b6e94d9,0,[]
655,failed,"['01Dec@0', '03Buy@1']","['DecentralizingAgent', 'BuyCheapSellExpensiveAgent']",32,31,AgentMechanismInterface,False,False,True,2,0.4465526160201989,0.15,False,False,"(38, 32, 13)",,2,False,,"(38, 32, 13)",f7074c45-737a-44ea-ba6a-c07c26570fcf,0,[]
656,failed,"['04MyA@2', '02Ind@1']","['MyAgent', 'IndDecentralizingAgent']",32,31,AgentMechanismInterface,False,False,True,2,0.2179127880372107,0.15,False,False,"(68, 42, 18)",,2,False,,"(68, 42, 18)",2b09d4b1-6f83-4904-9efb-bc16e88a3e21,0,[]
657,failed,"['05Dec@2', '03Buy@1']","['DecentralizingAgent', 'BuyCheapSellExpensiveAgent']",32,31,AgentMechanismInterface,False,False,True,2,0.3531478259828873,0.15,False,False,"(25, 42, 18)",,2,False,,"(25, 42, 18)",d083b29c-f674-45ec-9580-e45c43f42c65,0,[]
658,failed,"['00Dec@0', '02Ind@1']","['DecentralizingAgent', 'IndDecentralizingAgent']",32,31,AgentMechanismInterface,False,False,True,2,0.28421274898573756,0.15,False,False,"(19, 32, 13)",,2,False,,"(19, 32, 13)",3560d719-36d3-49e3-99dd-bfe8fa3549b3,0,"[('3560d719-36d3-49e3-99dd-bfe8fa3549b3', (19, 32, 13))]"
659,failed,"['03Buy@1', '01Dec@0']","['BuyCheapSellExpensiveAgent', 'DecentralizingAgent']",32,31,AgentMechanismInterface,False,False,True,17,0.7462137889815494,0.9,False,False,"(26, 35, 7)",,2,False,,"(26, 35, 7)",7c047dec-c00f-4dc1-8c8c-69b024b229ad,0,[]
660,failed,"['05Dec@2', '02Ind@1']","['DecentralizingAgent', 'IndDecentralizingAgent']",32,31,AgentMechanismInterface,False,False,True,17,0.6680879739578813,0.9,False,False,"(5, 35, 9)",,2,False,,"(5, 35, 9)",1782e40e-0398-4a1e-9b9b-3a5102ff3e30,0,"[('1782e40e-0398-4a1e-9b9b-3a5102ff3e30', (5, 35, 9))]"
661,failed,"['05Dec@2', '03Buy@1']","['DecentralizingAgent', 'BuyCheapSellExpensiveAgent']",32,31,AgentMechanismInterface,False,False,True,17,0.6236345689976588,0.9,False,False,"(5, 37, 10)",,2,False,,"(5, 37, 10)",34092015-cb6f-4a2d-a26f-a8194c65a229,0,"[('34092015-cb6f-4a2d-a26f-a8194c65a229', (5, 37, 10))]"
662,failed,"['05Dec@2', '03Buy@1']","['DecentralizingAgent', 'BuyCheapSellExpensiveAgent']",32,31,AgentMechanismInterface,False,False,True,17,0.5151719289715402,0.9,True,False,,,2,False,,"(5, 35, 9)",3f731fcc-ee37-4d54-8a2f-bf02c9bc4c1a,0,"[('3f731fcc-ee37-4d54-8a2f-bf02c9bc4c1a', (5, 35, 9))]"
663,failed,"['00Dec@0', '02Ind@1']","['DecentralizingAgent', 'IndDecentralizingAgent']",32,31,AgentMechanismInterface,False,False,True,17,0.7581345079815947,0.9,False,False,"(2, 38, 19)",,2,False,,"(2, 38, 19)",afcd7475-3843-4b83-89d4-6e9bb4b8c376,0,"[('afcd7475-3843-4b83-89d4-6e9bb4b8c376', (2, 38, 19))]"
664,failed,"['01Dec@0', '03Buy@1']","['DecentralizingAgent', 'BuyCheapSellExpensiveAgent']",32,31,AgentMechanismInterface,False,False,True,17,0.5208940239972435,0.9,False,False,"(2, 37, 20)",,2,False,,"(2, 37, 20)",bffc9268-f41e-4bce-9a13-ea3d0324b456,0,"[('bffc9268-f41e-4bce-9a13-ea3d0324b456', (2, 37, 20))]"
665,failed,"['01Dec@0', '02Ind@1']","['DecentralizingAgent', 'IndDecentralizingAgent']",32,31,AgentMechanismInterface,False,False,True,17,0.3211607550038025,0.9,False,False,"(7, 36, 19)",,2,False,,"(7, 36, 19)",8b807f0f-f378-4782-8ac9-9ae77bfd3b53,0,"[('8b807f0f-f378-4782-8ac9-9ae77bfd3b53', (7, 36, 19))]"
666,failed,"['01Dec@0', '02Ind@1']","['DecentralizingAgent', 'IndDecentralizingAgent']",32,31,AgentMechanismInterface,False,False,True,17,0.7168366090045311,0.9,True,False,,,2,False,,"(2, 37, 20)",0f0571e6-b033-4f32-a6bb-98008edfc296,0,"[('0f0571e6-b033-4f32-a6bb-98008edfc296', (2, 37, 20))]"
667,failed,"['05Dec@2', '02Ind@1']","['DecentralizingAgent', 'IndDecentralizingAgent']",32,31,AgentMechanismInterface,False,False,True,17,0.7498524129623547,0.9,True,False,,,2,False,,"(5, 37, 11)",b2087cda-dfcc-4845-96ca-fb8849fe4533,0,[]
668,failed,"['00Dec@0', '03Buy@1']","['DecentralizingAgent', 'BuyCheapSellExpensiveAgent']",32,31,AgentMechanismInterface,False,False,True,17,0.6329549430520274,0.9,False,False,"(10, 37, 20)",,2,False,,"(10, 37, 20)",a26478af-ece8-4582-88b6-110240e6950b,0,"[('a26478af-ece8-4582-88b6-110240e6950b', (10, 37, 20))]"
669,failed,"['00Dec@0', '03Buy@1']","['DecentralizingAgent', 'BuyCheapSellExpensiveAgent']",32,31,AgentMechanismInterface,False,False,True,17,0.5544806949910708,0.9,True,False,,,2,False,,"(2, 33, 20)",f4f5c7e3-c385-4b1d-a649-c87135b0e28b,0,"[('f4f5c7e3-c385-4b1d-a649-c87135b0e28b', (2, 33, 20))]"
670,failed,"['01Dec@0', '03Buy@1']","['DecentralizingAgent', 'BuyCheapSellExpensiveAgent']",32,31,AgentMechanismInterface,False,False,True,17,0.582267404999584,0.9,False,False,"(17, 39, 20)",,2,False,,"(17, 39, 20)",fedc3bf8-3fe7-4d0f-82c7-a3b921695e7e,0,[]
671,failed,"['01Dec@0', '03Buy@1']","['DecentralizingAgent', 'BuyCheapSellExpensiveAgent']",32,31,AgentMechanismInterface,False,False,True,17,0.39441922900732607,0.9,True,False,,,2,False,,"(7, 37, 20)",09ecc80f-8db9-4239-a0a8-b440a30b5ee5,0,"[('09ecc80f-8db9-4239-a0a8-b440a30b5ee5', (7, 37, 20))]"
672,failed,"['00Dec@0', '02Ind@1']","['DecentralizingAgent', 'IndDecentralizingAgent']",32,31,AgentMechanismInterface,False,False,True,17,0.8394947780179791,0.9,False,False,"(9, 36, 19)",,2,False,,"(9, 36, 19)",db0228d9-c51c-4fc8-8aa9-b69aa8bd627f,0,"[('db0228d9-c51c-4fc8-8aa9-b69aa8bd627f', (9, 36, 19))]"
673,failed,"['05Dec@2', '02Ind@1']","['DecentralizingAgent', 'IndDecentralizingAgent']",32,31,AgentMechanismInterface,False,False,True,17,0.3781448929803446,0.9,False,False,"(8, 32, 9)",,2,False,,"(8, 32, 9)",68d2b473-3bd8-4233-8cbd-bd4a8b68ed2b,0,"[('68d2b473-3bd8-4233-8cbd-bd4a8b68ed2b', (8, 32, 9))]"
674,failed,"['01Dec@0', '02Ind@1']","['DecentralizingAgent', 'IndDecentralizingAgent']",32,31,AgentMechanismInterface,False,False,True,17,0.7457639949861914,0.9,True,False,,,2,False,,"(17, 36, 19)",bac012f1-9491-43cc-9e62-2d8f1717882f,0,[]
675,failed,"['00Dec@0', '03Buy@1']","['DecentralizingAgent', 'BuyCheapSellExpensiveAgent']",32,31,AgentMechanismInterface,False,False,True,17,0.6949160020449199,0.9,True,False,,,2,False,,"(9, 39, 20)",34a5d2ec-4bec-4e20-8dc2-484707e74fbd,0,"[('34a5d2ec-4bec-4e20-8dc2-484707e74fbd', (9, 39, 20))]"
676,failed,"['03Buy@1', '00Dec@0']","['BuyCheapSellExpensiveAgent', 'DecentralizingAgent']",32,31,AgentMechanismInterface,False,False,True,17,0.39025578601285815,0.9,False,False,"(26, 33, 7)",,2,False,,"(26, 33, 7)",a71a1e7f-2220-4596-8d3b-83573d9695fe,0,[]
677,failed,"['05Dec@2', '03Buy@1']","['DecentralizingAgent', 'BuyCheapSellExpensiveAgent']",32,31,AgentMechanismInterface,False,False,True,17,0.4010644599911757,0.9,False,False,"(8, 32, 9)",,2,False,,"(8, 32, 9)",1b0f1e52-9644-41d5-90ae-7d5edde4ba99,0,"[('1b0f1e52-9644-41d5-90ae-7d5edde4ba99', (8, 32, 9))]"
678,failed,"['02Ind@1', '04MyA@2']","['IndDecentralizingAgent', 'MyAgent']",32,31,AgentMechanismInterface,False,False,True,17,0.6400625850073993,0.9,False,False,"(12, 40, 26)",,2,False,,"(12, 40, 26)",8b4a2997-9c95-44f9-a1c6-46dafcae313d,0,"[('8b4a2997-9c95-44f9-a1c6-46dafcae313d', (12, 40, 26))]"
679,failed,"['00Dec@0', '02Ind@1']","['DecentralizingAgent', 'IndDecentralizingAgent']",32,31,AgentMechanismInterface,False,False,True,17,0.7712486269883811,0.9,True,False,,,2,False,,"(10, 37, 20)",28faedd6-0945-498b-a5da-8a503e118a19,0,"[('28faedd6-0945-498b-a5da-8a503e118a19', (10, 37, 20))]"
680,failed,"['04MyA@2', '03Buy@1']","['MyAgent', 'BuyCheapSellExpensiveAgent']",33,32,AgentMechanismInterface,False,False,True,2,0.12955165799940005,0.15,False,False,"(58, 43, 18)",,2,False,,"(58, 43, 18)",2edf6d62-1bba-4432-90ec-052e2ae2b1c2,0,[]
681,failed,"['05Dec@2', '02Ind@1']","['DecentralizingAgent', 'IndDecentralizingAgent']",33,32,AgentMechanismInterface,False,False,True,17,0.47196447796886787,0.9,False,False,"(10, 33, 9)",,2,False,,"(10, 33, 9)",defe556d-1e39-4d87-87fd-6061a8a2555b,0,"[('defe556d-1e39-4d87-87fd-6061a8a2555b', (10, 33, 9))]"
682,failed,"['01Dec@0', '03Buy@1']","['DecentralizingAgent', 'BuyCheapSellExpensiveAgent']",33,32,AgentMechanismInterface,False,False,True,17,0.21681888902094215,0.9,False,False,"(2, 37, 20)",,2,False,,"(2, 37, 20)",43e9a680-e7e6-4fef-8b04-d987ac513117,0,"[('43e9a680-e7e6-4fef-8b04-d987ac513117', (2, 37, 20))]"
683,failed,"['02Ind@1', '04MyA@2']","['IndDecentralizingAgent', 'MyAgent']",33,32,AgentMechanismInterface,False,False,True,17,0.5885073330136947,0.9,False,False,"(16, 39, 26)",,2,False,,"(16, 39, 26)",5afe3058-dd3e-483c-8fa9-0400fc705072,0,[]
684,failed,"['01Dec@0', '02Ind@1']","['DecentralizingAgent', 'IndDecentralizingAgent']",33,32,AgentMechanismInterface,False,False,True,17,0.5233206740231253,0.9,False,False,"(7, 36, 19)",,2,False,,"(7, 36, 19)",cb714cc6-87b8-4357-902a-30c3440fbc58,0,"[('cb714cc6-87b8-4357-902a-30c3440fbc58', (7, 36, 19))]"
685,failed,"['05Dec@2', '03Buy@1']","['DecentralizingAgent', 'BuyCheapSellExpensiveAgent']",33,32,AgentMechanismInterface,False,False,True,17,0.39856403099838644,0.9,False,False,"(10, 37, 10)",,2,False,,"(10, 37, 10)",bd580641-9476-4626-9b39-5a06d12893db,0,"[('bd580641-9476-4626-9b39-5a06d12893db', (10, 37, 10))]"
686,failed,"['05Dec@2', '03Buy@1']","['DecentralizingAgent', 'BuyCheapSellExpensiveAgent']",33,32,AgentMechanismInterface,False,False,True,17,0.5576475919806398,0.9,False,False,"(5, 38, 10)",,2,False,,"(5, 38, 10)",ee23460c-5d6b-475d-aac7-668fe2bc1ffe,0,"[('ee23460c-5d6b-475d-aac7-668fe2bc1ffe', (5, 38, 10))]"
687,failed,"['00Dec@0', '02Ind@1']","['DecentralizingAgent', 'IndDecentralizingAgent']",33,32,AgentMechanismInterface,False,False,True,17,0.48086655099177733,0.9,False,False,"(8, 42, 20)",,2,False,,"(8, 42, 20)",c1607ad0-f343-4522-8c65-64d6086be4ed,0,"[('c1607ad0-f343-4522-8c65-64d6086be4ed', (8, 42, 20))]"
688,failed,"['01Dec@0', '02Ind@1']","['DecentralizingAgent', 'IndDecentralizingAgent']",33,32,AgentMechanismInterface,False,False,True,17,0.26267086702864617,0.9,True,False,,,2,False,,"(2, 42, 18)",fe49a564-adaa-43d1-acb3-ceabfb605d32,0,[]
689,failed,"['05Dec@2', '02Ind@1']","['DecentralizingAgent', 'IndDecentralizingAgent']",33,32,AgentMechanismInterface,False,False,True,17,0.44369870802620426,0.9,False,False,"(5, 36, 9)",,2,False,,"(5, 36, 9)",0169358d-e78b-4065-9454-a8e5c0aa7144,0,"[('0169358d-e78b-4065-9454-a8e5c0aa7144', (5, 36, 9))]"
690,failed,"['05Dec@2', '02Ind@1']","['DecentralizingAgent', 'IndDecentralizingAgent']",33,32,AgentMechanismInterface,False,False,True,17,0.44112028600648046,0.9,True,False,,,2,False,,"(5, 38, 11)",4421f59e-4a6d-4017-ad67-63443f1964b3,0,[]
691,failed,"['00Dec@0', '03Buy@1']","['DecentralizingAgent', 'BuyCheapSellExpensiveAgent']",33,32,AgentMechanismInterface,False,False,True,17,0.5405479359906167,0.9,True,False,,,2,False,,"(8, 42, 20)",5b24b032-fea7-4b8d-9dac-08d35c75ecab,0,"[('5b24b032-fea7-4b8d-9dac-08d35c75ecab', (8, 42, 20))]"
692,failed,"['00Dec@0', '02Ind@1']","['DecentralizingAgent', 'IndDecentralizingAgent']",33,32,AgentMechanismInterface,False,False,True,17,0.5880433830316179,0.9,False,False,"(6, 38, 20)",,2,False,,"(6, 38, 20)",4d753c4c-9aba-455b-92f6-7036a2ee8560,0,"[('4d753c4c-9aba-455b-92f6-7036a2ee8560', (6, 38, 20))]"
693,failed,"['01Dec@0', '03Buy@1']","['DecentralizingAgent', 'BuyCheapSellExpensiveAgent']",33,32,AgentMechanismInterface,False,False,True,17,0.44989291299134493,0.9,True,False,,,2,False,,"(5, 39, 18)",9f7497f7-3505-471f-8e69-b32374734d06,0,[]
694,failed,"['00Dec@0', '02Ind@1']","['DecentralizingAgent', 'IndDecentralizingAgent']",33,32,AgentMechanismInterface,False,False,True,17,0.3111542579717934,0.9,False,False,"(2, 38, 19)",,2,False,,"(2, 38, 19)",dc4a0d65-615e-42cf-8f5a-a95f97c9d50a,0,"[('dc4a0d65-615e-42cf-8f5a-a95f97c9d50a', (2, 38, 19))]"
695,failed,"['00Dec@0', '03Buy@1']","['DecentralizingAgent', 'BuyCheapSellExpensiveAgent']",33,32,AgentMechanismInterface,False,False,True,17,0.46303728700149804,0.9,True,False,,,2,False,,"(2, 33, 20)",2631ec56-e3eb-430e-8f32-6735518908b8,0,"[('2631ec56-e3eb-430e-8f32-6735518908b8', (2, 33, 20))]"
696,failed,"['01Dec@0', '02Ind@1']","['DecentralizingAgent', 'IndDecentralizingAgent']",33,32,AgentMechanismInterface,False,False,True,17,0.517205172975082,0.9,False,False,"(17, 36, 19)",,2,False,,"(17, 36, 19)",7bc69397-a4de-4539-a25d-b92d70576267,0,[]
697,failed,"['01Dec@0', '03Buy@1']","['DecentralizingAgent', 'BuyCheapSellExpensiveAgent']",33,32,AgentMechanismInterface,False,False,True,17,0.5480888889869675,0.9,True,False,,,2,False,,"(17, 36, 19)",25fb5c97-6213-48c9-9a39-1175f35c0e56,0,[]
698,failed,"['00Dec@0', '03Buy@1']","['DecentralizingAgent', 'BuyCheapSellExpensiveAgent']",33,32,AgentMechanismInterface,False,False,True,17,0.34488747303839773,0.9,True,False,,,2,False,,"(4, 40, 18)",146a7377-1447-4092-8c58-6206b553de52,0,[]
699,failed,"['05Dec@2', '03Buy@1']","['DecentralizingAgent', 'BuyCheapSellExpensiveAgent']",33,32,AgentMechanismInterface,False,False,True,17,0.4712780260015279,0.9,True,False,,,2,False,,"(5, 37, 11)",7fa64eb7-5517-40ad-90f2-4bd98fb13540,0,[]
700,failed,"['04MyA@2', '02Ind@1']","['MyAgent', 'IndDecentralizingAgent']",34,33,AgentMechanismInterface,False,False,True,2,0.29784526402363554,0.15,False,False,"(54, 44, 18)",,2,False,,"(54, 44, 18)",347cd88f-0a97-4a13-9d6a-40f842952bb9,0,"[('347cd88f-0a97-4a13-9d6a-40f842952bb9', (54, 44, 18))]"
701,failed,"['00Dec@0', '02Ind@1']","['DecentralizingAgent', 'IndDecentralizingAgent']",34,33,AgentMechanismInterface,False,False,True,17,0.27395137900020927,0.9,False,False,"(6, 37, 19)",,2,False,,"(6, 37, 19)",4082a24b-1c12-499a-92dd-4a396e4a4e0a,0,"[('4082a24b-1c12-499a-92dd-4a396e4a4e0a', (6, 37, 19))]"
702,failed,"['00Dec@0', '03Buy@1']","['DecentralizingAgent', 'BuyCheapSellExpensiveAgent']",34,33,AgentMechanismInterface,False,False,True,17,0.28355347900651395,0.9,False,False,"(8, 42, 20)",,2,False,,"(8, 42, 20)",1e13f237-1eaf-4dce-bc60-b916c7eec75a,0,"[('1e13f237-1eaf-4dce-bc60-b916c7eec75a', (8, 42, 20))]"
703,failed,"['00Dec@0', '03Buy@1']","['DecentralizingAgent', 'BuyCheapSellExpensiveAgent']",34,33,AgentMechanismInterface,False,False,True,17,0.3566376580274664,0.9,True,False,,,2,False,,"(4, 40, 18)",14870a8c-efbd-4433-b89e-f38365bf3945,0,[]
704,failed,"['01Dec@0', '03Buy@1']","['DecentralizingAgent', 'BuyCheapSellExpensiveAgent']",34,33,AgentMechanismInterface,False,False,True,17,0.3139619019930251,0.9,False,False,"(7, 37, 20)",,2,False,,"(7, 37, 20)",c1188482-fa1d-4aef-bf1f-8aca5f7af3ff,0,"[('c1188482-fa1d-4aef-bf1f-8aca5f7af3ff', (7, 37, 20))]"
705,failed,"['05Dec@2', '02Ind@1']","['DecentralizingAgent', 'IndDecentralizingAgent']",34,33,AgentMechanismInterface,False,False,True,17,0.3321583369979635,0.9,False,False,"(8, 38, 10)",,2,False,,"(8, 38, 10)",cc673faf-17e7-437a-b160-4896d7b869b2,0,"[('cc673faf-17e7-437a-b160-4896d7b869b2', (8, 38, 10))]"
706,failed,"['05Dec@2', '03Buy@1']","['DecentralizingAgent', 'BuyCheapSellExpensiveAgent']",34,33,AgentMechanismInterface,False,False,True,17,0.2915131379850209,0.9,False,False,"(8, 34, 9)",,2,False,,"(8, 34, 9)",e7009de7-f5c5-4389-b445-49a3a75817db,0,"[('e7009de7-f5c5-4389-b445-49a3a75817db', (8, 34, 9))]"
707,failed,"['01Dec@0', '02Ind@1']","['DecentralizingAgent', 'IndDecentralizingAgent']",34,33,AgentMechanismInterface,False,False,True,17,0.21934315998805687,0.9,False,False,"(2, 42, 19)",,2,False,,"(2, 42, 19)",ec51cf04-1d71-4a08-aca1-5a329504b963,0,"[('ec51cf04-1d71-4a08-aca1-5a329504b963', (2, 42, 19))]"
708,failed,"['01Dec@0', '02Ind@1']","['DecentralizingAgent', 'IndDecentralizingAgent']",34,33,AgentMechanismInterface,False,False,True,17,0.23403945099562407,0.9,True,False,,,2,False,,"(5, 39, 18)",db5b74ca-ecb8-42a7-9e4a-f2f7cfb9c341,0,[]
709,failed,"['05Dec@2', '02Ind@1']","['DecentralizingAgent', 'IndDecentralizingAgent']",34,33,AgentMechanismInterface,False,False,True,17,0.19068922300357372,0.9,False,False,"(5, 37, 9)",,2,False,,"(5, 37, 9)",c639dd18-4da0-4991-a4b3-4f27a32f7e7b,0,"[('c639dd18-4da0-4991-a4b3-4f27a32f7e7b', (5, 37, 9))]"
710,failed,"['01Dec@0', '03Buy@1']","['DecentralizingAgent', 'BuyCheapSellExpensiveAgent']",34,33,AgentMechanismInterface,False,False,True,17,0.23803748801583424,0.9,True,False,,,2,False,,"(2, 37, 20)",4aa761a4-c2e9-4874-815f-ef431ae687b4,0,"[('4aa761a4-c2e9-4874-815f-ef431ae687b4', (2, 37, 20))]"
711,failed,"['02Ind@1', '04MyA@2']","['IndDecentralizingAgent', 'MyAgent']",34,33,AgentMechanismInterface,False,False,True,17,0.33706381800584495,0.9,False,False,"(25, 39, 28)",,2,False,,"(25, 39, 28)",4fab5267-5b87-4a38-a250-a66b89d7a608,0,[]
712,failed,"['00Dec@0', '02Ind@1']","['DecentralizingAgent', 'IndDecentralizingAgent']",34,33,AgentMechanismInterface,False,False,True,17,0.5506398020079359,0.9,True,False,,,2,False,,"(8, 42, 20)",cf80d7a6-3f09-4541-a676-9e0fc534b16c,0,"[('cf80d7a6-3f09-4541-a676-9e0fc534b16c', (8, 42, 20))]"
713,failed,"['05Dec@2', '03Buy@1']","['DecentralizingAgent', 'BuyCheapSellExpensiveAgent']",34,33,AgentMechanismInterface,False,False,True,17,0.4338607319514267,0.9,True,False,,,2,False,,"(5, 37, 9)",c369c1f2-abca-4db3-89f9-56826d42745d,0,"[('c369c1f2-abca-4db3-89f9-56826d42745d', (5, 37, 9))]"
714,failed,"['03Buy@1', '00Dec@0']","['BuyCheapSellExpensiveAgent', 'DecentralizingAgent']",34,33,AgentMechanismInterface,False,False,True,17,0.29563544801203534,0.9,False,False,"(25, 38, 7)",,2,False,,"(25, 38, 7)",f0d6705e-714e-4d84-801d-089a3647f23a,0,[]
715,failed,"['04MyA@2', '03Buy@1']","['MyAgent', 'BuyCheapSellExpensiveAgent']",35,34,AgentMechanismInterface,False,False,True,2,0.2169170979759656,0.15,False,False,"(45, 45, 18)",,2,False,,"(45, 45, 18)",e38855ea-2942-44f1-a21c-6b6fc74cc489,0,[]
716,failed,"['00Dec@0', '02Ind@1']","['DecentralizingAgent', 'IndDecentralizingAgent']",35,34,AgentMechanismInterface,False,False,True,17,0.19974180904682726,0.9,False,False,"(6, 41, 20)",,2,False,,"(6, 41, 20)",0853ad15-8a9a-432d-a8e5-ea6045feab59,0,"[('0853ad15-8a9a-432d-a8e5-ea6045feab59', (6, 41, 20))]"
717,failed,"['05Dec@2', '03Buy@1']","['DecentralizingAgent', 'BuyCheapSellExpensiveAgent']",35,34,AgentMechanismInterface,False,False,True,17,0.15669137699296698,0.9,False,False,"(5, 38, 9)",,2,False,,"(5, 38, 9)",18312bfb-f79c-46d5-a7d5-c4bf7adf3593,0,"[('18312bfb-f79c-46d5-a7d5-c4bf7adf3593', (5, 38, 9))]"
718,failed,"['01Dec@0', '03Buy@1']","['DecentralizingAgent', 'BuyCheapSellExpensiveAgent']",35,34,AgentMechanismInterface,False,False,True,17,0.27772188698872924,0.9,False,False,"(2, 37, 20)",,2,False,,"(2, 37, 20)",ad652446-e39c-4c23-8600-e8cfe018d715,0,"[('ad652446-e39c-4c23-8600-e8cfe018d715', (2, 37, 20))]"
719,failed,"['02Ind@1', '04MyA@2']","['IndDecentralizingAgent', 'MyAgent']",35,34,AgentMechanismInterface,False,False,True,17,0.2991633200435899,0.9,False,False,"(27, 40, 28)",,2,False,,"(27, 40, 28)",2203cb3e-c858-4f18-b8af-1652938a4a12,0,[]
720,failed,"['00Dec@0', '03Buy@1']","['DecentralizingAgent', 'BuyCheapSellExpensiveAgent']",35,34,AgentMechanismInterface,False,False,True,17,0.2168657099828124,0.9,False,False,"(18, 43, 20)",,2,False,,"(18, 43, 20)",d125de25-61d7-4e18-a6e6-8ad1a991b8d3,0,[]
721,failed,"['01Dec@0', '02Ind@1']","['DecentralizingAgent', 'IndDecentralizingAgent']",35,34,AgentMechanismInterface,False,False,True,17,0.31613399303751066,0.9,True,False,,,2,False,,"(2, 42, 18)",ae7f6ea2-4a8f-452a-8da6-7767f82bc086,0,[]
722,failed,"['01Dec@0', '02Ind@1']","['DecentralizingAgent', 'IndDecentralizingAgent']",35,34,AgentMechanismInterface,False,False,True,17,0.4186492589651607,0.9,False,False,"(11, 45, 20)",,2,False,,"(11, 45, 20)",284141ea-1744-4aba-bc84-af709f23720f,0,"[('284141ea-1744-4aba-bc84-af709f23720f', (11, 45, 20))]"
723,failed,"['00Dec@0', '02Ind@1']","['DecentralizingAgent', 'IndDecentralizingAgent']",35,34,AgentMechanismInterface,False,False,True,17,0.4690399539540522,0.9,True,False,,,2,False,,"(18, 42, 19)",0aba9254-9453-4386-9453-eb5c846c4e35,0,[]
724,failed,"['01Dec@0', '03Buy@1']","['DecentralizingAgent', 'BuyCheapSellExpensiveAgent']",35,34,AgentMechanismInterface,False,False,True,17,0.49256353196687996,0.9,False,False,"(11, 45, 20)",,2,False,,"(11, 45, 20)",e65f801b-29e1-478e-ae7a-2ea4356a83a3,0,"[('e65f801b-29e1-478e-ae7a-2ea4356a83a3', (11, 45, 20))]"
725,failed,"['05Dec@2', '02Ind@1']","['DecentralizingAgent', 'IndDecentralizingAgent']",35,34,AgentMechanismInterface,False,False,True,17,0.5309078660211526,0.9,True,False,,,2,False,,"(5, 38, 9)",cdf054b1-793b-4094-9a2c-5c79b61c4885,0,"[('cdf054b1-793b-4094-9a2c-5c79b61c4885', (5, 38, 9))]"
726,failed,"['00Dec@0', '03Buy@1']","['DecentralizingAgent', 'BuyCheapSellExpensiveAgent']",35,34,AgentMechanismInterface,False,False,True,17,0.5177756799967028,0.9,False,False,"(6, 37, 19)",,2,False,,"(6, 37, 19)",19065663-d474-4188-8995-e00d9f141bfc,0,"[('19065663-d474-4188-8995-e00d9f141bfc', (6, 37, 19))]"
727,failed,"['00Dec@0', '02Ind@1']","['DecentralizingAgent', 'IndDecentralizingAgent']",35,34,AgentMechanismInterface,False,False,True,17,0.2606254779966548,0.9,True,False,,,2,False,,"(4, 40, 18)",c5bb7fe7-f702-456b-929d-09c5405cd411,0,[]
728,failed,"['02Ind@1', '00Dec@0']","['IndDecentralizingAgent', 'DecentralizingAgent']",35,34,AgentMechanismInterface,False,False,True,17,0.2602368670050055,0.9,False,False,"(3, 35, 7)",,2,False,,"(3, 35, 7)",5be89e4c-d266-48be-a719-3f2281fad93f,0,"[('5be89e4c-d266-48be-a719-3f2281fad93f', (3, 35, 7))]"
729,failed,"['00Dec@0', '03Buy@1']","['DecentralizingAgent', 'BuyCheapSellExpensiveAgent']",35,34,AgentMechanismInterface,False,False,True,17,0.30301358498400077,0.9,True,False,,,2,False,,"(6, 41, 20)",2d005ede-c409-4ee2-b8cb-8019a682398d,0,"[('2d005ede-c409-4ee2-b8cb-8019a682398d', (6, 41, 20))]"
730,failed,"['00Dec@0', '02Ind@1']","['DecentralizingAgent', 'IndDecentralizingAgent']",36,35,AgentMechanismInterface,False,False,True,2,0.19028396002249792,0.15,False,False,"(10, 36, 13)",,2,False,,"(10, 36, 13)",505fabe1-274a-44e6-b47a-11062f67628d,0,[]
731,failed,"['04MyA@2', '02Ind@1']","['MyAgent', 'IndDecentralizingAgent']",36,35,AgentMechanismInterface,False,False,True,2,0.15442784095648676,0.15,False,False,"(43, 46, 18)",,2,False,,"(43, 46, 18)",011983b1-6e2e-4c23-a10b-ca0af439095b,0,[]
732,failed,"['01Dec@0', '02Ind@1']","['DecentralizingAgent', 'IndDecentralizingAgent']",36,35,AgentMechanismInterface,False,False,True,17,0.3232061990420334,0.9,False,False,"(10, 46, 20)",,2,False,,"(10, 46, 20)",1483d256-acff-4c70-869a-33969fa9ed3e,0,"[('1483d256-acff-4c70-869a-33969fa9ed3e', (10, 46, 20))]"
733,failed,"['00Dec@0', '03Buy@1']","['DecentralizingAgent', 'BuyCheapSellExpensiveAgent']",36,35,AgentMechanismInterface,False,False,True,17,0.13833933300338686,0.9,False,False,"(18, 42, 19)",,2,False,,"(18, 42, 19)",70f3fd11-e3b1-4712-9e8c-94b9d79c7068,0,[]
734,failed,"['05Dec@2', '02Ind@1']","['DecentralizingAgent', 'IndDecentralizingAgent']",36,35,AgentMechanismInterface,False,False,True,17,0.2833054430084303,0.9,False,False,"(5, 39, 10)",,2,False,,"(5, 39, 10)",400f5770-2945-4fbd-bb96-3940f308f847,0,"[('400f5770-2945-4fbd-bb96-3940f308f847', (5, 39, 10))]"
735,failed,"['01Dec@0', '02Ind@1']","['DecentralizingAgent', 'IndDecentralizingAgent']",36,35,AgentMechanismInterface,False,False,True,17,0.29895967402262613,0.9,False,False,"(2, 37, 20)",,2,False,,"(2, 37, 20)",6aebb414-f72d-444a-8f71-a3c38b5f6129,0,"[('6aebb414-f72d-444a-8f71-a3c38b5f6129', (2, 37, 20))]"
736,failed,"['00Dec@0', '03Buy@1']","['DecentralizingAgent', 'BuyCheapSellExpensiveAgent']",36,35,AgentMechanismInterface,False,False,True,17,0.31285690201912075,0.9,False,False,"(6, 40, 19)",,2,False,,"(6, 40, 19)",ab51182c-aed3-407c-b36e-2e5f622960ec,0,"[('ab51182c-aed3-407c-b36e-2e5f622960ec', (6, 40, 19))]"
737,failed,"['00Dec@0', '02Ind@1']","['DecentralizingAgent', 'IndDecentralizingAgent']",36,35,AgentMechanismInterface,False,False,True,17,0.35846228699665517,0.9,True,False,,,2,False,,"(6, 41, 20)",5b9210ee-2c24-4204-a545-154905bcfa51,0,"[('5b9210ee-2c24-4204-a545-154905bcfa51', (6, 41, 20))]"
738,failed,"['01Dec@0', '03Buy@1']","['DecentralizingAgent', 'BuyCheapSellExpensiveAgent']",36,35,AgentMechanismInterface,False,False,True,17,0.2168923260178417,0.9,True,False,,,2,False,,"(10, 46, 20)",6b5aba1d-82ec-4b81-8a76-3c79d8af2808,0,"[('6b5aba1d-82ec-4b81-8a76-3c79d8af2808', (10, 46, 20))]"
739,failed,"['05Dec@2', '03Buy@1']","['DecentralizingAgent', 'BuyCheapSellExpensiveAgent']",36,35,AgentMechanismInterface,False,False,True,17,0.31868238403694704,0.9,True,False,,,2,False,,"(5, 39, 11)",41513098-137d-459f-a199-479f6b26ad90,0,[]
740,failed,"['01Dec@0', '03Buy@1']","['DecentralizingAgent', 'BuyCheapSellExpensiveAgent']",36,35,AgentMechanismInterface,False,False,True,17,0.347059421997983,0.9,True,False,,,2,False,,"(2, 37, 20)",c9d602b4-3778-4f43-b18b-f0950f72ae82,0,"[('c9d602b4-3778-4f43-b18b-f0950f72ae82', (2, 37, 20))]"
741,failed,"['00Dec@0', '02Ind@1']","['DecentralizingAgent', 'IndDecentralizingAgent']",36,35,AgentMechanismInterface,False,False,True,17,0.25343484798213467,0.9,True,False,,,2,False,,"(18, 42, 19)",c8b68861-60e1-47e1-be70-4645bc3c433f,0,[]
742,failed,"['02Ind@1', '04MyA@2']","['IndDecentralizingAgent', 'MyAgent']",36,35,AgentMechanismInterface,False,False,True,17,0.418217004975304,0.9,False,False,"(1, 41, 27)",,2,False,,"(1, 41, 27)",3e1000c0-059e-425b-a2b1-f4eaf9890fb6,0,"[('3e1000c0-059e-425b-a2b1-f4eaf9890fb6', (1, 41, 27))]"
743,failed,"['04MyA@2', '02Ind@1']","['MyAgent', 'IndDecentralizingAgent']",37,36,AgentMechanismInterface,False,False,True,2,0.14562798797851428,0.15,False,False,"(69, 47, 18)",,2,False,,"(69, 47, 18)",735a577e-c3d6-4380-9ecc-feacf3eeeeee,0,[]
744,failed,"['02Ind@1', '05Dec@2']","['IndDecentralizingAgent', 'DecentralizingAgent']",37,36,AgentMechanismInterface,False,False,True,17,0.31422381300944835,0.9,False,False,"(11, 43, 28)",,2,False,,"(11, 43, 28)",9dbea02d-cdd3-4f2c-a669-7bb0cc1570dc,0,"[('9dbea02d-cdd3-4f2c-a669-7bb0cc1570dc', (11, 43, 28))]"
745,failed,"['00Dec@0', '02Ind@1']","['DecentralizingAgent', 'IndDecentralizingAgent']",37,36,AgentMechanismInterface,False,False,True,17,0.4093871669610962,0.9,False,False,"(6, 41, 20)",,2,False,,"(6, 41, 20)",36c593a5-3057-4b1d-9daa-4b6c28acc2bb,0,"[('36c593a5-3057-4b1d-9daa-4b6c28acc2bb', (6, 41, 20))]"
746,failed,"['01Dec@0', '02Ind@1']","['DecentralizingAgent', 'IndDecentralizingAgent']",37,36,AgentMechanismInterface,False,False,True,17,0.3353936320054345,0.9,False,False,"(10, 41, 19)",,2,False,,"(10, 41, 19)",99dd71cd-a288-4fd8-8914-afb91f0ec28b,0,"[('99dd71cd-a288-4fd8-8914-afb91f0ec28b', (10, 41, 19))]"
747,failed,"['05Dec@2', '03Buy@1']","['DecentralizingAgent', 'BuyCheapSellExpensiveAgent']",37,36,AgentMechanismInterface,False,False,True,17,0.4189056240138598,0.9,False,False,"(5, 40, 10)",,2,False,,"(5, 40, 10)",2f8354f2-7bf9-44cd-9f98-0fc97c50bb67,0,"[('2f8354f2-7bf9-44cd-9f98-0fc97c50bb67', (5, 40, 10))]"
748,failed,"['00Dec@0', '03Buy@1']","['DecentralizingAgent', 'BuyCheapSellExpensiveAgent']",37,36,AgentMechanismInterface,False,False,True,17,0.36929969798075035,0.9,True,False,,,2,False,,"(4, 43, 18)",34543d4b-54f0-4fd2-aa2c-c0ac084b23a1,0,[]
749,failed,"['00Dec@0', '03Buy@1']","['DecentralizingAgent', 'BuyCheapSellExpensiveAgent']",37,36,AgentMechanismInterface,False,False,True,17,0.4187595220282674,0.9,False,False,"(18, 42, 19)",,2,False,,"(18, 42, 19)",00ce0c6c-e2ce-40f5-8bb2-9379ec1a0fb8,0,[]
750,failed,"['00Dec@0', '02Ind@1']","['DecentralizingAgent', 'IndDecentralizingAgent']",37,36,AgentMechanismInterface,False,False,True,17,0.40854802797548473,0.9,True,False,,,2,False,,"(18, 42, 19)",c42e38ba-b9c8-4774-911c-8ff8da4c62f7,0,[]
751,failed,"['01Dec@0', '02Ind@1']","['DecentralizingAgent', 'IndDecentralizingAgent']",37,36,AgentMechanismInterface,False,False,True,17,0.3861417360021733,0.9,False,False,"(13, 42, 19)",,2,False,,"(13, 42, 19)",fce48d98-4f94-4faa-acf8-d97ae0b470c2,0,[]
752,failed,"['01Dec@0', '02Ind@1']","['DecentralizingAgent', 'IndDecentralizingAgent']",37,36,AgentMechanismInterface,False,False,True,17,0.46236604399746284,0.9,False,False,"(2, 37, 20)",,2,False,,"(2, 37, 20)",4c134e69-f8fe-45f0-8e15-c8a59c36b03f,0,"[('4c134e69-f8fe-45f0-8e15-c8a59c36b03f', (2, 37, 20))]"
753,failed,"['01Dec@0', '03Buy@1']","['DecentralizingAgent', 'BuyCheapSellExpensiveAgent']",37,36,AgentMechanismInterface,False,False,True,17,0.22065463400213048,0.9,True,False,,,2,False,,"(10, 46, 20)",8b49763d-b774-4408-bd9c-b8266661626c,0,"[('8b49763d-b774-4408-bd9c-b8266661626c', (10, 46, 20))]"
754,failed,"['05Dec@2', '02Ind@1']","['DecentralizingAgent', 'IndDecentralizingAgent']",37,36,AgentMechanismInterface,False,False,True,17,0.5495923949638382,0.9,True,False,,,2,False,,"(5, 39, 11)",a5b4e344-7861-46d0-9f72-9613836f7890,0,[]
755,failed,"['01Dec@0', '03Buy@1']","['DecentralizingAgent', 'BuyCheapSellExpensiveAgent']",37,36,AgentMechanismInterface,False,False,True,17,0.5394796350155957,0.9,False,False,"(13, 47, 20)",,2,False,,"(13, 47, 20)",d4c06173-1329-4042-869d-41aa0ab327d0,0,[]
756,failed,"['01Dec@0', '03Buy@1']","['DecentralizingAgent', 'BuyCheapSellExpensiveAgent']",37,36,AgentMechanismInterface,False,False,True,17,0.4337771729915403,0.9,True,False,,,2,False,,"(2, 42, 18)",80ca7eca-7c96-4a92-ade4-fc803a310108,0,[]
757,failed,"['02Ind@1', '04MyA@2']","['IndDecentralizingAgent', 'MyAgent']",37,36,AgentMechanismInterface,False,False,True,17,0.5622495620045811,0.9,False,False,"(11, 46, 26)",,2,False,,"(11, 46, 26)",b1b85a17-dded-497f-8e87-717810cbdeb5,0,"[('b1b85a17-dded-497f-8e87-717810cbdeb5', (11, 46, 26))]"
758,failed,"['04MyA@2', '02Ind@1']","['MyAgent', 'IndDecentralizingAgent']",38,37,AgentMechanismInterface,False,False,True,2,0.1602227019611746,0.15,False,False,"(59, 48, 18)",,2,False,,"(59, 48, 18)",dad0a64d-b6d1-4535-a90b-eebd59528908,0,"[('dad0a64d-b6d1-4535-a90b-eebd59528908', (59, 48, 18))]"
759,failed,"['02Ind@1', '00Dec@0']","['IndDecentralizingAgent', 'DecentralizingAgent']",38,37,AgentMechanismInterface,False,False,True,17,0.507814044947736,0.9,False,False,"(3, 42, 7)",,2,False,,"(3, 42, 7)",90a80c4f-a64b-4619-9817-75e77a5bdb0f,0,"[('90a80c4f-a64b-4619-9817-75e77a5bdb0f', (3, 42, 7))]"
760,failed,"['00Dec@0', '02Ind@1']","['DecentralizingAgent', 'IndDecentralizingAgent']",38,37,AgentMechanismInterface,False,False,True,17,0.4074388390290551,0.9,False,False,"(6, 40, 19)",,2,False,,"(6, 40, 19)",8134f767-9ebe-4af0-a90a-2a01e3588107,0,"[('8134f767-9ebe-4af0-a90a-2a01e3588107', (6, 40, 19))]"
761,failed,"['00Dec@0', '03Buy@1']","['DecentralizingAgent', 'BuyCheapSellExpensiveAgent']",38,37,AgentMechanismInterface,False,False,True,17,0.4031528199557215,0.9,False,False,"(13, 43, 19)",,2,False,,"(13, 43, 19)",bffca46a-aa11-461c-b430-3d4d8eed35c8,0,[]
762,failed,"['00Dec@0', '02Ind@1']","['DecentralizingAgent', 'IndDecentralizingAgent']",38,37,AgentMechanismInterface,False,False,True,17,0.556979492015671,0.9,True,False,,,2,False,,"(13, 43, 19)",fe16b232-2f0f-47ed-9bdb-6ecf9891729e,0,[]
763,failed,"['02Ind@1', '04MyA@2']","['IndDecentralizingAgent', 'MyAgent']",38,37,AgentMechanismInterface,False,False,True,17,0.6431860819575377,0.9,False,False,"(15, 46, 28)",,2,False,,"(15, 46, 28)",10a677a5-d76d-48e5-aa76-1f7f192d87ff,0,"[('10a677a5-d76d-48e5-aa76-1f7f192d87ff', (15, 46, 28))]"
764,failed,"['00Dec@0', '03Buy@1']","['DecentralizingAgent', 'BuyCheapSellExpensiveAgent']",38,37,AgentMechanismInterface,False,False,True,17,0.5102700749994256,0.9,True,False,,,2,False,,"(4, 43, 18)",312ff484-ee7c-4b55-912e-3cf662b1c0b0,0,[]
765,failed,"['01Dec@0', '02Ind@1']","['DecentralizingAgent', 'IndDecentralizingAgent']",38,37,AgentMechanismInterface,False,False,True,17,0.4530453580082394,0.9,False,False,"(10, 46, 20)",,2,False,,"(10, 46, 20)",bbeeb86e-2ee7-4930-9768-4a301890aaec,0,"[('bbeeb86e-2ee7-4930-9768-4a301890aaec', (10, 46, 20))]"
766,failed,"['05Dec@2', '02Ind@1']","['DecentralizingAgent', 'IndDecentralizingAgent']",38,37,AgentMechanismInterface,False,False,True,17,0.5676836020429619,0.9,False,False,"(5, 40, 10)",,2,False,,"(5, 40, 10)",94c055a5-a94b-40a3-8e6a-8c72f0936d07,0,"[('94c055a5-a94b-40a3-8e6a-8c72f0936d07', (5, 40, 10))]"
767,failed,"['01Dec@0', '03Buy@1']","['DecentralizingAgent', 'BuyCheapSellExpensiveAgent']",38,37,AgentMechanismInterface,False,False,True,17,0.2888918449752964,0.9,True,False,,,2,False,,"(10, 46, 20)",e2d7706a-1376-4e20-a495-246c863a2357,0,"[('e2d7706a-1376-4e20-a495-246c863a2357', (10, 46, 20))]"
768,failed,"['02Ind@1', '05Dec@2']","['IndDecentralizingAgent', 'DecentralizingAgent']",38,37,AgentMechanismInterface,False,False,True,17,0.3401614779722877,0.9,False,False,"(15, 45, 26)",,2,False,,"(15, 45, 26)",24c8d906-e214-4d11-91ac-62d320ea73ac,0,"[('24c8d906-e214-4d11-91ac-62d320ea73ac', (15, 45, 26))]"
769,failed,"['02Ind@1', '01Dec@0']","['IndDecentralizingAgent', 'DecentralizingAgent']",38,37,AgentMechanismInterface,False,False,True,17,0.6599865609896369,0.9,False,False,"(3, 38, 7)",,2,False,,"(3, 38, 7)",11a78021-a014-49fc-99c4-482086054d6a,0,"[('11a78021-a014-49fc-99c4-482086054d6a', (3, 38, 7))]"
770,failed,"['01Dec@0', '03Buy@1']","['DecentralizingAgent', 'BuyCheapSellExpensiveAgent']",38,37,AgentMechanismInterface,False,False,True,17,0.5717645079712383,0.9,False,False,"(17, 44, 19)",,2,False,,"(17, 44, 19)",ab485779-eea1-4362-887a-9139e39fc38f,0,[]
771,failed,"['01Dec@0', '02Ind@1']","['DecentralizingAgent', 'IndDecentralizingAgent']",38,37,AgentMechanismInterface,False,False,True,17,0.6255801740335301,0.9,True,False,,,2,False,,"(17, 44, 19)",4e617273-d418-4ee6-8933-76cc8f2f3a32,0,[]
772,failed,"['05Dec@2', '03Buy@1']","['DecentralizingAgent', 'BuyCheapSellExpensiveAgent']",38,37,AgentMechanismInterface,False,False,True,17,0.5978687719907612,0.9,True,False,,,2,False,,"(5, 40, 9)",bc809d7e-6119-40c5-82a1-a6519c8c81f6,0,"[('bc809d7e-6119-40c5-82a1-a6519c8c81f6', (5, 40, 9))]"
773,failed,"['05Dec@2', '03Buy@1']","['DecentralizingAgent', 'BuyCheapSellExpensiveAgent']",38,37,AgentMechanismInterface,False,False,True,17,0.6764588470105082,0.9,True,False,,,2,False,,"(5, 40, 11)",e789aa89-dadf-440a-b8a9-c9250ddb1424,0,[]
774,failed,"['00Dec@0', '02Ind@1']","['DecentralizingAgent', 'IndDecentralizingAgent']",38,37,AgentMechanismInterface,False,False,True,17,0.5038692079833709,0.9,False,False,"(18, 43, 20)",,2,False,,"(18, 43, 20)",34c9dc7f-c8cb-4d5a-b40b-af97a391aa94,0,[]
775,failed,"['05Dec@2', '02Ind@1']","['DecentralizingAgent', 'IndDecentralizingAgent']",38,37,AgentMechanismInterface,False,False,True,17,0.6571562439785339,0.9,True,False,,,2,False,,"(5, 40, 11)",9c90da2b-0301-429b-b11b-2c0c1daf6ce1,0,[]
776,failed,"['00Dec@0', '03Buy@1']","['DecentralizingAgent', 'BuyCheapSellExpensiveAgent']",38,37,AgentMechanismInterface,False,False,True,17,0.5819764120387845,0.9,False,False,"(18, 43, 20)",,2,False,,"(18, 43, 20)",fc533cd8-bcf9-4ee5-8568-c59d390cf6a6,0,[]
777,failed,"['00Dec@0', '03Buy@1']","['DecentralizingAgent', 'BuyCheapSellExpensiveAgent']",39,38,AgentMechanismInterface,False,False,True,2,0.2687210649601184,0.15,False,False,"(30, 39, 13)",,2,False,,"(30, 39, 13)",75d32ddd-0d5a-4539-a2e2-f4f2695b0851,0,"[('75d32ddd-0d5a-4539-a2e2-f4f2695b0851', (30, 39, 13))]"
778,failed,"['01Dec@0', '03Buy@1']","['DecentralizingAgent', 'BuyCheapSellExpensiveAgent']",39,38,AgentMechanismInterface,False,False,True,2,0.07346602698089555,0.15,False,False,"(35, 39, 13)",,2,False,,"(35, 39, 13)",ad20e5be-91cb-4803-8434-0faae9eb7018,0,"[('ad20e5be-91cb-4803-8434-0faae9eb7018', (35, 39, 13))]"
779,failed,"['04MyA@2', '03Buy@1']","['MyAgent', 'BuyCheapSellExpensiveAgent']",39,38,AgentMechanismInterface,False,False,True,2,0.4093279039952904,0.15,False,False,"(55, 49, 18)",,2,False,,"(55, 49, 18)",1eb733b1-b402-434d-b703-bd1ef56de353,0,[]
780,failed,"['05Dec@2', '03Buy@1']","['DecentralizingAgent', 'BuyCheapSellExpensiveAgent']",39,38,AgentMechanismInterface,False,False,True,6,0.295759849017486,0.35,False,False,"(20, 49, 18)",,2,False,,"(20, 49, 18)",b0c8c91c-3545-4097-b48a-653e00f91d70,0,[]
781,failed,"['01Dec@0', '03Buy@1']","['DecentralizingAgent', 'BuyCheapSellExpensiveAgent']",39,38,AgentMechanismInterface,False,False,True,17,0.3341774769942276,0.9,False,False,"(17, 47, 20)",,2,False,,"(17, 47, 20)",eef77f3a-1193-42c7-9792-e77ab18cc1cb,0,[]
782,failed,"['02Ind@1', '04MyA@2']","['IndDecentralizingAgent', 'MyAgent']",39,38,AgentMechanismInterface,False,False,True,17,0.2593864109949209,0.9,False,False,"(2, 49, 27)",,2,False,,"(2, 49, 27)",ee89da57-7227-4ea2-9767-1333da90ceb5,0,"[('ee89da57-7227-4ea2-9767-1333da90ceb5', (2, 49, 27))]"
783,failed,"['05Dec@2', '02Ind@1']","['DecentralizingAgent', 'IndDecentralizingAgent']",39,38,AgentMechanismInterface,False,False,True,17,0.24929928802885115,0.9,False,False,"(5, 41, 10)",,2,False,,"(5, 41, 10)",26120e63-a437-4a03-9ca8-72c98009d062,0,"[('26120e63-a437-4a03-9ca8-72c98009d062', (5, 41, 10))]"
784,failed,"['00Dec@0', '02Ind@1']","['DecentralizingAgent', 'IndDecentralizingAgent']",39,38,AgentMechanismInterface,False,False,True,17,0.41954012302448973,0.9,False,False,"(13, 43, 19)",,2,False,,"(13, 43, 19)",32db1dac-e957-4591-9358-9f6af026d01f,0,[]
785,failed,"['00Dec@0', '03Buy@1']","['DecentralizingAgent', 'BuyCheapSellExpensiveAgent']",39,38,AgentMechanismInterface,False,False,True,17,0.3991302629583515,0.9,False,False,"(13, 48, 20)",,2,False,,"(13, 48, 20)",93a37b6e-261b-418c-8e81-ed860325303f,0,[]
786,failed,"['01Dec@0', '02Ind@1']","['DecentralizingAgent', 'IndDecentralizingAgent']",39,38,AgentMechanismInterface,False,False,True,17,0.34611583495279774,0.9,False,False,"(10, 46, 20)",,2,False,,"(10, 46, 20)",b68933c5-ce38-4e40-a106-43207f73d143,0,"[('b68933c5-ce38-4e40-a106-43207f73d143', (10, 46, 20))]"
787,failed,"['01Dec@0', '02Ind@1']","['DecentralizingAgent', 'IndDecentralizingAgent']",39,38,AgentMechanismInterface,False,False,True,17,0.30817215802380815,0.9,True,False,,,2,False,,"(17, 44, 19)",aaffbc1a-0300-4eca-88eb-282e9be33870,0,[]
788,failed,"['00Dec@0', '02Ind@1']","['DecentralizingAgent', 'IndDecentralizingAgent']",39,38,AgentMechanismInterface,False,False,True,17,0.5592064190423116,0.9,False,False,"(15, 45, 19)",,2,False,,"(15, 45, 19)",8c0f20d4-3c2c-4689-840d-743f89d0fa95,0,[]
789,failed,"['02Ind@1', '01Dec@0']","['IndDecentralizingAgent', 'DecentralizingAgent']",39,38,AgentMechanismInterface,False,False,True,17,0.36080549500184134,0.9,False,False,"(3, 39, 7)",,2,False,,"(3, 39, 7)",39513dc2-0dd5-4e0b-bbd4-797f26cec58e,0,"[('39513dc2-0dd5-4e0b-bbd4-797f26cec58e', (3, 39, 7))]"
790,failed,"['05Dec@2', '03Buy@1']","['DecentralizingAgent', 'BuyCheapSellExpensiveAgent']",39,38,AgentMechanismInterface,False,False,True,17,0.40322283800924197,0.9,True,False,,,2,False,,"(5, 41, 9)",066e67d4-d850-4a52-b661-fae49a844ec2,0,"[('066e67d4-d850-4a52-b661-fae49a844ec2', (5, 41, 9))]"
791,failed,"['02Ind@1', '05Dec@2']","['IndDecentralizingAgent', 'DecentralizingAgent']",39,38,AgentMechanismInterface,False,False,True,17,0.5599711840040982,0.9,False,False,"(2, 44, 27)",,2,False,,"(2, 44, 27)",729ae816-5a10-4006-ad1c-94ec8f5947f5,0,"[('729ae816-5a10-4006-ad1c-94ec8f5947f5', (2, 44, 27))]"
792,failed,"['05Dec@2', '03Buy@1']","['DecentralizingAgent', 'BuyCheapSellExpensiveAgent']",39,38,AgentMechanismInterface,False,False,True,17,0.41773788299178705,0.9,False,False,"(5, 40, 9)",,2,False,,"(5, 40, 9)",bc0994ae-b02e-41fe-9a44-b1c25ed040a1,0,"[('bc0994ae-b02e-41fe-9a44-b1c25ed040a1', (5, 40, 9))]"
793,failed,"['02Ind@1', '00Dec@0']","['IndDecentralizingAgent', 'DecentralizingAgent']",39,38,AgentMechanismInterface,False,False,True,17,0.5564114280277863,0.9,False,False,"(3, 43, 7)",,2,False,,"(3, 43, 7)",0f48708b-136d-4823-8452-37eb5ed17343,0,"[('0f48708b-136d-4823-8452-37eb5ed17343', (3, 43, 7))]"
794,failed,"['00Dec@0', '03Buy@1']","['DecentralizingAgent', 'BuyCheapSellExpensiveAgent']",39,38,AgentMechanismInterface,False,False,True,17,0.39767511398531497,0.9,False,False,"(15, 48, 20)",,2,False,,"(15, 48, 20)",069968a0-03b9-442e-b213-8981c3f888eb,0,[]
795,failed,"['01Dec@0', '03Buy@1']","['DecentralizingAgent', 'BuyCheapSellExpensiveAgent']",39,38,AgentMechanismInterface,False,False,True,17,0.3504126879852265,0.9,True,False,,,2,False,,"(10, 46, 20)",35d96520-d752-4742-877e-bf621486580f,0,"[('35d96520-d752-4742-877e-bf621486580f', (10, 46, 20))]"
796,failed,"['05Dec@2', '02Ind@1']","['DecentralizingAgent', 'IndDecentralizingAgent']",39,38,AgentMechanismInterface,False,False,True,17,0.5808335720212199,0.9,True,False,,,2,False,,"(5, 40, 11)",6382db28-4c3c-4261-b0d9-d49a0250932b,0,[]
797,failed,"['01Dec@0', '03Buy@1']","['DecentralizingAgent', 'BuyCheapSellExpensiveAgent']",40,39,AgentMechanismInterface,False,False,True,2,0.22544097696663812,0.15,False,False,"(43, 40, 13)",,2,False,,"(43, 40, 13)",b4f438d6-9717-4a46-86cb-af4697bc469b,0,[]
798,failed,"['05Dec@2', '03Buy@1']","['DecentralizingAgent', 'BuyCheapSellExpensiveAgent']",40,39,AgentMechanismInterface,False,False,True,2,0.3974922500201501,0.15,False,False,"(33, 50, 18)",,2,False,,"(33, 50, 18)",3c4150bc-3adc-4afe-86db-d2c69165a2da,0,"[('3c4150bc-3adc-4afe-86db-d2c69165a2da', (33, 50, 18))]"
799,failed,"['00Dec@0', '03Buy@1']","['DecentralizingAgent', 'BuyCheapSellExpensiveAgent']",40,39,AgentMechanismInterface,False,False,True,2,0.27638658601790667,0.15,False,False,"(17, 40, 13)",,2,False,,"(17, 40, 13)",d29c3d57-1f88-42c9-b34c-569502811782,0,"[('d29c3d57-1f88-42c9-b34c-569502811782', (17, 40, 13))]"
800,failed,"['04MyA@2', '02Ind@1']","['MyAgent', 'IndDecentralizingAgent']",40,39,AgentMechanismInterface,False,False,True,2,0.23150004300987348,0.15,False,False,"(68, 50, 18)",,2,False,,"(68, 50, 18)",31d3548b-b856-4b3b-8017-4e747c4a80b6,0,[]
801,failed,"['05Dec@2', '03Buy@1']","['DecentralizingAgent', 'BuyCheapSellExpensiveAgent']",40,39,AgentMechanismInterface,False,False,True,17,0.20485870901029557,0.9,False,False,"(5, 45, 10)",,2,False,,"(5, 45, 10)",0f6d8795-bac4-40bc-a273-ce3bacc9d16c,0,"[('0f6d8795-bac4-40bc-a273-ce3bacc9d16c', (5, 45, 10))]"
802,failed,"['01Dec@0', '02Ind@1']","['DecentralizingAgent', 'IndDecentralizingAgent']",40,39,AgentMechanismInterface,False,False,True,17,0.4521086189779453,0.9,False,False,"(17, 47, 20)",,2,False,,"(17, 47, 20)",987e05ce-4137-4e69-93a6-8e2f6a1706a3,0,[]
803,failed,"['01Dec@0', '03Buy@1']","['DecentralizingAgent', 'BuyCheapSellExpensiveAgent']",40,39,AgentMechanismInterface,False,False,True,17,0.4630528880516067,0.9,False,False,"(10, 41, 19)",,2,False,,"(10, 41, 19)",bc71e579-bdab-48bc-a411-d8a26b9d12e6,0,"[('bc71e579-bdab-48bc-a411-d8a26b9d12e6', (10, 41, 19))]"
804,failed,"['01Dec@0', '02Ind@1']","['DecentralizingAgent', 'IndDecentralizingAgent']",40,39,AgentMechanismInterface,False,False,True,17,0.4970338640268892,0.9,True,False,,,2,False,,"(7, 46, 18)",2acc0ee9-908a-4d25-9cf6-47375b8bf763,0,[]
805,failed,"['05Dec@2', '02Ind@1']","['DecentralizingAgent', 'IndDecentralizingAgent']",40,39,AgentMechanismInterface,False,False,True,17,0.25773448997642845,0.9,False,False,"(5, 41, 10)",,2,False,,"(5, 41, 10)",ad4ab5db-9461-466c-99bc-183235a144b6,0,"[('ad4ab5db-9461-466c-99bc-183235a144b6', (5, 41, 10))]"
806,failed,"['05Dec@2', '02Ind@1']","['DecentralizingAgent', 'IndDecentralizingAgent']",40,39,AgentMechanismInterface,False,False,True,17,0.2444259659969248,0.9,False,False,"(5, 41, 9)",,2,False,,"(5, 41, 9)",22346db9-8812-4547-80d7-605ae1ba68fa,0,"[('22346db9-8812-4547-80d7-605ae1ba68fa', (5, 41, 9))]"
807,failed,"['02Ind@1', '05Dec@2']","['IndDecentralizingAgent', 'DecentralizingAgent']",40,39,AgentMechanismInterface,False,False,True,17,0.23061295604566112,0.9,False,False,"(2, 45, 27)",,2,False,,"(2, 45, 27)",55928369-a2e9-48eb-8287-14b47b94426a,0,"[('55928369-a2e9-48eb-8287-14b47b94426a', (2, 45, 27))]"
808,failed,"['02Ind@1', '04MyA@2']","['IndDecentralizingAgent', 'MyAgent']",40,39,AgentMechanismInterface,False,False,True,17,0.48279703699517995,0.9,False,False,"(2, 45, 27)",,2,False,,"(2, 45, 27)",eeff9513-bb11-46f6-ad46-ed70bb90a80b,0,"[('eeff9513-bb11-46f6-ad46-ed70bb90a80b', (2, 45, 27))]"
809,failed,"['01Dec@0', '03Buy@1']","['DecentralizingAgent', 'BuyCheapSellExpensiveAgent']",40,39,AgentMechanismInterface,False,False,True,17,0.2844008510001004,0.9,True,False,,,2,False,,"(17, 44, 19)",f711876b-58a0-45f2-a457-0439dff9294e,0,[]
810,failed,"['05Dec@2', '02Ind@1']","['DecentralizingAgent', 'IndDecentralizingAgent']",40,39,AgentMechanismInterface,False,False,True,17,0.32842876500217244,0.9,False,False,"(5, 42, 9)",,2,False,,"(5, 42, 9)",af284bf0-9883-4578-a51b-4933ce301284,0,"[('af284bf0-9883-4578-a51b-4933ce301284', (5, 42, 9))]"
811,failed,"['05Dec@2', '03Buy@1']","['DecentralizingAgent', 'BuyCheapSellExpensiveAgent']",40,39,AgentMechanismInterface,False,False,True,17,0.5350680720293894,0.9,True,False,,,2,False,,"(5, 42, 9)",cdd83401-59fb-4efd-af1f-b45ecb15ecd5,0,"[('cdd83401-59fb-4efd-af1f-b45ecb15ecd5', (5, 42, 9))]"
812,failed,"['05Dec@2', '03Buy@1']","['DecentralizingAgent', 'BuyCheapSellExpensiveAgent']",40,39,AgentMechanismInterface,False,False,True,17,0.33221235300879925,0.9,True,False,,,2,False,,"(5, 41, 11)",be1ad261-e0cc-435c-ae28-2b468ad2c0b9,0,[]
813,failed,"['05Dec@2', '02Ind@1']","['DecentralizingAgent', 'IndDecentralizingAgent']",40,39,AgentMechanismInterface,False,False,True,17,0.7002034290344454,0.9,True,False,,,2,False,,"(5, 44, 9)",a372e02e-07d2-48f3-9770-64e7e1d8eb8d,0,"[('a372e02e-07d2-48f3-9770-64e7e1d8eb8d', (5, 44, 9))]"
814,failed,"['05Dec@2', '03Buy@1']","['DecentralizingAgent', 'BuyCheapSellExpensiveAgent']",40,39,AgentMechanismInterface,False,False,True,17,0.3763416090514511,0.9,True,False,,,2,False,,"(5, 40, 11)",4481cd60-76ea-4e03-9181-f70e0f1a4367,0,[]
815,failed,"['05Dec@2', '03Buy@1']","['DecentralizingAgent', 'BuyCheapSellExpensiveAgent']",41,40,AgentMechanismInterface,False,False,True,2,0.25931219599442557,0.15,False,False,"(13, 51, 18)",,2,False,,"(13, 51, 18)",4ae864dd-dba3-4641-90c4-288859659cd4,0,[]
816,failed,"['04MyA@2', '03Buy@1']","['MyAgent', 'BuyCheapSellExpensiveAgent']",41,40,AgentMechanismInterface,False,False,True,2,0.5563232409767807,0.15,False,False,"(68, 51, 18)",,2,False,,"(68, 51, 18)",c5fe7e19-8725-4625-8e45-3d714989af39,0,"[('c5fe7e19-8725-4625-8e45-3d714989af39', (68, 51, 18))]"
817,failed,"['03Buy@1', '01Dec@0']","['BuyCheapSellExpensiveAgent', 'DecentralizingAgent']",41,40,AgentMechanismInterface,False,False,True,16,0.2777709560468793,0.85,False,False,"(33, 44, 7)",,2,False,,"(33, 44, 7)",0bad5eca-495c-4748-8a0d-d9028215aa5f,0,"[('0bad5eca-495c-4748-8a0d-d9028215aa5f', (33, 44, 7))]"
818,failed,"['03Buy@1', '00Dec@0']","['BuyCheapSellExpensiveAgent', 'DecentralizingAgent']",41,40,AgentMechanismInterface,False,False,True,16,0.3584313230239786,0.85,False,False,"(33, 42, 7)",,2,False,,"(33, 42, 7)",30ffb659-6b5e-4597-a85d-52bc3de7e41c,0,"[('30ffb659-6b5e-4597-a85d-52bc3de7e41c', (33, 42, 7))]"
819,failed,"['05Dec@2', '02Ind@1']","['DecentralizingAgent', 'IndDecentralizingAgent']",41,40,AgentMechanismInterface,False,False,True,17,0.3965844389749691,0.9,False,False,"(5, 46, 10)",,2,False,,"(5, 46, 10)",06966deb-9d4b-4826-82f4-72fffa6910a4,0,"[('06966deb-9d4b-4826-82f4-72fffa6910a4', (5, 46, 10))]"
820,failed,"['02Ind@1', '04MyA@2']","['IndDecentralizingAgent', 'MyAgent']",41,40,AgentMechanismInterface,False,False,True,17,0.624913060979452,0.9,False,False,"(28, 51, 26)",,2,False,,"(28, 51, 26)",5ba54dc7-2e81-4395-aa1c-769bcbcb5364,0,[]
821,failed,"['00Dec@0', '03Buy@1']","['DecentralizingAgent', 'BuyCheapSellExpensiveAgent']",41,40,AgentMechanismInterface,False,False,True,17,0.4550526399980299,0.9,False,False,"(17, 50, 20)",,2,False,,"(17, 50, 20)",fc4bf7ad-e5c2-4476-a1a7-ec476840f0f2,0,[]
822,failed,"['05Dec@2', '03Buy@1']","['DecentralizingAgent', 'BuyCheapSellExpensiveAgent']",41,40,AgentMechanismInterface,False,False,True,17,0.5571959540247917,0.9,False,False,"(3, 41, 10)",,2,False,,"(3, 41, 10)",e3b6986b-1648-493f-816a-7736e1bb4978,0,"[('e3b6986b-1648-493f-816a-7736e1bb4978', (3, 41, 10))]"
823,failed,"['05Dec@2', '03Buy@1']","['DecentralizingAgent', 'BuyCheapSellExpensiveAgent']",41,40,AgentMechanismInterface,False,False,True,17,0.6732509709545411,0.9,False,False,"(5, 42, 10)",,2,False,,"(5, 42, 10)",5a7c3fa7-8b16-4381-b15d-9336092b6efb,0,"[('5a7c3fa7-8b16-4381-b15d-9336092b6efb', (5, 42, 10))]"
824,failed,"['01Dec@0', '03Buy@1']","['DecentralizingAgent', 'BuyCheapSellExpensiveAgent']",41,40,AgentMechanismInterface,False,False,True,17,0.2923080019536428,0.9,False,False,"(17, 47, 20)",,2,False,,"(17, 47, 20)",9339bfd3-2a4b-4991-bd26-abbd86937e60,0,[]
825,failed,"['05Dec@2', '02Ind@1']","['DecentralizingAgent', 'IndDecentralizingAgent']",41,40,AgentMechanismInterface,False,False,True,17,0.5662972240243107,0.9,True,False,,,2,False,,"(5, 41, 11)",a84112b5-5690-4174-acf9-111892a1acd1,0,[]
826,failed,"['00Dec@0', '02Ind@1']","['DecentralizingAgent', 'IndDecentralizingAgent']",41,40,AgentMechanismInterface,False,False,True,17,0.36500964703736827,0.9,False,False,"(17, 50, 20)",,2,False,,"(17, 50, 20)",b7769cd6-020e-4bfc-8a63-4eedcec54375,0,[]
827,failed,"['01Dec@0', '02Ind@1']","['DecentralizingAgent', 'IndDecentralizingAgent']",41,40,AgentMechanismInterface,False,False,True,17,0.5761198769905604,0.9,True,False,,,2,False,,"(17, 44, 19)",e7e6cc77-bc88-46da-b6df-a2b6bf970648,0,[]
828,failed,"['05Dec@2', '02Ind@1']","['DecentralizingAgent', 'IndDecentralizingAgent']",41,40,AgentMechanismInterface,False,False,True,17,0.6806980789988302,0.9,False,False,"(5, 46, 10)",,2,False,,"(5, 46, 10)",36d63f9b-66eb-407a-8370-708b8ca6188b,0,"[('36d63f9b-66eb-407a-8370-708b8ca6188b', (5, 46, 10))]"
829,failed,"['05Dec@2', '03Buy@1']","['DecentralizingAgent', 'BuyCheapSellExpensiveAgent']",41,40,AgentMechanismInterface,False,False,True,17,0.5254138059681281,0.9,False,False,"(5, 42, 9)",,2,False,,"(5, 42, 9)",1e12c083-d638-4e50-9b6a-f858af614b58,0,"[('1e12c083-d638-4e50-9b6a-f858af614b58', (5, 42, 9))]"
830,failed,"['05Dec@2', '02Ind@1']","['DecentralizingAgent', 'IndDecentralizingAgent']",41,40,AgentMechanismInterface,False,False,True,17,0.37589069904061034,0.9,True,False,,,2,False,,"(5, 42, 9)",b9aa1695-bda6-41a6-b638-1165a9379291,0,"[('b9aa1695-bda6-41a6-b638-1165a9379291', (5, 42, 9))]"
831,failed,"['01Dec@0', '03Buy@1']","['DecentralizingAgent', 'BuyCheapSellExpensiveAgent']",41,40,AgentMechanismInterface,False,False,True,17,0.7046641510096379,0.9,False,False,"(10, 41, 19)",,2,False,,"(10, 41, 19)",99b726f3-54d9-43c4-8038-f0aadecf252b,0,"[('99b726f3-54d9-43c4-8038-f0aadecf252b', (10, 41, 19))]"
832,failed,"['05Dec@2', '03Buy@1']","['DecentralizingAgent', 'BuyCheapSellExpensiveAgent']",41,40,AgentMechanismInterface,False,False,True,17,0.5087963209953159,0.9,True,False,,,2,False,,"(5, 45, 11)",a5f8a3b5-2877-40d6-90f0-9b29002373ad,0,[]
833,failed,"['05Dec@2', '03Buy@1']","['DecentralizingAgent', 'BuyCheapSellExpensiveAgent']",41,40,AgentMechanismInterface,False,False,True,17,0.5247772219590843,0.9,False,False,"(5, 43, 9)",,2,False,,"(5, 43, 9)",ab8f735d-5a5c-41da-a4ed-602459547856,0,"[('ab8f735d-5a5c-41da-a4ed-602459547856', (5, 43, 9))]"
834,failed,"['05Dec@2', '02Ind@1']","['DecentralizingAgent', 'IndDecentralizingAgent']",41,40,AgentMechanismInterface,False,False,True,17,0.5267925229854882,0.9,True,False,,,2,False,,"(5, 43, 9)",b50f4391-a56d-4830-bf97-b1649ad78de6,0,"[('b50f4391-a56d-4830-bf97-b1649ad78de6', (5, 43, 9))]"
835,failed,"['05Dec@2', '02Ind@1']","['DecentralizingAgent', 'IndDecentralizingAgent']",41,40,AgentMechanismInterface,False,False,True,17,0.4754983740276657,0.9,True,False,,,2,False,,"(3, 42, 11)",589e6929-bb22-4e32-bd2e-7463834ee7f6,0,[]
836,failed,"['05Dec@2', '03Buy@1']","['DecentralizingAgent', 'BuyCheapSellExpensiveAgent']",41,40,AgentMechanismInterface,False,False,True,17,0.48761349299456924,0.9,True,False,,,2,False,,"(5, 45, 9)",3ec9fef1-0471-4dc3-a01e-b0ebfb8f94d3,0,"[('3ec9fef1-0471-4dc3-a01e-b0ebfb8f94d3', (5, 45, 9))]"
837,failed,"['01Dec@0', '02Ind@1']","['DecentralizingAgent', 'IndDecentralizingAgent']",41,40,AgentMechanismInterface,False,False,True,17,0.6381811000173911,0.9,True,False,,,2,False,,"(10, 46, 20)",94600274-e151-422f-bae3-f311408540c8,0,"[('94600274-e151-422f-bae3-f311408540c8', (10, 46, 20))]"
838,failed,"['04MyA@2', '03Buy@1']","['MyAgent', 'BuyCheapSellExpensiveAgent']",42,41,AgentMechanismInterface,False,False,True,2,0.11279809899860993,0.15,False,False,"(42, 52, 18)",,2,False,,"(42, 52, 18)",03726711-94f1-4640-93f4-638f598225e2,0,[]
839,failed,"['05Dec@2', '03Buy@1']","['DecentralizingAgent', 'BuyCheapSellExpensiveAgent']",42,41,AgentMechanismInterface,False,False,True,17,0.4231633809977211,0.9,False,False,"(3, 43, 9)",,2,False,,"(3, 43, 9)",d2b1ecf8-7b13-416b-9e14-e6df80b03196,0,"[('d2b1ecf8-7b13-416b-9e14-e6df80b03196', (3, 43, 9))]"
840,failed,"['05Dec@2', '03Buy@1']","['DecentralizingAgent', 'BuyCheapSellExpensiveAgent']",42,41,AgentMechanismInterface,False,False,True,17,0.5073644630028866,0.9,False,False,"(5, 45, 9)",,2,False,,"(5, 45, 9)",164f3d14-156e-4eb0-a983-96fed6ca1c7c,0,"[('164f3d14-156e-4eb0-a983-96fed6ca1c7c', (5, 45, 9))]"
841,failed,"['01Dec@0', '02Ind@1']","['DecentralizingAgent', 'IndDecentralizingAgent']",42,41,AgentMechanismInterface,False,False,True,17,0.4722298579872586,0.9,False,False,"(17, 44, 19)",,2,False,,"(17, 44, 19)",ddcd144f-4ce3-4db6-91cd-72de36f86073,0,[]
842,failed,"['05Dec@2', '03Buy@1']","['DecentralizingAgent', 'BuyCheapSellExpensiveAgent']",42,41,AgentMechanismInterface,False,False,True,17,0.41846602299483493,0.9,False,False,"(5, 42, 9)",,2,False,,"(5, 42, 9)",6bd45c09-5bd8-47dd-9081-7640a7970a42,0,"[('6bd45c09-5bd8-47dd-9081-7640a7970a42', (5, 42, 9))]"
843,failed,"['05Dec@2', '03Buy@1']","['DecentralizingAgent', 'BuyCheapSellExpensiveAgent']",42,41,AgentMechanismInterface,False,False,True,17,0.2173440789920278,0.9,False,False,"(5, 44, 9)",,2,False,,"(5, 44, 9)",84ef27ab-c3b2-4cd8-a89f-30ff95a0e638,0,"[('84ef27ab-c3b2-4cd8-a89f-30ff95a0e638', (5, 44, 9))]"
844,failed,"['05Dec@2', '03Buy@1']","['DecentralizingAgent', 'BuyCheapSellExpensiveAgent']",42,41,AgentMechanismInterface,False,False,True,17,0.43037820095196366,0.9,False,False,"(5, 43, 9)",,2,False,,"(5, 43, 9)",32895e1b-2873-4ee0-a4d0-b4071490418e,0,"[('32895e1b-2873-4ee0-a4d0-b4071490418e', (5, 43, 9))]"
845,failed,"['05Dec@2', '02Ind@1']","['DecentralizingAgent', 'IndDecentralizingAgent']",42,41,AgentMechanismInterface,False,False,True,17,0.31484012596774846,0.9,False,False,"(5, 46, 9)",,2,False,,"(5, 46, 9)",268d186b-7070-4865-8814-283bde54122e,0,"[('268d186b-7070-4865-8814-283bde54122e', (5, 46, 9))]"
846,failed,"['00Dec@0', '02Ind@1']","['DecentralizingAgent', 'IndDecentralizingAgent']",42,41,AgentMechanismInterface,False,False,True,17,0.5446085819858126,0.9,False,False,"(15, 48, 19)",,2,False,,"(15, 48, 19)",39f08ff6-a756-441f-b10d-e6dbb40bc8b5,0,[]
847,failed,"['00Dec@0', '03Buy@1']","['DecentralizingAgent', 'BuyCheapSellExpensiveAgent']",42,41,AgentMechanismInterface,False,False,True,17,0.4709089740063064,0.9,True,False,,,2,False,,"(15, 48, 19)",730987e5-00bf-4a19-aea5-0c7db9f49dd2,0,[]
848,failed,"['05Dec@2', '02Ind@1']","['DecentralizingAgent', 'IndDecentralizingAgent']",42,41,AgentMechanismInterface,False,False,True,17,0.32718774798559025,0.9,True,False,,,2,False,,"(5, 43, 11)",f702ae26-f0b6-49e6-9288-e52a7764db8a,0,[]
849,failed,"['02Ind@1', '04MyA@2']","['IndDecentralizingAgent', 'MyAgent']",42,41,AgentMechanismInterface,False,False,True,17,0.44151284196414053,0.9,False,False,"(31, 52, 26)",,2,False,,"(31, 52, 26)",ab9e8915-8e8a-42bc-8f7d-2be164577015,0,[]
850,failed,"['05Dec@2', '02Ind@1']","['DecentralizingAgent', 'IndDecentralizingAgent']",42,41,AgentMechanismInterface,False,False,True,17,0.6086546390433796,0.9,True,False,,,2,False,,"(5, 45, 9)",26b47936-6d26-447b-b563-97ffbb24134e,0,"[('26b47936-6d26-447b-b563-97ffbb24134e', (5, 45, 9))]"
851,failed,"['05Dec@2', '02Ind@1']","['DecentralizingAgent', 'IndDecentralizingAgent']",42,41,AgentMechanismInterface,False,False,True,17,0.4949446609825827,0.9,True,False,,,2,False,,"(3, 43, 9)",593368fe-717b-4805-bbb2-7f4291537d7e,0,"[('593368fe-717b-4805-bbb2-7f4291537d7e', (3, 43, 9))]"
852,failed,"['05Dec@2', '03Buy@1']","['DecentralizingAgent', 'BuyCheapSellExpensiveAgent']",42,41,AgentMechanismInterface,False,False,True,17,0.5805835640057921,0.9,True,False,,,2,False,,"(5, 46, 9)",0736e0cc-94a3-4ec8-929d-3f6611829490,0,"[('0736e0cc-94a3-4ec8-929d-3f6611829490', (5, 46, 9))]"
853,failed,"['01Dec@0', '03Buy@1']","['DecentralizingAgent', 'BuyCheapSellExpensiveAgent']",42,41,AgentMechanismInterface,False,False,True,17,0.2900030019809492,0.9,False,False,"(17, 47, 20)",,2,False,,"(17, 47, 20)",1cc512f9-5c24-4e10-a343-1b5a74a57b6e,0,[]
854,failed,"['03Buy@1', '00Dec@0']","['BuyCheapSellExpensiveAgent', 'DecentralizingAgent']",42,41,AgentMechanismInterface,False,False,True,17,0.503309947962407,0.9,False,False,"(16, 42, 8)",,2,False,,"(16, 42, 8)",38b070fe-57dd-4504-9be7-d869a3d29153,0,[]
855,failed,"['05Dec@2', '02Ind@1']","['DecentralizingAgent', 'IndDecentralizingAgent']",42,41,AgentMechanismInterface,False,False,True,17,0.2843772500054911,0.9,True,False,,,2,False,,"(4, 42, 11)",c73c00b4-84dd-48f7-b4c5-4af14304d510,0,[]
856,failed,"['05Dec@2', '02Ind@1']","['DecentralizingAgent', 'IndDecentralizingAgent']",42,41,AgentMechanismInterface,False,False,True,17,0.583986823039595,0.9,True,False,,,2,False,,"(5, 44, 9)",4dc37a3d-2676-433f-91e4-e4c61532ec20,0,"[('4dc37a3d-2676-433f-91e4-e4c61532ec20', (5, 44, 9))]"
857,failed,"['00Dec@0', '02Ind@1']","['DecentralizingAgent', 'IndDecentralizingAgent']",43,42,AgentMechanismInterface,False,False,True,2,0.026696747983805835,0.15,False,False,"(23, 43, 13)",,2,False,,"(23, 43, 13)",030860de-9189-4dd5-8043-2976439b8b77,0,"[('030860de-9189-4dd5-8043-2976439b8b77', (23, 43, 13))]"
858,failed,"['04MyA@2', '03Buy@1']","['MyAgent', 'BuyCheapSellExpensiveAgent']",43,42,AgentMechanismInterface,False,False,True,7,0.2132499939762056,0.4,False,False,"(39, 52, 18)",,2,False,,"(39, 52, 18)",2ad3132b-53cd-480b-8d0d-e1f8072815ba,0,[]
859,failed,"['05Dec@2', '03Buy@1']","['DecentralizingAgent', 'BuyCheapSellExpensiveAgent']",43,42,AgentMechanismInterface,False,False,True,17,0.16764134698314592,0.9,False,False,"(5, 44, 9)",,2,False,,"(5, 44, 9)",97ea1cbc-f22d-4f62-9905-fde29d6b08c7,0,"[('97ea1cbc-f22d-4f62-9905-fde29d6b08c7', (5, 44, 9))]"
860,failed,"['00Dec@0', '03Buy@1']","['DecentralizingAgent', 'BuyCheapSellExpensiveAgent']",43,42,AgentMechanismInterface,False,False,True,17,0.23214247298892587,0.9,False,False,"(15, 48, 19)",,2,False,,"(15, 48, 19)",0d2ce07f-c53e-4484-82b3-d3f0d808ccce,0,[]
861,failed,"['05Dec@2', '03Buy@1']","['DecentralizingAgent', 'BuyCheapSellExpensiveAgent']",43,42,AgentMechanismInterface,False,False,True,17,0.15426006802590564,0.9,False,False,"(5, 48, 10)",,2,False,,"(5, 48, 10)",6ddb902f-5a75-4e5c-b426-825c1f479349,0,"[('6ddb902f-5a75-4e5c-b426-825c1f479349', (5, 48, 10))]"
862,failed,"['02Ind@1', '04MyA@2']","['IndDecentralizingAgent', 'MyAgent']",43,42,AgentMechanismInterface,False,False,True,17,0.2506519400049001,0.9,False,False,"(22, 52, 26)",,2,False,,"(22, 52, 26)",d78b8b5b-d4d8-40f2-b75c-68111b71b84d,0,[]
863,failed,"['05Dec@2', '02Ind@1']","['DecentralizingAgent', 'IndDecentralizingAgent']",43,42,AgentMechanismInterface,False,False,True,17,0.36055768199730664,0.9,False,False,"(5, 45, 9)",,2,False,,"(5, 45, 9)",49bb13fc-d90f-4be1-96dc-b7916842087d,0,"[('49bb13fc-d90f-4be1-96dc-b7916842087d', (5, 45, 9))]"
864,failed,"['01Dec@0', '03Buy@1']","['DecentralizingAgent', 'BuyCheapSellExpensiveAgent']",43,42,AgentMechanismInterface,False,False,True,17,0.44346409902209416,0.9,False,False,"(18, 50, 19)",,2,False,,"(18, 50, 19)",72f739c4-59c1-4274-b07b-2350a10c1533,0,[]
865,failed,"['05Dec@2', '02Ind@1']","['DecentralizingAgent', 'IndDecentralizingAgent']",43,42,AgentMechanismInterface,False,False,True,17,0.3707957250298932,0.9,True,False,,,2,False,,"(5, 46, 9)",b8ce67bd-d6f7-4253-8176-0c7cdaf0e70c,0,"[('b8ce67bd-d6f7-4253-8176-0c7cdaf0e70c', (5, 46, 9))]"
866,failed,"['01Dec@0', '02Ind@1']","['DecentralizingAgent', 'IndDecentralizingAgent']",43,42,AgentMechanismInterface,False,False,True,17,0.42893280199496076,0.9,False,False,"(18, 51, 20)",,2,False,,"(18, 51, 20)",b1820c7b-cc79-4218-b130-470a0205edae,0,[]
867,failed,"['05Dec@2', '02Ind@1']","['DecentralizingAgent', 'IndDecentralizingAgent']",43,42,AgentMechanismInterface,False,False,True,17,0.42441778298234567,0.9,True,False,,,2,False,,"(5, 44, 11)",3c145f8d-1dba-4cfb-a859-ad7b0d61e9ca,0,[]
868,failed,"['00Dec@0', '02Ind@1']","['DecentralizingAgent', 'IndDecentralizingAgent']",43,42,AgentMechanismInterface,False,False,True,17,0.4177618569810875,0.9,False,False,"(15, 51, 20)",,2,False,,"(15, 51, 20)",fd8e9aa8-0415-41de-9ccf-5649e620fa2e,0,[]
869,failed,"['05Dec@2', '03Buy@1']","['DecentralizingAgent', 'BuyCheapSellExpensiveAgent']",43,42,AgentMechanismInterface,False,False,True,17,0.49280874500982463,0.9,True,False,,,2,False,,"(5, 45, 11)",55089b43-db41-4281-96a5-48cd1a76db72,0,[]
870,failed,"['05Dec@2', '02Ind@1']","['DecentralizingAgent', 'IndDecentralizingAgent']",43,42,AgentMechanismInterface,False,False,True,18,0.4056683970266022,0.95,False,False,"(1, 43, 10)",,2,False,,"(1, 43, 10)",1434de61-19fb-4557-a2f9-96d364a61121,0,[]
871,failed,"['05Dec@2', '03Buy@1']","['DecentralizingAgent', 'BuyCheapSellExpensiveAgent']",43,42,AgentMechanismInterface,False,False,True,18,0.40523778297938406,0.95,False,False,"(1, 43, 9)",,2,False,,"(1, 43, 9)",af62ba3d-c303-4acd-8b59-a7054d2a6a93,0,[]
872,failed,"['04MyA@2', '03Buy@1']","['MyAgent', 'BuyCheapSellExpensiveAgent']",44,43,AgentMechanismInterface,False,False,True,2,0.18213158997241408,0.15,False,False,"(48, 54, 18)",,2,False,,"(48, 54, 18)",c5f49584-5c93-4767-8a2b-4cf9fc49941f,0,[]
873,failed,"['02Ind@1', '00Dec@0']","['IndDecentralizingAgent', 'DecentralizingAgent']",44,43,AgentMechanismInterface,False,False,True,2,0.050932920014020056,0.15,True,False,,,2,False,,,56d20a1f-165d-49a8-bc95-979d963c7407,0,[]
874,failed,"['05Dec@2', '02Ind@1']","['DecentralizingAgent', 'IndDecentralizingAgent']",44,43,AgentMechanismInterface,False,False,True,17,0.14743871201062575,0.9,False,False,"(5, 48, 10)",,2,False,,"(5, 48, 10)",07c16c80-b5ac-42bd-b594-aef1011ebeb7,0,"[('07c16c80-b5ac-42bd-b594-aef1011ebeb7', (5, 48, 10))]"
875,failed,"['05Dec@2', '03Buy@1']","['DecentralizingAgent', 'BuyCheapSellExpensiveAgent']",44,43,AgentMechanismInterface,False,False,True,17,0.14188417297555134,0.9,False,False,"(5, 45, 9)",,2,False,,"(5, 45, 9)",0ff6e13a-5437-4fca-8bdf-6104812b47ae,0,"[('0ff6e13a-5437-4fca-8bdf-6104812b47ae', (5, 45, 9))]"
876,failed,"['01Dec@0', '02Ind@1']","['DecentralizingAgent', 'IndDecentralizingAgent']",44,43,AgentMechanismInterface,False,False,True,17,0.35727353498805314,0.9,False,False,"(18, 51, 19)",,2,False,,"(18, 51, 19)",5404639e-7238-4467-b70d-3226c8fc702c,0,[]
877,failed,"['02Ind@1', '04MyA@2']","['IndDecentralizingAgent', 'MyAgent']",44,43,AgentMechanismInterface,False,False,True,17,0.44143209198955446,0.9,False,False,"(20, 51, 28)",,2,False,,"(20, 51, 28)",50b4f47d-e958-4835-91bd-0852d7e29ccc,0,[]
878,failed,"['05Dec@2', '03Buy@1']","['DecentralizingAgent', 'BuyCheapSellExpensiveAgent']",44,43,AgentMechanismInterface,False,False,True,17,0.2136086350074038,0.9,True,False,,,2,False,,"(5, 47, 11)",c6aea12d-0a0a-403f-a537-37b7d9c3c1ad,0,[]
879,failed,"['03Buy@1', '00Dec@0']","['BuyCheapSellExpensiveAgent', 'DecentralizingAgent']",44,43,AgentMechanismInterface,False,False,True,17,0.37682250095531344,0.9,False,False,"(13, 48, 6)",,2,False,,"(13, 48, 6)",7a01a368-11db-4155-bda2-7fd3198ad0e4,0,"[('7a01a368-11db-4155-bda2-7fd3198ad0e4', (13, 48, 6))]"
880,failed,"['00Dec@0', '03Buy@1']","['DecentralizingAgent', 'BuyCheapSellExpensiveAgent']",44,43,AgentMechanismInterface,False,False,True,17,0.24680255504790694,0.9,False,False,"(11, 49, 19)",,2,False,,"(11, 49, 19)",1acf0084-8cb6-424c-a031-b8727bbb8c02,0,"[('1acf0084-8cb6-424c-a031-b8727bbb8c02', (11, 49, 19))]"
881,failed,"['00Dec@0', '02Ind@1']","['DecentralizingAgent', 'IndDecentralizingAgent']",44,43,AgentMechanismInterface,False,False,True,17,0.19426853203913197,0.9,False,False,"(11, 49, 19)",,2,False,,"(11, 49, 19)",0e7efca5-7b13-4395-92cf-ee2e9ee2b1ce,0,"[('0e7efca5-7b13-4395-92cf-ee2e9ee2b1ce', (11, 49, 19))]"
882,failed,"['05Dec@2', '02Ind@1']","['DecentralizingAgent', 'IndDecentralizingAgent']",44,43,AgentMechanismInterface,False,False,True,17,0.2586022559553385,0.9,False,False,"(5, 45, 9)",,2,False,,"(5, 45, 9)",94c4d71a-81a4-4d1d-a372-4a7c04fef86b,0,"[('94c4d71a-81a4-4d1d-a372-4a7c04fef86b', (5, 45, 9))]"
883,failed,"['05Dec@2', '03Buy@1']","['DecentralizingAgent', 'BuyCheapSellExpensiveAgent']",44,43,AgentMechanismInterface,False,False,True,17,0.2129679269855842,0.9,True,False,,,2,False,,"(5, 45, 9)",6a43b2a3-f243-445f-bb7a-50e18860c8fc,0,"[('6a43b2a3-f243-445f-bb7a-50e18860c8fc', (5, 45, 9))]"
884,failed,"['01Dec@0', '03Buy@1']","['DecentralizingAgent', 'BuyCheapSellExpensiveAgent']",44,43,AgentMechanismInterface,False,False,True,17,0.29637191799702123,0.9,True,False,,,2,False,,"(18, 51, 19)",5b957504-fc02-4de2-b380-7da1f6c332f9,0,[]
885,failed,"['05Dec@2', '02Ind@1']","['DecentralizingAgent', 'IndDecentralizingAgent']",44,43,AgentMechanismInterface,False,False,True,17,0.45168932899832726,0.9,True,False,,,2,False,,"(5, 45, 9)",8afaa1e6-5d43-4230-9690-a6dc58b9521c,0,"[('8afaa1e6-5d43-4230-9690-a6dc58b9521c', (5, 45, 9))]"
886,failed,"['04MyA@2', '02Ind@1']","['MyAgent', 'IndDecentralizingAgent']",45,44,AgentMechanismInterface,False,False,True,2,0.09990855702199042,0.15,False,False,"(50, 55, 18)",,2,False,,"(50, 55, 18)",c77027c6-7e62-4019-abf0-7bd0851b7d44,0,[]
887,failed,"['00Dec@0', '02Ind@1']","['DecentralizingAgent', 'IndDecentralizingAgent']",45,44,AgentMechanismInterface,False,False,True,7,0.254083780979272,0.4,False,False,"(14, 46, 13)",,2,False,,"(14, 46, 13)",c41aa89e-dd51-4133-965a-da6e6ae1622c,0,[]
888,failed,"['05Dec@2', '02Ind@1']","['DecentralizingAgent', 'IndDecentralizingAgent']",45,44,AgentMechanismInterface,False,False,True,17,0.32966652198228985,0.9,False,False,"(5, 48, 9)",,2,False,,"(5, 48, 9)",b373adb1-d235-43da-bd28-a3959e6fcfcf,0,"[('b373adb1-d235-43da-bd28-a3959e6fcfcf', (5, 48, 9))]"
889,failed,"['05Dec@2', '03Buy@1']","['DecentralizingAgent', 'BuyCheapSellExpensiveAgent']",45,44,AgentMechanismInterface,False,False,True,17,0.2171786879771389,0.9,False,False,"(5, 45, 9)",,2,False,,"(5, 45, 9)",19803990-f381-44c5-b00e-c7dc1ecec656,0,"[('19803990-f381-44c5-b00e-c7dc1ecec656', (5, 45, 9))]"
890,failed,"['01Dec@0', '03Buy@1']","['DecentralizingAgent', 'BuyCheapSellExpensiveAgent']",45,44,AgentMechanismInterface,False,False,True,17,0.31015044200466946,0.9,False,False,"(18, 52, 20)",,2,False,,"(18, 52, 20)",5ef631ed-04d0-4804-9f9c-292386873ea4,0,[]
891,failed,"['01Dec@0', '03Buy@1']","['DecentralizingAgent', 'BuyCheapSellExpensiveAgent']",45,44,AgentMechanismInterface,False,False,True,17,0.26597868400858715,0.9,False,False,"(16, 54, 20)",,2,False,,"(16, 54, 20)",639bbe7d-0b3a-4774-8655-0e7de6ae57de,0,[]
892,failed,"['05Dec@2', '03Buy@1']","['DecentralizingAgent', 'BuyCheapSellExpensiveAgent']",45,44,AgentMechanismInterface,False,False,True,17,0.2515699039795436,0.9,True,False,,,2,False,,"(5, 48, 11)",8ab91a04-cc45-4d3b-838d-342d15993e04,0,[]
893,failed,"['01Dec@0', '02Ind@1']","['DecentralizingAgent', 'IndDecentralizingAgent']",45,44,AgentMechanismInterface,False,False,True,17,0.24606100999517366,0.9,True,False,,,2,False,,"(16, 51, 19)",a825e962-6744-4479-b7fb-fd6a64046198,0,[]
894,failed,"['01Dec@0', '02Ind@1']","['DecentralizingAgent', 'IndDecentralizingAgent']",45,44,AgentMechanismInterface,False,False,True,17,0.3336951870005578,0.9,True,False,,,2,False,,"(18, 51, 19)",92652edb-f5b9-4253-a416-9cef954ec034,0,[]
895,failed,"['05Dec@2', '02Ind@1']","['DecentralizingAgent', 'IndDecentralizingAgent']",45,44,AgentMechanismInterface,False,False,True,17,0.2783809949760325,0.9,True,False,,,2,False,,"(5, 45, 9)",d983baa3-c1b9-4da8-97cf-ea8d1e7ece79,0,"[('d983baa3-c1b9-4da8-97cf-ea8d1e7ece79', (5, 45, 9))]"
896,failed,"['02Ind@1', '04MyA@2']","['IndDecentralizingAgent', 'MyAgent']",45,44,AgentMechanismInterface,False,False,True,17,0.3374759230064228,0.9,False,False,"(2, 55, 27)",,2,False,,"(2, 55, 27)",62d12094-3421-45fc-bfac-1a90d051ed89,0,"[('62d12094-3421-45fc-bfac-1a90d051ed89', (2, 55, 27))]"
897,failed,"['04MyA@2', '02Ind@1']","['MyAgent', 'IndDecentralizingAgent']",46,45,AgentMechanismInterface,False,False,True,2,0.34242012398317456,0.15,False,False,"(68, 56, 18)",,2,False,,"(68, 56, 18)",d86370fe-fa37-41e8-85f6-f21b7c36e5a6,0,[]
898,failed,"['05Dec@2', '03Buy@1']","['DecentralizingAgent', 'BuyCheapSellExpensiveAgent']",46,45,AgentMechanismInterface,False,False,True,17,0.18029971001669765,0.9,False,False,"(5, 49, 10)",,2,False,,"(5, 49, 10)",822b6445-4e4b-4a6b-8e0c-8fd8b002a8e9,0,"[('822b6445-4e4b-4a6b-8e0c-8fd8b002a8e9', (5, 49, 10))]"
899,failed,"['02Ind@1', '01Dec@0']","['IndDecentralizingAgent', 'DecentralizingAgent']",46,45,AgentMechanismInterface,False,False,True,17,0.2781587399658747,0.9,False,False,"(3, 50, 7)",,2,False,,"(3, 50, 7)",56ab88fa-d469-40cd-baff-d4f9e91e195e,0,"[('56ab88fa-d469-40cd-baff-d4f9e91e195e', (3, 50, 7))]"
900,failed,"['01Dec@0', '02Ind@1']","['DecentralizingAgent', 'IndDecentralizingAgent']",46,45,AgentMechanismInterface,False,False,True,17,0.22116349003044888,0.9,False,False,"(18, 52, 20)",,2,False,,"(18, 52, 20)",1b39cde1-5418-47ac-b0a8-6771c5f9f6c1,0,[]
901,failed,"['01Dec@0', '03Buy@1']","['DecentralizingAgent', 'BuyCheapSellExpensiveAgent']",46,45,AgentMechanismInterface,False,False,True,17,0.56416252796771,0.9,False,False,"(16, 54, 20)",,2,False,,"(16, 54, 20)",1c8a093e-610d-4116-8142-e343ed2bb44c,0,[]
902,failed,"['01Dec@0', '02Ind@1']","['DecentralizingAgent', 'IndDecentralizingAgent']",46,45,AgentMechanismInterface,False,False,True,17,0.5378058250062168,0.9,False,False,"(17, 55, 20)",,2,False,,"(17, 55, 20)",a010b94b-04a4-4264-a08c-8b19e0f37c7a,0,[]
903,failed,"['02Ind@1', '05Dec@2']","['IndDecentralizingAgent', 'DecentralizingAgent']",46,45,AgentMechanismInterface,False,False,True,17,0.2830370920128189,0.9,False,False,"(22, 55, 26)",,2,False,,"(22, 55, 26)",11910de2-ac5b-4da3-b7ac-74073604a60d,0,[]
904,failed,"['05Dec@2', '02Ind@1']","['DecentralizingAgent', 'IndDecentralizingAgent']",46,45,AgentMechanismInterface,False,False,True,17,0.20278880099067464,0.9,True,False,,,2,False,,"(5, 48, 11)",7f01fccd-e5d6-4820-bc5c-ed848cb18782,0,[]
905,failed,"['02Ind@1', '04MyA@2']","['IndDecentralizingAgent', 'MyAgent']",46,45,AgentMechanismInterface,False,False,True,17,0.4288208640064113,0.9,False,False,"(22, 52, 28)",,2,False,,"(22, 52, 28)",48bfe4f2-7c3d-4252-893c-0bb43a64ab07,0,[]
906,failed,"['05Dec@2', '03Buy@1']","['DecentralizingAgent', 'BuyCheapSellExpensiveAgent']",46,45,AgentMechanismInterface,False,False,True,17,0.22922453901264817,0.9,False,False,"(5, 46, 10)",,2,False,,"(5, 46, 10)",0c284828-5166-405d-bcd4-158c2dd5b866,0,"[('0c284828-5166-405d-bcd4-158c2dd5b866', (5, 46, 10))]"
907,failed,"['01Dec@0', '03Buy@1']","['DecentralizingAgent', 'BuyCheapSellExpensiveAgent']",46,45,AgentMechanismInterface,False,False,True,17,0.36677028803387657,0.9,False,False,"(18, 52, 20)",,2,False,,"(18, 52, 20)",5ed457aa-a2ad-4452-bc16-7ce905299fe0,0,[]
908,failed,"['01Dec@0', '02Ind@1']","['DecentralizingAgent', 'IndDecentralizingAgent']",46,45,AgentMechanismInterface,False,False,True,17,0.2637455419753678,0.9,False,False,"(16, 54, 20)",,2,False,,"(16, 54, 20)",21612c4c-6b0f-4007-9f31-9b77f72c2fb3,0,[]
909,failed,"['00Dec@0', '02Ind@1']","['DecentralizingAgent', 'IndDecentralizingAgent']",46,45,AgentMechanismInterface,False,False,True,17,0.6338758009951562,0.9,False,False,"(13, 51, 19)",,2,False,,"(13, 51, 19)",f34b0d70-5273-4093-9963-9ce829fcd61c,0,[]
910,failed,"['01Dec@0', '03Buy@1']","['DecentralizingAgent', 'BuyCheapSellExpensiveAgent']",46,45,AgentMechanismInterface,False,False,True,17,0.40469404601026326,0.9,True,False,,,2,False,,"(17, 52, 19)",40c21de6-dbe3-4fe1-8686-03fafef3f3ee,0,[]
911,failed,"['05Dec@2', '02Ind@1']","['DecentralizingAgent', 'IndDecentralizingAgent']",46,45,AgentMechanismInterface,False,False,True,17,0.6842695110244676,0.9,True,False,,,2,False,,"(5, 46, 9)",221218dc-c31c-4132-8a38-749f8f2fb763,0,"[('221218dc-c31c-4132-8a38-749f8f2fb763', (5, 46, 9))]"
912,failed,"['00Dec@0', '03Buy@1']","['DecentralizingAgent', 'BuyCheapSellExpensiveAgent']",46,45,AgentMechanismInterface,False,False,True,17,0.6988284520339221,0.9,True,False,,,2,False,,"(13, 51, 19)",b6a9340f-dd2c-49c0-a863-ee0b7dbfd131,0,[]
913,failed,"['05Dec@2', '02Ind@1']","['DecentralizingAgent', 'IndDecentralizingAgent']",47,46,AgentMechanismInterface,False,False,True,2,0.11388008197536692,0.15,True,False,,,2,False,,,d7da573c-44af-46ad-8f7c-9008d225454b,0,[]
914,failed,"['01Dec@0', '02Ind@1']","['DecentralizingAgent', 'IndDecentralizingAgent']",47,46,AgentMechanismInterface,False,False,True,2,0.17590373300481588,0.15,False,False,"(34, 47, 13)",,2,False,,"(34, 47, 13)",9757f1cf-6c17-4552-ab9b-730d7c370908,0,[]
915,failed,"['04MyA@2', '02Ind@1']","['MyAgent', 'IndDecentralizingAgent']",47,46,AgentMechanismInterface,False,False,True,2,0.10889441199833527,0.15,False,False,"(48, 57, 18)",,2,False,,"(48, 57, 18)",a5944ac9-7c05-4c6b-be2b-e0258ea3cb70,0,"[('a5944ac9-7c05-4c6b-be2b-e0258ea3cb70', (48, 57, 18))]"
916,failed,"['00Dec@0', '03Buy@1']","['DecentralizingAgent', 'BuyCheapSellExpensiveAgent']",47,46,AgentMechanismInterface,False,False,True,17,0.25115591200301424,0.9,False,False,"(13, 56, 20)",,2,False,,"(13, 56, 20)",239c6fdb-f4ea-4071-8467-0f781ba406e5,0,[]
917,failed,"['05Dec@2', '03Buy@1']","['DecentralizingAgent', 'BuyCheapSellExpensiveAgent']",47,46,AgentMechanismInterface,False,False,True,17,0.3859574460075237,0.9,False,False,"(5, 49, 10)",,2,False,,"(5, 49, 10)",cadfaac5-a89e-48dd-9124-dfc0a818d6c1,0,"[('cadfaac5-a89e-48dd-9124-dfc0a818d6c1', (5, 49, 10))]"
918,failed,"['00Dec@0', '02Ind@1']","['DecentralizingAgent', 'IndDecentralizingAgent']",47,46,AgentMechanismInterface,False,False,True,17,0.3661571789998561,0.9,False,False,"(15, 53, 19)",,2,False,,"(15, 53, 19)",8a15438b-4c3d-459d-bf48-990e5f3435f7,0,[]
919,failed,"['02Ind@1', '04MyA@2']","['IndDecentralizingAgent', 'MyAgent']",47,46,AgentMechanismInterface,False,False,True,17,0.4201679730322212,0.9,False,False,"(2, 57, 27)",,2,False,,"(2, 57, 27)",37cd41df-7e54-4666-8cc6-ca3d55e000fc,0,"[('37cd41df-7e54-4666-8cc6-ca3d55e000fc', (2, 57, 27))]"
920,failed,"['05Dec@2', '02Ind@1']","['DecentralizingAgent', 'IndDecentralizingAgent']",47,46,AgentMechanismInterface,False,False,True,17,0.3465361910057254,0.9,True,False,,,2,False,,"(5, 49, 11)",f5d81e5b-383a-4c9a-b9a2-b2534f098f9a,0,[]
921,failed,"['00Dec@0', '03Buy@1']","['DecentralizingAgent', 'BuyCheapSellExpensiveAgent']",47,46,AgentMechanismInterface,False,False,True,17,0.4756323239998892,0.9,True,False,,,2,False,,"(15, 53, 19)",d0cbe0f6-18e0-4f5f-8591-c9521f4fd28e,0,[]
922,failed,"['05Dec@2', '02Ind@1']","['DecentralizingAgent', 'IndDecentralizingAgent']",47,46,AgentMechanismInterface,False,False,True,17,0.33646148000843823,0.9,True,False,,,2,False,,"(5, 49, 11)",a5f71ce4-0dfd-4d19-8a38-4beb3de52ca7,0,[]
923,failed,"['05Dec@2', '03Buy@1']","['DecentralizingAgent', 'BuyCheapSellExpensiveAgent']",47,46,AgentMechanismInterface,False,False,True,17,0.3528376320027746,0.9,True,False,,,2,False,,"(5, 49, 9)",05550c79-ea91-4ffd-b999-5236ea3655e1,0,"[('05550c79-ea91-4ffd-b999-5236ea3655e1', (5, 49, 9))]"
924,failed,"['01Dec@0', '03Buy@1']","['DecentralizingAgent', 'BuyCheapSellExpensiveAgent']",47,46,AgentMechanismInterface,False,False,True,17,0.4285165410256013,0.9,False,False,"(17, 55, 20)",,2,False,,"(17, 55, 20)",1148b77e-7806-4cec-9f42-e6d9f87803fd,0,[]
925,failed,"['02Ind@1', '05Dec@2']","['IndDecentralizingAgent', 'DecentralizingAgent']",47,46,AgentMechanismInterface,False,False,True,17,0.5283488800050691,0.9,False,False,"(2, 52, 27)",,2,False,,"(2, 52, 27)",a586e44a-3d98-4dda-b61a-3fb121dc477a,0,"[('a586e44a-3d98-4dda-b61a-3fb121dc477a', (2, 52, 27))]"
926,failed,"['00Dec@0', '02Ind@1']","['DecentralizingAgent', 'IndDecentralizingAgent']",47,46,AgentMechanismInterface,False,False,True,17,0.4453417240292765,0.9,True,False,,,2,False,,"(13, 51, 19)",ad58108e-3660-408a-847c-6294fc75e3f5,0,[]
927,failed,"['01Dec@0', '02Ind@1']","['DecentralizingAgent', 'IndDecentralizingAgent']",47,46,AgentMechanismInterface,False,False,True,17,0.39092822797829285,0.9,False,False,"(17, 55, 20)",,2,False,,"(17, 55, 20)",1d2288bc-198a-4658-ac78-bfb2cd74b25e,0,[]
928,failed,"['05Dec@2', '02Ind@1']","['DecentralizingAgent', 'IndDecentralizingAgent']",48,47,AgentMechanismInterface,False,False,True,2,0.11561782500939444,0.15,False,False,"(43, 58, 18)",,2,False,,"(43, 58, 18)",f48efd96-da8c-4d0e-9b5a-62c4d55146f3,0,[]
929,failed,"['04MyA@2', '02Ind@1']","['MyAgent', 'IndDecentralizingAgent']",48,47,AgentMechanismInterface,False,False,True,2,0.2684912260156125,0.15,False,False,"(68, 58, 18)",,2,False,,"(68, 58, 18)",1bf457d5-9e2d-49b5-8d70-6271a963dcae,0,"[('1bf457d5-9e2d-49b5-8d70-6271a963dcae', (68, 58, 18))]"
930,failed,"['05Dec@2', '03Buy@1']","['DecentralizingAgent', 'BuyCheapSellExpensiveAgent']",48,47,AgentMechanismInterface,False,False,True,2,0.46520885796053335,0.15,True,False,,,2,False,,,557316da-ef6f-4119-8128-04fd3a2da523,0,[]
931,failed,"['01Dec@0', '02Ind@1']","['DecentralizingAgent', 'IndDecentralizingAgent']",48,47,AgentMechanismInterface,False,False,True,17,0.4583759790402837,0.9,False,False,"(15, 54, 19)",,2,False,,"(15, 54, 19)",4acb54e3-872a-4d76-84e3-e6c4353b0eee,0,[]
932,failed,"['00Dec@0', '03Buy@1']","['DecentralizingAgent', 'BuyCheapSellExpensiveAgent']",48,47,AgentMechanismInterface,False,False,True,17,0.5147257499629632,0.9,False,False,"(15, 54, 19)",,2,False,,"(15, 54, 19)",977c24ad-ca29-476a-bd90-981e9d78f984,0,[]
933,failed,"['02Ind@1', '05Dec@2']","['IndDecentralizingAgent', 'DecentralizingAgent']",48,47,AgentMechanismInterface,False,False,True,17,0.6159753980464302,0.9,False,False,"(23, 54, 28)",,2,False,,"(23, 54, 28)",152fddcd-9aed-43ad-9c26-7a004ec2cebc,0,[]
934,failed,"['05Dec@2', '03Buy@1']","['DecentralizingAgent', 'BuyCheapSellExpensiveAgent']",48,47,AgentMechanismInterface,False,False,True,17,0.6277709779678844,0.9,False,False,"(5, 50, 10)",,2,False,,"(5, 50, 10)",2889e061-2119-4887-a94d-ab224b90128f,0,"[('2889e061-2119-4887-a94d-ab224b90128f', (5, 50, 10))]"
935,failed,"['01Dec@0', '03Buy@1']","['DecentralizingAgent', 'BuyCheapSellExpensiveAgent']",48,47,AgentMechanismInterface,False,False,True,17,0.5665100459591486,0.9,False,False,"(15, 57, 20)",,2,False,,"(15, 57, 20)",df650201-cb32-4512-b0aa-98f295e13cba,0,[]
936,failed,"['05Dec@2', '03Buy@1']","['DecentralizingAgent', 'BuyCheapSellExpensiveAgent']",48,47,AgentMechanismInterface,False,False,True,17,0.6776312330039218,0.9,False,False,"(5, 49, 9)",,2,False,,"(5, 49, 9)",77688fd1-2316-49e2-b9c5-56be403867e4,0,"[('77688fd1-2316-49e2-b9c5-56be403867e4', (5, 49, 9))]"
937,failed,"['05Dec@2', '02Ind@1']","['DecentralizingAgent', 'IndDecentralizingAgent']",48,47,AgentMechanismInterface,False,False,True,17,0.5530517720035277,0.9,True,False,,,2,False,,"(5, 49, 11)",779f2323-4417-4e71-808d-b1e4ce10fc81,0,[]
938,failed,"['00Dec@0', '02Ind@1']","['DecentralizingAgent', 'IndDecentralizingAgent']",48,47,AgentMechanismInterface,False,False,True,17,0.6817230329615995,0.9,False,False,"(15, 56, 20)",,2,False,,"(15, 56, 20)",382ab898-aa00-4579-8958-91a3815aa085,0,[]
939,failed,"['00Dec@0', '03Buy@1']","['DecentralizingAgent', 'BuyCheapSellExpensiveAgent']",48,47,AgentMechanismInterface,False,False,True,17,0.35309659101767465,0.9,True,False,,,2,False,,"(15, 53, 19)",0b1ba938-b5e1-4b35-ad47-52f7338e81bd,0,[]
940,failed,"['05Dec@2', '02Ind@1']","['DecentralizingAgent', 'IndDecentralizingAgent']",48,47,AgentMechanismInterface,False,False,True,17,0.5529902189737186,0.9,True,False,,,2,False,,"(5, 50, 9)",8cf89720-fad4-4f21-9416-76d0920ba48d,0,"[('8cf89720-fad4-4f21-9416-76d0920ba48d', (5, 50, 9))]"
941,failed,"['00Dec@0', '02Ind@1']","['DecentralizingAgent', 'IndDecentralizingAgent']",48,47,AgentMechanismInterface,False,False,True,17,0.2679707629722543,0.9,False,False,"(13, 51, 19)",,2,False,,"(13, 51, 19)",4a1ae780-c409-4fcd-bd32-47b32e004eb8,0,[]
942,failed,"['02Ind@1', '04MyA@2']","['IndDecentralizingAgent', 'MyAgent']",48,47,AgentMechanismInterface,False,False,True,17,0.8031232719658874,0.9,False,False,"(23, 57, 26)",,2,False,,"(23, 57, 26)",be1e624f-52d8-412a-acf9-1b93a111737b,0,[]
943,failed,"['02Ind@1', '01Dec@0']","['IndDecentralizingAgent', 'DecentralizingAgent']",48,47,AgentMechanismInterface,False,False,True,17,0.8232393699581735,0.9,False,False,"(3, 48, 7)",,2,False,,"(3, 48, 7)",859ffd54-8807-4cc6-819f-037188f4d166,0,"[('859ffd54-8807-4cc6-819f-037188f4d166', (3, 48, 7))]"
944,failed,"['00Dec@0', '03Buy@1']","['DecentralizingAgent', 'BuyCheapSellExpensiveAgent']",48,47,AgentMechanismInterface,False,False,True,17,0.6092697060084902,0.9,True,False,,,2,False,,"(13, 51, 19)",3b827b90-95c1-44ef-8b1d-bea230652e21,0,[]
945,failed,"['00Dec@0', '02Ind@1']","['DecentralizingAgent', 'IndDecentralizingAgent']",48,47,AgentMechanismInterface,False,False,True,17,0.5744964720215648,0.9,False,False,"(15, 57, 20)",,2,False,,"(15, 57, 20)",9aa5041b-c52c-49cd-a7b3-23c25359b854,0,[]
946,failed,"['01Dec@0', '03Buy@1']","['DecentralizingAgent', 'BuyCheapSellExpensiveAgent']",49,48,AgentMechanismInterface,False,False,True,2,0.05229780700756237,0.15,False,False,"(57, 49, 13)",,2,False,,"(57, 49, 13)",2f94fa75-5248-41e4-9e90-d4cd25fbea49,0,"[('2f94fa75-5248-41e4-9e90-d4cd25fbea49', (57, 49, 13))]"
947,failed,"['04MyA@2', '03Buy@1']","['MyAgent', 'BuyCheapSellExpensiveAgent']",49,48,AgentMechanismInterface,False,False,True,2,0.2631310080178082,0.15,False,False,"(47, 59, 18)",,2,False,,"(47, 59, 18)",f672b351-bca2-4f71-bee7-80717a172cc3,0,"[('f672b351-bca2-4f71-bee7-80717a172cc3', (47, 59, 18))]"
948,failed,"['05Dec@2', '02Ind@1']","['DecentralizingAgent', 'IndDecentralizingAgent']",49,48,AgentMechanismInterface,False,False,True,2,0.3981752030085772,0.15,True,False,,,2,False,,,38edcf51-7532-4afa-a922-7b89ae170159,0,[]
949,failed,"['05Dec@2', '02Ind@1']","['DecentralizingAgent', 'IndDecentralizingAgent']",49,48,AgentMechanismInterface,False,False,True,7,0.22727239201776683,0.4,False,False,"(26, 56, 18)",,2,False,,"(26, 56, 18)",ea44fef5-d8a5-41e4-8b01-c1d245e46759,0,"[('ea44fef5-d8a5-41e4-8b01-c1d245e46759', (26, 56, 18))]"
950,failed,"['00Dec@0', '02Ind@1']","['DecentralizingAgent', 'IndDecentralizingAgent']",49,48,AgentMechanismInterface,False,False,True,17,0.4888101579854265,0.9,False,False,"(19, 56, 19)",,2,False,,"(19, 56, 19)",66329804-eb6c-412b-8475-9e7fc2b37d55,0,[]
951,failed,"['00Dec@0', '03Buy@1']","['DecentralizingAgent', 'BuyCheapSellExpensiveAgent']",49,48,AgentMechanismInterface,False,False,True,17,0.26766663999296725,0.9,False,False,"(13, 51, 19)",,2,False,,"(13, 51, 19)",dc3eee1e-e7e5-43e0-bc96-34fe76ebfdb2,0,[]
952,failed,"['00Dec@0', '03Buy@1']","['DecentralizingAgent', 'BuyCheapSellExpensiveAgent']",49,48,AgentMechanismInterface,False,False,True,17,0.5425595589913428,0.9,False,False,"(15, 56, 20)",,2,False,,"(15, 56, 20)",d9d1f3e6-98ae-4260-be81-c54e2b0c8e0e,0,[]
953,failed,"['05Dec@2', '02Ind@1']","['DecentralizingAgent', 'IndDecentralizingAgent']",49,48,AgentMechanismInterface,False,False,True,17,0.5493254080065526,0.9,False,False,"(5, 51, 9)",,2,False,,"(5, 51, 9)",4bc27d5f-d629-4b2f-800d-4e2357d8eaa6,0,"[('4bc27d5f-d629-4b2f-800d-4e2357d8eaa6', (5, 51, 9))]"
954,failed,"['02Ind@1', '04MyA@2']","['IndDecentralizingAgent', 'MyAgent']",49,48,AgentMechanismInterface,False,False,True,17,0.5508827199810185,0.9,False,False,"(2, 54, 27)",,2,False,,"(2, 54, 27)",c04ad1b8-507a-49b2-9a66-b76fe08bdd7b,0,"[('c04ad1b8-507a-49b2-9a66-b76fe08bdd7b', (2, 54, 27))]"
955,failed,"['05Dec@2', '03Buy@1']","['DecentralizingAgent', 'BuyCheapSellExpensiveAgent']",49,48,AgentMechanismInterface,False,False,True,17,0.3258038139902055,0.9,False,False,"(5, 50, 10)",,2,False,,"(5, 50, 10)",053b91f8-f0dc-4dc0-98b8-7af7a89814e2,0,"[('053b91f8-f0dc-4dc0-98b8-7af7a89814e2', (5, 50, 10))]"
956,failed,"['00Dec@0', '02Ind@1']","['DecentralizingAgent', 'IndDecentralizingAgent']",49,48,AgentMechanismInterface,False,False,True,17,0.6242765599745326,0.9,False,False,"(15, 56, 20)",,2,False,,"(15, 56, 20)",5c4c113a-8668-414d-98e6-873ffc59b151,0,[]
957,failed,"['02Ind@1', '05Dec@2']","['IndDecentralizingAgent', 'DecentralizingAgent']",49,48,AgentMechanismInterface,False,False,True,17,0.5914495590259321,0.9,False,False,"(2, 54, 27)",,2,False,,"(2, 54, 27)",92989484-47e0-49b3-851c-b343b6002bc4,0,"[('92989484-47e0-49b3-851c-b343b6002bc4', (2, 54, 27))]"
958,failed,"['00Dec@0', '03Buy@1']","['DecentralizingAgent', 'BuyCheapSellExpensiveAgent']",49,48,AgentMechanismInterface,False,False,True,17,0.3578238359768875,0.9,False,False,"(19, 57, 20)",,2,False,,"(19, 57, 20)",e7596277-be0b-4d41-b986-54419d280818,0,[]
959,failed,"['05Dec@2', '03Buy@1']","['DecentralizingAgent', 'BuyCheapSellExpensiveAgent']",49,48,AgentMechanismInterface,False,False,True,17,0.7020834109862335,0.9,True,False,,,2,False,,"(5, 51, 9)",a6681c93-2730-4fba-a1bb-5004b26e2f99,0,"[('a6681c93-2730-4fba-a1bb-5004b26e2f99', (5, 51, 9))]"
960,failed,"['05Dec@2', '02Ind@1']","['DecentralizingAgent', 'IndDecentralizingAgent']",49,48,AgentMechanismInterface,False,False,True,17,0.6944022540119477,0.9,False,False,"(9, 51, 9)",,2,False,,"(9, 51, 9)",aa36f20c-684b-4e5b-869f-626957eab6c3,0,"[('aa36f20c-684b-4e5b-869f-626957eab6c3', (9, 51, 9))]"
961,failed,"['00Dec@0', '02Ind@1']","['DecentralizingAgent', 'IndDecentralizingAgent']",49,48,AgentMechanismInterface,False,False,True,17,0.46387432102346793,0.9,True,False,,,2,False,,"(13, 51, 19)",34d6074c-dd53-4d31-bc65-9b4208af95a4,0,[]
962,failed,"['05Dec@2', '03Buy@1']","['DecentralizingAgent', 'BuyCheapSellExpensiveAgent']",49,48,AgentMechanismInterface,False,False,True,17,0.33871920098317787,0.9,True,False,,,2,False,,"(9, 52, 11)",07c131d5-93df-4d80-b2aa-7ddba2964130,0,[]
963,failed,"['05Dec@2', '02Ind@1']","['DecentralizingAgent', 'IndDecentralizingAgent']",49,48,AgentMechanismInterface,False,False,True,17,0.6425180360092781,0.9,True,False,,,2,False,,"(5, 49, 11)",4a030fe2-c6e8-46f9-a1c1-fb85c3edc59d,0,[]
964,failed,"['05Dec@2', '02Ind@1']","['DecentralizingAgent', 'IndDecentralizingAgent']",49,48,AgentMechanismInterface,False,False,True,17,0.39996600098675117,0.9,False,False,"(5, 51, 10)",,2,False,,"(5, 51, 10)",2db279f2-fa1c-467d-9da5-98f9bb959555,0,"[('2db279f2-fa1c-467d-9da5-98f9bb959555', (5, 51, 10))]"
965,failed,"['05Dec@2', '03Buy@1']","['DecentralizingAgent', 'BuyCheapSellExpensiveAgent']",49,48,AgentMechanismInterface,False,False,True,17,0.6492743130074814,0.9,True,False,,,2,False,,"(5, 50, 9)",343faa4d-3918-4c8c-8680-e062c2c8161c,0,"[('343faa4d-3918-4c8c-8680-e062c2c8161c', (5, 50, 9))]"
966,failed,"['05Dec@2', '03Buy@1']","['DecentralizingAgent', 'BuyCheapSellExpensiveAgent']",50,49,AgentMechanismInterface,False,False,True,2,1.5703274590196088,0.15,False,False,"(12, 60, 18)",,2,False,,"(12, 60, 18)",e006a52f-178c-4fdb-9ca4-a0de8fb0ae89,0,"[('e006a52f-178c-4fdb-9ca4-a0de8fb0ae89', (12, 60, 18))]"
967,failed,"['04MyA@2', '03Buy@1']","['MyAgent', 'BuyCheapSellExpensiveAgent']",50,49,AgentMechanismInterface,False,False,True,2,0.3605610969825648,0.15,False,False,"(68, 60, 18)",,2,False,,"(68, 60, 18)",f3b4f23e-2e12-4872-8856-8b2ba6bfd8ce,0,"[('f3b4f23e-2e12-4872-8856-8b2ba6bfd8ce', (68, 60, 18))]"
968,failed,"['05Dec@2', '03Buy@1']","['DecentralizingAgent', 'BuyCheapSellExpensiveAgent']",50,49,AgentMechanismInterface,False,False,True,2,0.14167728403117508,0.15,True,False,,,2,False,,,afd3a93a-ff02-4dfb-bacc-edcbb76535af,0,[]
969,failed,"['05Dec@2', '02Ind@1']","['DecentralizingAgent', 'IndDecentralizingAgent']",50,49,AgentMechanismInterface,False,False,True,17,0.3298482120153494,0.9,False,False,"(9, 51, 9)",,2,False,,"(9, 51, 9)",f8578c1f-104c-497e-97cd-3b8b0247ce69,0,"[('f8578c1f-104c-497e-97cd-3b8b0247ce69', (9, 51, 9))]"
970,failed,"['00Dec@0', '02Ind@1']","['DecentralizingAgent', 'IndDecentralizingAgent']",50,49,AgentMechanismInterface,False,False,True,17,0.35025024600327015,0.9,False,False,"(18, 57, 19)",,2,False,,"(18, 57, 19)",8e6ba8dd-99d2-4a35-9e47-dc65f816c38e,0,[]
971,failed,"['05Dec@2', '02Ind@1']","['DecentralizingAgent', 'IndDecentralizingAgent']",50,49,AgentMechanismInterface,False,False,True,17,1.7384148990386166,0.9,False,False,"(5, 52, 10)",,2,False,,"(5, 52, 10)",cbf5da69-6d2f-42f0-86c3-6e749e7a9de2,0,"[('cbf5da69-6d2f-42f0-86c3-6e749e7a9de2', (5, 52, 10))]"
972,failed,"['00Dec@0', '02Ind@1']","['DecentralizingAgent', 'IndDecentralizingAgent']",50,49,AgentMechanismInterface,False,False,True,17,0.22594120603753254,0.9,False,False,"(13, 51, 19)",,2,False,,"(13, 51, 19)",d13f7e23-a47b-4c4c-91ec-3b307d5fb771,0,[]
973,failed,"['00Dec@0', '03Buy@1']","['DecentralizingAgent', 'BuyCheapSellExpensiveAgent']",50,49,AgentMechanismInterface,False,False,True,17,0.3864947480033152,0.9,False,False,"(18, 58, 20)",,2,False,,"(18, 58, 20)",fc3aeff2-3177-4ebb-95b4-791511896e5c,0,[]
974,failed,"['00Dec@0', '03Buy@1']","['DecentralizingAgent', 'BuyCheapSellExpensiveAgent']",50,49,AgentMechanismInterface,False,False,True,17,1.7900740619516,0.9,False,False,"(13, 56, 20)",,2,False,,"(13, 56, 20)",5e12ef3f-8c8f-465a-8ff5-4f09f38cb303,0,[]
975,failed,"['05Dec@2', '02Ind@1']","['DecentralizingAgent', 'IndDecentralizingAgent']",50,49,AgentMechanismInterface,False,False,True,17,1.7979744210024364,0.9,False,False,"(5, 51, 10)",,2,False,,"(5, 51, 10)",7e27ffc4-682d-4997-a731-8dacb81e44f3,0,"[('7e27ffc4-682d-4997-a731-8dacb81e44f3', (5, 51, 10))]"
976,failed,"['05Dec@2', '02Ind@1']","['DecentralizingAgent', 'IndDecentralizingAgent']",50,49,AgentMechanismInterface,False,False,True,17,1.738983253017068,0.9,False,False,"(5, 52, 9)",,2,False,,"(5, 52, 9)",999832cb-623a-4b50-b7b7-001ab4574059,0,"[('999832cb-623a-4b50-b7b7-001ab4574059', (5, 52, 9))]"
977,failed,"['05Dec@2', '03Buy@1']","['DecentralizingAgent', 'BuyCheapSellExpensiveAgent']",50,49,AgentMechanismInterface,False,False,True,17,1.727091645996552,0.9,False,False,"(13, 50, 9)",,2,False,,"(13, 50, 9)",fdcb8978-8cff-4490-a00e-9833ab88b2e5,0,"[('fdcb8978-8cff-4490-a00e-9833ab88b2e5', (13, 50, 9))]"
978,failed,"['05Dec@2', '02Ind@1']","['DecentralizingAgent', 'IndDecentralizingAgent']",50,49,AgentMechanismInterface,False,False,True,17,0.3386337489937432,0.9,True,False,,,2,False,,"(13, 51, 11)",b775e86f-abc8-44cc-92ec-debe60daeeec,0,[]
979,failed,"['05Dec@2', '03Buy@1']","['DecentralizingAgent', 'BuyCheapSellExpensiveAgent']",50,49,AgentMechanismInterface,False,False,True,17,1.7545198489679024,0.9,False,False,"(5, 50, 9)",,2,False,,"(5, 50, 9)",3f68bf96-e6ef-434b-a52a-d0cfea7949c8,0,"[('3f68bf96-e6ef-434b-a52a-d0cfea7949c8', (5, 50, 9))]"
980,failed,"['05Dec@2', '03Buy@1']","['DecentralizingAgent', 'BuyCheapSellExpensiveAgent']",50,49,AgentMechanismInterface,False,False,True,17,0.4665096779935993,0.9,True,False,,,2,False,,"(9, 52, 11)",0d9ad855-da22-4320-976c-42a4f2fcee43,0,[]
981,failed,"['05Dec@2', '02Ind@1']","['DecentralizingAgent', 'IndDecentralizingAgent']",50,49,AgentMechanismInterface,False,False,True,17,0.335914266994223,0.9,True,False,,,2,False,,"(5, 50, 11)",a4789406-1566-458f-8170-167469ac12ec,0,[]
982,failed,"['05Dec@2', '03Buy@1']","['DecentralizingAgent', 'BuyCheapSellExpensiveAgent']",50,49,AgentMechanismInterface,False,False,True,17,0.40910316503141075,0.9,True,False,,,2,False,,"(5, 51, 9)",696c322e-386c-42cf-9e95-f067d32a7362,0,"[('696c322e-386c-42cf-9e95-f067d32a7362', (5, 51, 9))]"
983,failed,"['02Ind@1', '04MyA@2']","['IndDecentralizingAgent', 'MyAgent']",50,49,AgentMechanismInterface,False,False,True,17,0.3769085329840891,0.9,False,False,"(20, 57, 28)",,2,False,,"(20, 57, 28)",144c8c05-916e-4ff6-bb05-a851c9f52c43,0,[]
984,failed,"['05Dec@2', '03Buy@1']","['DecentralizingAgent', 'BuyCheapSellExpensiveAgent']",50,49,AgentMechanismInterface,False,False,True,17,0.3999228699831292,0.9,True,False,,,2,False,,"(5, 51, 11)",5cb4955d-2a5b-469a-99b7-3d96b64809ba,0,[]
985,failed,"['05Dec@2', '03Buy@1']","['DecentralizingAgent', 'BuyCheapSellExpensiveAgent']",50,49,AgentMechanismInterface,False,False,True,17,0.406656140985433,0.9,True,False,,,2,False,,"(5, 52, 11)",f957d1a3-5a04-4217-b4dc-45ceceb5df18,0,[]
986,failed,"['05Dec@2', '02Ind@1']","['DecentralizingAgent', 'IndDecentralizingAgent']",51,50,AgentMechanismInterface,False,False,True,2,0.2355259630130604,0.15,True,False,,,2,False,,,44efab0d-7602-4533-954b-a9a9831ed46f,0,[]
987,failed,"['04MyA@2', '02Ind@1']","['MyAgent', 'IndDecentralizingAgent']",51,50,AgentMechanismInterface,False,False,True,2,0.3836691660108045,0.15,False,False,"(50, 61, 18)",,2,False,,"(50, 61, 18)",489d6bf7-f6eb-4be6-8006-bba12024f1ed,0,"[('489d6bf7-f6eb-4be6-8006-bba12024f1ed', (50, 61, 18))]"
988,failed,"['01Dec@0', '03Buy@1']","['DecentralizingAgent', 'BuyCheapSellExpensiveAgent']",51,50,AgentMechanismInterface,False,False,True,17,0.2707720269681886,0.9,False,False,"(14, 56, 19)",,2,False,,"(14, 56, 19)",315adf54-b1db-4bc2-897b-894df1ff6ee9,0,[]
989,failed,"['05Dec@2', '03Buy@1']","['DecentralizingAgent', 'BuyCheapSellExpensiveAgent']",51,50,AgentMechanismInterface,False,False,True,17,0.4029323239810765,0.9,False,False,"(5, 51, 10)",,2,False,,"(5, 51, 10)",1605e050-f781-41c9-91ad-7fe558b2e2d5,0,"[('1605e050-f781-41c9-91ad-7fe558b2e2d5', (5, 51, 10))]"
990,failed,"['05Dec@2', '02Ind@1']","['DecentralizingAgent', 'IndDecentralizingAgent']",51,50,AgentMechanismInterface,False,False,True,17,0.22773715003859252,0.9,False,False,"(5, 53, 10)",,2,False,,"(5, 53, 10)",e5874f9b-0852-4a06-b953-40df5a85b370,0,"[('e5874f9b-0852-4a06-b953-40df5a85b370', (5, 53, 10))]"
991,failed,"['05Dec@2', '03Buy@1']","['DecentralizingAgent', 'BuyCheapSellExpensiveAgent']",51,50,AgentMechanismInterface,False,False,True,17,0.2707327360403724,0.9,True,False,,,2,False,,"(5, 52, 11)",d5171ea2-bacf-4e98-8ee5-a4da6b54cbf2,0,[]
992,failed,"['05Dec@2', '03Buy@1']","['DecentralizingAgent', 'BuyCheapSellExpensiveAgent']",51,50,AgentMechanismInterface,False,False,True,17,0.46967979200417176,0.9,False,False,"(12, 51, 9)",,2,False,,"(12, 51, 9)",2b42c8cc-88fd-4996-ad77-a7b900b89681,0,"[('2b42c8cc-88fd-4996-ad77-a7b900b89681', (12, 51, 9))]"
993,failed,"['05Dec@2', '02Ind@1']","['DecentralizingAgent', 'IndDecentralizingAgent']",51,50,AgentMechanismInterface,False,False,True,17,0.2665434939553961,0.9,False,False,"(5, 52, 10)",,2,False,,"(5, 52, 10)",b250db57-9f6d-4ab9-aada-0e61e1850548,0,"[('b250db57-9f6d-4ab9-aada-0e61e1850548', (5, 52, 10))]"
994,failed,"['02Ind@1', '04MyA@2']","['IndDecentralizingAgent', 'MyAgent']",51,50,AgentMechanismInterface,False,False,True,17,0.3964255820028484,0.9,False,False,"(13, 59, 26)",,2,False,,"(13, 59, 26)",717ee0d0-abea-4164-91ab-2d1863d56885,0,"[('717ee0d0-abea-4164-91ab-2d1863d56885', (13, 59, 26))]"
995,failed,"['05Dec@2', '03Buy@1']","['DecentralizingAgent', 'BuyCheapSellExpensiveAgent']",51,50,AgentMechanismInterface,False,False,True,17,0.3680396369891241,0.9,False,False,"(10, 52, 9)",,2,False,,"(10, 52, 9)",d103bac6-c60a-4f3d-855c-daf5ee186877,0,"[('d103bac6-c60a-4f3d-855c-daf5ee186877', (10, 52, 9))]"
996,failed,"['05Dec@2', '03Buy@1']","['DecentralizingAgent', 'BuyCheapSellExpensiveAgent']",51,50,AgentMechanismInterface,False,False,True,17,0.2635783959995024,0.9,False,False,"(9, 57, 10)",,2,False,,"(9, 57, 10)",e5e14af8-a0a3-4e66-b712-ea1114f01b7b,0,"[('e5e14af8-a0a3-4e66-b712-ea1114f01b7b', (9, 57, 10))]"
997,failed,"['05Dec@2', '02Ind@1']","['DecentralizingAgent', 'IndDecentralizingAgent']",51,50,AgentMechanismInterface,False,False,True,17,0.3098567060078494,0.9,False,False,"(12, 59, 10)",,2,False,,"(12, 59, 10)",65f26e72-0032-484a-b9c1-b129f5d06c3b,0,"[('65f26e72-0032-484a-b9c1-b129f5d06c3b', (12, 59, 10))]"
998,failed,"['01Dec@0', '02Ind@1']","['DecentralizingAgent', 'IndDecentralizingAgent']",51,50,AgentMechanismInterface,False,False,True,17,0.48216214700369164,0.9,True,False,,,2,False,,"(14, 56, 19)",d4ffada4-093c-41db-ae2d-46b796341ae7,0,[]
999,failed,"['05Dec@2', '03Buy@1']","['DecentralizingAgent', 'BuyCheapSellExpensiveAgent']",51,50,AgentMechanismInterface,False,False,True,17,0.46541908400831744,0.9,True,False,,,2,False,,"(5, 52, 9)",5a386c01-150a-4ece-ae57-6c03eba85c5f,0,"[('5a386c01-150a-4ece-ae57-6c03eba85c5f', (5, 52, 9))]"
1000,failed,"['05Dec@2', '03Buy@1']","['DecentralizingAgent', 'BuyCheapSellExpensiveAgent']",51,50,AgentMechanismInterface,False,False,True,17,0.3540843239752576,0.9,False,False,"(5, 52, 10)",,2,False,,"(5, 52, 10)",f32b8a71-edc8-437c-bdc8-34cb508bb582,0,"[('f32b8a71-edc8-437c-bdc8-34cb508bb582', (5, 52, 10))]"
1001,failed,"['05Dec@2', '02Ind@1']","['DecentralizingAgent', 'IndDecentralizingAgent']",51,50,AgentMechanismInterface,False,False,True,17,0.5669291529920883,0.9,True,False,,,2,False,,"(5, 51, 9)",34d44185-0607-4ca8-99c9-00ab15138877,0,"[('34d44185-0607-4ca8-99c9-00ab15138877', (5, 51, 9))]"
1002,failed,"['05Dec@2', '02Ind@1']","['DecentralizingAgent', 'IndDecentralizingAgent']",51,50,AgentMechanismInterface,False,False,True,17,0.4864003650145605,0.9,True,False,,,2,False,,"(4, 51, 11)",1b93bccf-b7a5-431a-83eb-2b869d5504f9,0,[]
1003,failed,"['05Dec@2', '02Ind@1']","['DecentralizingAgent', 'IndDecentralizingAgent']",51,50,AgentMechanismInterface,False,False,True,17,0.3531627180054784,0.9,True,False,,,2,False,,"(10, 52, 9)",73598fea-552f-4c6a-ac29-b77462b90510,0,"[('73598fea-552f-4c6a-ac29-b77462b90510', (10, 52, 9))]"
1004,failed,"['05Dec@2', '02Ind@1']","['DecentralizingAgent', 'IndDecentralizingAgent']",51,50,AgentMechanismInterface,False,False,True,17,0.5153107219957747,0.9,True,False,,,2,False,,"(9, 53, 11)",309ab4f5-300e-4e4d-b75c-4c6141e21f6f,0,[]
1005,failed,"['04MyA@2', '02Ind@1']","['MyAgent', 'IndDecentralizingAgent']",52,51,AgentMechanismInterface,False,False,True,2,0.12149748200317845,0.15,False,False,"(57, 62, 18)",,2,False,,"(57, 62, 18)",ee629095-4b31-4fca-a3a5-d8167622462d,0,[]
1006,failed,"['05Dec@2', '03Buy@1']","['DecentralizingAgent', 'BuyCheapSellExpensiveAgent']",52,51,AgentMechanismInterface,False,False,True,2,0.1788273869897239,0.15,True,False,,,2,False,,,a946a9ad-7f0f-4a6c-9140-ef370676d1b7,0,[]
1007,failed,"['02Ind@1', '04MyA@2']","['IndDecentralizingAgent', 'MyAgent']",52,51,AgentMechanismInterface,False,False,True,16,0.6180729600018822,0.85,False,False,"(52, 62, 27)",,2,False,,"(52, 62, 27)",65e7c41e-aae9-47fe-b0a9-c95a81a269a9,0,"[('65e7c41e-aae9-47fe-b0a9-c95a81a269a9', (52, 62, 27))]"
1008,failed,"['02Ind@1', '00Dec@0']","['IndDecentralizingAgent', 'DecentralizingAgent']",52,51,AgentMechanismInterface,False,False,True,16,0.40010208898456767,0.85,False,False,"(32, 53, 7)",,2,False,,"(32, 53, 7)",95109762-4f57-4a22-b95b-7a21302cb1b0,0,"[('95109762-4f57-4a22-b95b-7a21302cb1b0', (32, 53, 7))]"
1009,failed,"['01Dec@0', '03Buy@1']","['DecentralizingAgent', 'BuyCheapSellExpensiveAgent']",52,51,AgentMechanismInterface,False,False,True,17,0.46438480203505605,0.9,False,False,"(14, 61, 20)",,2,False,,"(14, 61, 20)",6258cc7c-9fc9-423e-8923-5a3b6450b013,0,[]
1010,failed,"['05Dec@2', '03Buy@1']","['DecentralizingAgent', 'BuyCheapSellExpensiveAgent']",52,51,AgentMechanismInterface,False,False,True,17,0.32611171901226044,0.9,False,False,"(5, 52, 9)",,2,False,,"(5, 52, 9)",f79a356f-9561-41ae-84ad-81aac0852e37,0,"[('f79a356f-9561-41ae-84ad-81aac0852e37', (5, 52, 9))]"
1011,failed,"['05Dec@2', '02Ind@1']","['DecentralizingAgent', 'IndDecentralizingAgent']",52,51,AgentMechanismInterface,False,False,True,17,0.19970038096653298,0.9,False,False,"(5, 53, 9)",,2,False,,"(5, 53, 9)",9bcf4ca4-84c3-431e-8dc4-e8182c80bdba,0,"[('9bcf4ca4-84c3-431e-8dc4-e8182c80bdba', (5, 53, 9))]"
1012,failed,"['05Dec@2', '02Ind@1']","['DecentralizingAgent', 'IndDecentralizingAgent']",52,51,AgentMechanismInterface,False,False,True,17,0.32588737399782985,0.9,False,False,"(9, 52, 9)",,2,False,,"(9, 52, 9)",3d6a7571-94b0-4eb9-b882-5e374d61a185,0,"[('3d6a7571-94b0-4eb9-b882-5e374d61a185', (9, 52, 9))]"
1013,failed,"['05Dec@2', '03Buy@1']","['DecentralizingAgent', 'BuyCheapSellExpensiveAgent']",52,51,AgentMechanismInterface,False,False,True,17,0.4345734930248,0.9,True,False,,,2,False,,"(9, 52, 9)",b88e3daf-92c8-4268-89f8-ffbea2929d68,0,"[('b88e3daf-92c8-4268-89f8-ffbea2929d68', (9, 52, 9))]"
1014,failed,"['05Dec@2', '02Ind@1']","['DecentralizingAgent', 'IndDecentralizingAgent']",52,51,AgentMechanismInterface,False,False,True,17,0.5072548220050521,0.9,False,False,"(10, 59, 10)",,2,False,,"(10, 59, 10)",c642049f-83ff-413c-bc97-b9d0c4f895c6,0,"[('c642049f-83ff-413c-bc97-b9d0c4f895c6', (10, 59, 10))]"
1015,failed,"['05Dec@2', '03Buy@1']","['DecentralizingAgent', 'BuyCheapSellExpensiveAgent']",52,51,AgentMechanismInterface,False,False,True,17,0.35075904097175226,0.9,True,False,,,2,False,,"(5, 52, 11)",819c6307-d939-40a4-ab72-d39f5c1170a2,0,[]
1016,failed,"['05Dec@2', '02Ind@1']","['DecentralizingAgent', 'IndDecentralizingAgent']",52,51,AgentMechanismInterface,False,False,True,17,0.33054326701676473,0.9,False,False,"(5, 52, 9)",,2,False,,"(5, 52, 9)",c3c5ab87-6e7c-4b27-8840-6950ed54522c,0,"[('c3c5ab87-6e7c-4b27-8840-6950ed54522c', (5, 52, 9))]"
1017,failed,"['05Dec@2', '03Buy@1']","['DecentralizingAgent', 'BuyCheapSellExpensiveAgent']",52,51,AgentMechanismInterface,False,False,True,17,0.6615903120255098,0.9,True,False,,,2,False,,"(5, 52, 9)",17c34e2b-9d31-4642-b64b-2d304e77670b,0,"[('17c34e2b-9d31-4642-b64b-2d304e77670b', (5, 52, 9))]"
1018,failed,"['01Dec@0', '02Ind@1']","['DecentralizingAgent', 'IndDecentralizingAgent']",52,51,AgentMechanismInterface,False,False,True,17,0.49070511502213776,0.9,True,False,,,2,False,,"(14, 56, 19)",935d356c-ac0a-4590-9d59-7afc3d43c611,0,[]
1019,failed,"['05Dec@2', '02Ind@1']","['DecentralizingAgent', 'IndDecentralizingAgent']",52,51,AgentMechanismInterface,False,False,True,17,0.3740188629599288,0.9,True,False,,,2,False,,"(4, 52, 11)",7ed7f28b-a176-45f3-8704-988858c37c79,0,[]
1020,failed,"['00Dec@0', '03Buy@1']","['DecentralizingAgent', 'BuyCheapSellExpensiveAgent']",52,51,AgentMechanismInterface,False,False,True,17,0.40348728303797543,0.9,False,False,"(2, 62, 19)",,2,False,,"(2, 62, 19)",fe7ae1d1-0de0-423f-a4f8-f09b1484fa37,0,"[('fe7ae1d1-0de0-423f-a4f8-f09b1484fa37', (2, 62, 19))]"
1021,failed,"['05Dec@2', '03Buy@1']","['DecentralizingAgent', 'BuyCheapSellExpensiveAgent']",52,51,AgentMechanismInterface,False,False,True,17,0.4206425519660115,0.9,True,False,,,2,False,,"(10, 54, 11)",8d3e5255-1abb-49ff-ae61-e04a56e90f42,0,[]
1022,failed,"['00Dec@0', '02Ind@1']","['DecentralizingAgent', 'IndDecentralizingAgent']",52,51,AgentMechanismInterface,False,False,True,17,0.4477769290097058,0.9,True,False,,,2,False,,"(2, 62, 18)",594c9662-a5cd-4933-8d6a-a59b508c7e5c,0,[]
1023,failed,"['04MyA@2', '03Buy@1']","['MyAgent', 'BuyCheapSellExpensiveAgent']",53,52,AgentMechanismInterface,False,False,True,2,0.057456750015262514,0.15,True,False,,,2,False,,"(18, 63, 18)",bb6cbaea-1c12-43d7-a041-7b76f9892581,0,[]
1024,failed,"['03Buy@1', '00Dec@0']","['BuyCheapSellExpensiveAgent', 'DecentralizingAgent']",53,52,AgentMechanismInterface,False,False,True,17,0.4562865660409443,0.9,False,False,"(12, 57, 6)",,2,False,,"(12, 57, 6)",667497e5-491c-4e00-bb0d-8e8a7c3b76d4,0,"[('667497e5-491c-4e00-bb0d-8e8a7c3b76d4', (12, 57, 6))]"
1025,failed,"['05Dec@2', '02Ind@1']","['DecentralizingAgent', 'IndDecentralizingAgent']",53,52,AgentMechanismInterface,False,False,True,17,0.3617201140150428,0.9,False,False,"(5, 53, 9)",,2,False,,"(5, 53, 9)",24539e40-35a8-42fe-9800-1d8f1a74a7e7,0,"[('24539e40-35a8-42fe-9800-1d8f1a74a7e7', (5, 53, 9))]"
1026,failed,"['00Dec@0', '03Buy@1']","['DecentralizingAgent', 'BuyCheapSellExpensiveAgent']",53,52,AgentMechanismInterface,False,False,True,17,0.20928190398262814,0.9,False,False,"(2, 57, 20)",,2,False,,"(2, 57, 20)",65965d87-e9d9-4d3d-bf49-d2163b72c2b2,0,"[('65965d87-e9d9-4d3d-bf49-d2163b72c2b2', (2, 57, 20))]"
1027,failed,"['01Dec@0', '03Buy@1']","['DecentralizingAgent', 'BuyCheapSellExpensiveAgent']",53,52,AgentMechanismInterface,False,False,True,17,0.3063927070470527,0.9,False,False,"(16, 59, 19)",,2,False,,"(16, 59, 19)",2d4be43a-b4a8-44a4-9357-672b2b08fffb,0,[]
1028,failed,"['01Dec@0', '02Ind@1']","['DecentralizingAgent', 'IndDecentralizingAgent']",53,52,AgentMechanismInterface,False,False,True,17,0.4219776900135912,0.9,False,False,"(14, 56, 19)",,2,False,,"(14, 56, 19)",d3b7b623-872c-4702-a349-0242580a561a,0,[]
1029,failed,"['02Ind@1', '01Dec@0']","['IndDecentralizingAgent', 'DecentralizingAgent']",53,52,AgentMechanismInterface,False,False,True,17,0.2661108499742113,0.9,False,False,"(25, 53, 7)",,2,False,,"(25, 53, 7)",f6cff4fd-028b-4660-9029-6289c38c8fa1,0,[]
1030,failed,"['05Dec@2', '03Buy@1']","['DecentralizingAgent', 'BuyCheapSellExpensiveAgent']",53,52,AgentMechanismInterface,False,False,True,17,0.40998078795382753,0.9,True,False,,,2,False,,"(5, 53, 11)",2fdbc0da-7799-43ee-8d09-131e8bff26b6,0,[]
1031,failed,"['01Dec@0', '03Buy@1']","['DecentralizingAgent', 'BuyCheapSellExpensiveAgent']",53,52,AgentMechanismInterface,False,False,True,17,0.29053251998266205,0.9,False,False,"(14, 61, 20)",,2,False,,"(14, 61, 20)",c4952ec2-51dd-401f-a411-6280f32a1616,0,[]
1032,failed,"['05Dec@2', '03Buy@1']","['DecentralizingAgent', 'BuyCheapSellExpensiveAgent']",53,52,AgentMechanismInterface,False,False,True,17,0.4985633740434423,0.9,False,False,"(5, 53, 9)",,2,False,,"(5, 53, 9)",a3143139-e03f-40c9-bbc0-6b8ad83aacef,0,"[('a3143139-e03f-40c9-bbc0-6b8ad83aacef', (5, 53, 9))]"
1033,failed,"['01Dec@0', '02Ind@1']","['DecentralizingAgent', 'IndDecentralizingAgent']",53,52,AgentMechanismInterface,False,False,True,17,0.4107375059975311,0.9,False,False,"(16, 62, 20)",,2,False,,"(16, 62, 20)",ffc23c12-8d9a-41b3-b447-e50664b57a57,0,[]
1034,failed,"['00Dec@0', '02Ind@1']","['DecentralizingAgent', 'IndDecentralizingAgent']",53,52,AgentMechanismInterface,False,False,True,17,0.5172544639790431,0.9,True,False,,,2,False,,"(2, 62, 18)",49ebb263-a5cc-4ee6-8c78-9e861e306f81,0,[]
1035,failed,"['00Dec@0', '02Ind@1']","['DecentralizingAgent', 'IndDecentralizingAgent']",53,52,AgentMechanismInterface,False,False,True,17,0.3951405050465837,0.9,False,False,"(14, 58, 19)",,2,False,,"(14, 58, 19)",4026e7d0-4335-4b71-8072-e6fe69fc3e79,0,[]
1036,failed,"['02Ind@1', '00Dec@0']","['IndDecentralizingAgent', 'DecentralizingAgent']",53,52,AgentMechanismInterface,False,False,True,17,0.3266168420086615,0.9,True,False,,,2,False,,"(25, 53, 7)",e53d53a6-81e1-4c69-a605-3737629d4410,0,[]
1037,failed,"['00Dec@0', '03Buy@1']","['DecentralizingAgent', 'BuyCheapSellExpensiveAgent']",53,52,AgentMechanismInterface,False,False,True,17,0.4809219849994406,0.9,False,False,"(14, 63, 20)",,2,False,,"(14, 63, 20)",eaffa444-a4d8-42ca-b10f-3ff9ab2d3268,0,[]
1038,failed,"['03Buy@1', '01Dec@0']","['BuyCheapSellExpensiveAgent', 'DecentralizingAgent']",53,52,AgentMechanismInterface,False,False,True,17,0.5163001160253771,0.9,True,False,,,2,False,,"(11, 57, 6)",4a720a10-299b-4c39-aa56-3d10fb2c57e4,0,[]
1039,failed,"['05Dec@2', '02Ind@1']","['DecentralizingAgent', 'IndDecentralizingAgent']",53,52,AgentMechanismInterface,False,False,True,17,0.3892522070091218,0.9,False,False,"(10, 60, 10)",,2,False,,"(10, 60, 10)",b87cf05b-ccc7-4b05-950f-727f8f852bbd,0,"[('b87cf05b-ccc7-4b05-950f-727f8f852bbd', (10, 60, 10))]"
1040,failed,"['05Dec@2', '03Buy@1']","['DecentralizingAgent', 'BuyCheapSellExpensiveAgent']",53,52,AgentMechanismInterface,False,False,True,17,0.376998502004426,0.9,True,False,,,2,False,,"(10, 54, 11)",b572a222-2957-4b7d-ba14-68816acad275,0,[]
1041,failed,"['05Dec@2', '02Ind@1']","['DecentralizingAgent', 'IndDecentralizingAgent']",53,52,AgentMechanismInterface,False,False,True,17,0.5239645129768178,0.9,True,False,,,2,False,,"(5, 53, 9)",c3323524-3cbd-4272-ab97-ec15727d2a19,0,"[('c3323524-3cbd-4272-ab97-ec15727d2a19', (5, 53, 9))]"
1042,failed,"['04MyA@2', '02Ind@1']","['MyAgent', 'IndDecentralizingAgent']",54,53,AgentMechanismInterface,False,False,True,2,0.05209479603217915,0.15,True,False,,,2,False,,,880b3359-d86f-4500-8135-96983db3f0c5,0,[]
1043,failed,"['00Dec@0', '03Buy@1']","['DecentralizingAgent', 'BuyCheapSellExpensiveAgent']",54,53,AgentMechanismInterface,False,False,True,17,0.18095107696717605,0.9,False,False,"(13, 59, 19)",,2,False,,"(13, 59, 19)",1e78916b-02ef-43c4-b655-5ad4ebbe925c,0,[]
1044,failed,"['05Dec@2', '03Buy@1']","['DecentralizingAgent', 'BuyCheapSellExpensiveAgent']",54,53,AgentMechanismInterface,False,False,True,17,0.23829119600122795,0.9,False,False,"(5, 54, 9)",,2,False,,"(5, 54, 9)",1dd81573-ef1b-4782-a85d-14861b4b1452,0,"[('1dd81573-ef1b-4782-a85d-14861b4b1452', (5, 54, 9))]"
1045,failed,"['05Dec@2', '02Ind@1']","['DecentralizingAgent', 'IndDecentralizingAgent']",54,53,AgentMechanismInterface,False,False,True,17,0.27415797201683745,0.9,True,False,,,2,False,,"(4, 54, 11)",bf51579d-13bc-4f20-b948-ae3372671dfb,0,[]
1046,failed,"['00Dec@0', '02Ind@1']","['DecentralizingAgent', 'IndDecentralizingAgent']",54,53,AgentMechanismInterface,False,False,True,17,0.33353595103835687,0.9,True,False,,,2,False,,"(13, 59, 19)",c3eacb1d-7461-4822-b130-c41209ce9e61,0,[]
1047,failed,"['00Dec@0', '02Ind@1']","['DecentralizingAgent', 'IndDecentralizingAgent']",54,53,AgentMechanismInterface,False,False,True,17,0.26044297695625573,0.9,False,False,"(2, 57, 20)",,2,False,,"(2, 57, 20)",95575bb9-8a1f-46c7-947e-98b39d772de0,0,"[('95575bb9-8a1f-46c7-947e-98b39d772de0', (2, 57, 20))]"
1048,failed,"['01Dec@0', '02Ind@1']","['DecentralizingAgent', 'IndDecentralizingAgent']",54,53,AgentMechanismInterface,False,False,True,17,0.2923868229845539,0.9,False,False,"(17, 60, 19)",,2,False,,"(17, 60, 19)",2ddf2b8a-80f4-4eaa-9f35-786347ef5d01,0,[]
1049,failed,"['05Dec@2', '03Buy@1']","['DecentralizingAgent', 'BuyCheapSellExpensiveAgent']",54,53,AgentMechanismInterface,False,False,True,17,0.36417196301044896,0.9,False,False,"(10, 60, 10)",,2,False,,"(10, 60, 10)",ba624232-d6ba-4e2f-92fa-bc9c9e895bba,0,"[('ba624232-d6ba-4e2f-92fa-bc9c9e895bba', (10, 60, 10))]"
1050,failed,"['02Ind@1', '01Dec@0']","['IndDecentralizingAgent', 'DecentralizingAgent']",54,53,AgentMechanismInterface,False,False,True,17,0.31794574804371223,0.9,False,False,"(14, 55, 8)",,2,False,,"(14, 55, 8)",6d2c5e77-7cb0-4c20-b650-efb384e4461f,0,"[('6d2c5e77-7cb0-4c20-b650-efb384e4461f', (14, 55, 8))]"
1051,failed,"['00Dec@0', '03Buy@1']","['DecentralizingAgent', 'BuyCheapSellExpensiveAgent']",54,53,AgentMechanismInterface,False,False,True,17,0.2278492979821749,0.9,True,False,,,2,False,,"(2, 57, 20)",191d11f8-bbee-4261-991f-30f31627509d,0,"[('191d11f8-bbee-4261-991f-30f31627509d', (2, 57, 20))]"
1052,failed,"['01Dec@0', '03Buy@1']","['DecentralizingAgent', 'BuyCheapSellExpensiveAgent']",54,53,AgentMechanismInterface,False,False,True,17,0.26379157503833994,0.9,False,False,"(17, 63, 20)",,2,False,,"(17, 63, 20)",5cb0eb51-2a73-4111-b6f7-a31f078430e0,0,[]
1053,failed,"['02Ind@1', '00Dec@0']","['IndDecentralizingAgent', 'DecentralizingAgent']",54,53,AgentMechanismInterface,False,False,True,17,0.25045946100726724,0.9,False,False,"(14, 57, 6)",,2,False,,"(14, 57, 6)",b3fbfc3a-1c23-45de-af39-e6170ad7657c,0,"[('b3fbfc3a-1c23-45de-af39-e6170ad7657c', (14, 57, 6))]"
1054,failed,"['05Dec@2', '02Ind@1']","['DecentralizingAgent', 'IndDecentralizingAgent']",54,53,AgentMechanismInterface,False,False,True,17,0.2966684689745307,0.9,True,False,,,2,False,,"(10, 54, 9)",fe7b08d0-6107-43ac-96a8-78a75be600ad,0,"[('fe7b08d0-6107-43ac-96a8-78a75be600ad', (10, 54, 9))]"
1055,failed,"['04MyA@2', '02Ind@1']","['MyAgent', 'IndDecentralizingAgent']",55,54,AgentMechanismInterface,False,False,True,2,0.04642411001259461,0.15,True,False,,,2,False,,"(18, 63, 18)",a02777df-9c90-48f7-89aa-fadb96c75d5d,0,[]
1056,failed,"['00Dec@0', '03Buy@1']","['DecentralizingAgent', 'BuyCheapSellExpensiveAgent']",55,54,AgentMechanismInterface,False,False,True,17,0.26624081999761984,0.9,False,False,"(2, 57, 20)",,2,False,,"(2, 57, 20)",a6e3655d-dfca-42d4-af96-785c4d6ef17f,0,"[('a6e3655d-dfca-42d4-af96-785c4d6ef17f', (2, 57, 20))]"
1057,failed,"['05Dec@2', '02Ind@1']","['DecentralizingAgent', 'IndDecentralizingAgent']",55,54,AgentMechanismInterface,False,False,True,17,0.23049353703390807,0.9,False,False,"(9, 55, 9)",,2,False,,"(9, 55, 9)",629dd254-89c0-4c3e-9ee1-0548334fa830,0,"[('629dd254-89c0-4c3e-9ee1-0548334fa830', (9, 55, 9))]"
1058,failed,"['01Dec@0', '03Buy@1']","['DecentralizingAgent', 'BuyCheapSellExpensiveAgent']",55,54,AgentMechanismInterface,False,False,True,17,0.26567347603850067,0.9,False,False,"(11, 60, 19)",,2,False,,"(11, 60, 19)",2cf99872-63c8-4e5a-9410-03e14ab869da,0,"[('2cf99872-63c8-4e5a-9410-03e14ab869da', (11, 60, 19))]"
1059,failed,"['00Dec@0', '03Buy@1']","['DecentralizingAgent', 'BuyCheapSellExpensiveAgent']",55,54,AgentMechanismInterface,False,False,True,17,0.31815571000333875,0.9,False,False,"(18, 62, 19)",,2,False,,"(18, 62, 19)",19a794df-befc-46e3-a8f0-2fd97afff5b4,0,[]
1060,failed,"['00Dec@0', '03Buy@1']","['DecentralizingAgent', 'BuyCheapSellExpensiveAgent']",55,54,AgentMechanismInterface,False,False,True,17,0.20266673801233992,0.9,False,False,"(13, 59, 19)",,2,False,,"(13, 59, 19)",255d97cb-4afd-4acc-b23f-97ea8b566cdc,0,[]
1061,failed,"['00Dec@0', '02Ind@1']","['DecentralizingAgent', 'IndDecentralizingAgent']",55,54,AgentMechanismInterface,False,False,True,17,0.21796328894561157,0.9,True,False,,,2,False,,"(2, 62, 18)",4ae5d41e-40b8-4916-a084-ac94a1ae725d,0,[]
1062,failed,"['00Dec@0', '02Ind@1']","['DecentralizingAgent', 'IndDecentralizingAgent']",55,54,AgentMechanismInterface,False,False,True,17,0.2724263300187886,0.9,False,False,"(13, 64, 20)",,2,False,,"(13, 64, 20)",dc52f6e4-5a0d-46e0-9587-c0022c4da790,0,[]
1063,failed,"['05Dec@2', '03Buy@1']","['DecentralizingAgent', 'BuyCheapSellExpensiveAgent']",55,54,AgentMechanismInterface,False,False,True,17,0.20804608898470178,0.9,False,False,"(9, 60, 10)",,2,False,,"(9, 60, 10)",9de3c5a9-17fd-4296-80b0-5f1b8d6da24f,0,"[('9de3c5a9-17fd-4296-80b0-5f1b8d6da24f', (9, 60, 10))]"
1064,failed,"['00Dec@0', '02Ind@1']","['DecentralizingAgent', 'IndDecentralizingAgent']",55,54,AgentMechanismInterface,False,False,True,17,0.32769304199609905,0.9,True,False,,,2,False,,"(18, 62, 19)",72e62e26-e21e-42ef-bae6-6a8409bcbb30,0,[]
1065,failed,"['02Ind@1', '00Dec@0']","['IndDecentralizingAgent', 'DecentralizingAgent']",55,54,AgentMechanismInterface,False,False,True,17,0.22348787996452302,0.9,False,False,"(3, 55, 7)",,2,False,,"(3, 55, 7)",81d1f2f9-cc88-45a5-9c7b-1443a4754600,0,"[('81d1f2f9-cc88-45a5-9c7b-1443a4754600', (3, 55, 7))]"
1066,failed,"['01Dec@0', '02Ind@1']","['DecentralizingAgent', 'IndDecentralizingAgent']",55,54,AgentMechanismInterface,False,False,True,17,0.3875992849934846,0.9,False,False,"(11, 65, 20)",,2,False,,"(11, 65, 20)",0567ac88-845a-4265-8d47-75664210c02c,0,"[('0567ac88-845a-4265-8d47-75664210c02c', (11, 65, 20))]"
1067,failed,"['02Ind@1', '01Dec@0']","['IndDecentralizingAgent', 'DecentralizingAgent']",55,54,AgentMechanismInterface,False,False,True,17,0.2670268279616721,0.9,False,False,"(3, 55, 7)",,2,False,,"(3, 55, 7)",1f15d359-b150-4e41-85b6-121233eb5836,0,"[('1f15d359-b150-4e41-85b6-121233eb5836', (3, 55, 7))]"
1068,failed,"['00Dec@0', '03Buy@1']","['DecentralizingAgent', 'BuyCheapSellExpensiveAgent']",56,55,AgentMechanismInterface,False,False,True,2,0.12604460603324696,0.15,True,False,,,2,False,,"(1, 56, 13)",b182532e-1eba-4291-b47f-1bd150ae11eb,0,[]
1069,failed,"['04MyA@2', '02Ind@1']","['MyAgent', 'IndDecentralizingAgent']",56,55,AgentMechanismInterface,False,False,True,2,0.1936055799596943,0.15,True,False,,,2,False,,"(18, 63, 18)",8969a899-3995-4c01-8b4b-de8f348062d5,0,[]
1070,failed,"['01Dec@0', '03Buy@1']","['DecentralizingAgent', 'BuyCheapSellExpensiveAgent']",56,55,AgentMechanismInterface,False,False,True,2,0.05737078300444409,0.15,False,False,"(32, 56, 13)",,2,False,,"(32, 56, 13)",4f6904b7-f63a-4ed9-a128-ce39c41cb83a,0,[]
1071,failed,"['00Dec@0', '03Buy@1']","['DecentralizingAgent', 'BuyCheapSellExpensiveAgent']",56,55,AgentMechanismInterface,False,False,True,17,0.20217250200221315,0.9,False,False,"(2, 62, 19)",,2,False,,"(2, 62, 19)",3dfd83e1-d6f9-4a69-9a11-3252f8f5214b,0,"[('3dfd83e1-d6f9-4a69-9a11-3252f8f5214b', (2, 62, 19))]"
1072,failed,"['02Ind@1', '05Dec@2']","['IndDecentralizingAgent', 'DecentralizingAgent']",56,55,AgentMechanismInterface,False,False,True,17,0.23079050105297938,0.9,False,False,"(2, 61, 27)",,2,False,,"(2, 61, 27)",fbeb557f-143b-4d3e-9a32-05607e685fa9,0,"[('fbeb557f-143b-4d3e-9a32-05607e685fa9', (2, 61, 27))]"
1073,failed,"['00Dec@0', '03Buy@1']","['DecentralizingAgent', 'BuyCheapSellExpensiveAgent']",56,55,AgentMechanismInterface,False,False,True,17,0.24556534399744123,0.9,False,False,"(15, 62, 19)",,2,False,,"(15, 62, 19)",3d587196-71bb-4878-928b-a9e2c10c26b4,0,[]
1074,failed,"['02Ind@1', '00Dec@0']","['IndDecentralizingAgent', 'DecentralizingAgent']",56,55,AgentMechanismInterface,False,False,True,17,0.257174780999776,0.9,False,False,"(3, 60, 7)",,2,False,,"(3, 60, 7)",7a805e8a-7bce-445c-bcba-e32e48910bf3,0,"[('7a805e8a-7bce-445c-bcba-e32e48910bf3', (3, 60, 7))]"
1075,failed,"['00Dec@0', '02Ind@1']","['DecentralizingAgent', 'IndDecentralizingAgent']",56,55,AgentMechanismInterface,False,False,True,17,0.4052880079834722,0.9,True,False,,,2,False,,"(2, 57, 20)",b8eaae6b-5bbe-43d4-8bd2-ea62430230c1,0,"[('b8eaae6b-5bbe-43d4-8bd2-ea62430230c1', (2, 57, 20))]"
1076,failed,"['02Ind@1', '01Dec@0']","['IndDecentralizingAgent', 'DecentralizingAgent']",56,55,AgentMechanismInterface,False,False,True,17,0.3281564579810947,0.9,False,False,"(3, 60, 7)",,2,False,,"(3, 60, 7)",3c22ee94-63a7-45d1-95e5-c01a2c34040f,0,"[('3c22ee94-63a7-45d1-95e5-c01a2c34040f', (3, 60, 7))]"
1077,failed,"['00Dec@0', '02Ind@1']","['DecentralizingAgent', 'IndDecentralizingAgent']",56,55,AgentMechanismInterface,False,False,True,17,0.35890020499937236,0.9,False,False,"(15, 65, 20)",,2,False,,"(15, 65, 20)",a2264b90-3d51-4811-bf46-b30d335dc18c,0,[]
1078,failed,"['05Dec@2', '02Ind@1']","['DecentralizingAgent', 'IndDecentralizingAgent']",56,55,AgentMechanismInterface,False,False,True,17,0.395243456994649,0.9,False,False,"(9, 56, 9)",,2,False,,"(9, 56, 9)",87d9bddd-de14-42e5-a144-3a72c90d26b5,0,"[('87d9bddd-de14-42e5-a144-3a72c90d26b5', (9, 56, 9))]"
1079,failed,"['00Dec@0', '03Buy@1']","['DecentralizingAgent', 'BuyCheapSellExpensiveAgent']",56,55,AgentMechanismInterface,False,False,True,17,0.23062518303049728,0.9,False,False,"(18, 63, 20)",,2,False,,"(18, 63, 20)",a058eaa8-e86e-449a-8f32-3441b443f836,0,[]
1080,failed,"['05Dec@2', '03Buy@1']","['DecentralizingAgent', 'BuyCheapSellExpensiveAgent']",56,55,AgentMechanismInterface,False,False,True,17,0.41727234597783536,0.9,False,False,"(9, 60, 10)",,2,False,,"(9, 60, 10)",30bd2fe2-45e8-44ea-8ff2-40f40eb7fa2d,0,"[('30bd2fe2-45e8-44ea-8ff2-40f40eb7fa2d', (9, 60, 10))]"
1081,failed,"['00Dec@0', '02Ind@1']","['DecentralizingAgent', 'IndDecentralizingAgent']",56,55,AgentMechanismInterface,False,False,True,17,0.3376589849940501,0.9,True,False,,,2,False,,"(18, 62, 19)",04bed842-40c6-4f52-baab-0b37ff216875,0,[]
1082,failed,"['02Ind@1', '04MyA@2']","['IndDecentralizingAgent', 'MyAgent']",56,55,AgentMechanismInterface,False,False,True,17,0.39485080598387867,0.9,False,False,"(2, 66, 27)",,2,False,,"(2, 66, 27)",4ed61a01-34ff-48b5-8884-32301333d382,0,"[('4ed61a01-34ff-48b5-8884-32301333d382', (2, 66, 27))]"
1083,failed,"['01Dec@0', '02Ind@1']","['DecentralizingAgent', 'IndDecentralizingAgent']",57,56,AgentMechanismInterface,False,False,True,2,0.38612975901924074,0.15,False,False,"(30, 57, 13)",,2,False,,"(30, 57, 13)",cf309853-7a68-469b-aa91-8130de06f82b,0,[]
1084,failed,"['04MyA@2', '03Buy@1']","['MyAgent', 'BuyCheapSellExpensiveAgent']",57,56,AgentMechanismInterface,False,False,True,2,0.036570522002875805,0.15,True,False,,,2,False,,"(18, 63, 18)",b09e4ac3-9517-46c9-bd40-64a4cdc899f9,0,[]
1085,failed,"['00Dec@0', '03Buy@1']","['DecentralizingAgent', 'BuyCheapSellExpensiveAgent']",57,56,AgentMechanismInterface,False,False,True,2,0.3075470710173249,0.15,True,False,,,2,False,,,2baeaf1e-d4fa-4e42-8387-e4fb167b4a3a,0,[]
1086,failed,"['04MyA@2', '02Ind@1']","['MyAgent', 'IndDecentralizingAgent']",57,56,AgentMechanismInterface,False,False,True,2,0.17742719099624082,0.15,False,False,"(68, 67, 18)",,2,False,,"(68, 67, 18)",aff71927-8d5e-4387-8f1e-1eda3df13e70,0,[]
1087,failed,"['05Dec@2', '02Ind@1']","['DecentralizingAgent', 'IndDecentralizingAgent']",57,56,AgentMechanismInterface,False,False,True,2,0.32394049799768254,0.15,False,False,"(64, 67, 18)",,2,False,,"(64, 67, 18)",7145296d-e647-4267-86cd-055d589fb4dc,0,[]
1088,failed,"['00Dec@0', '03Buy@1']","['DecentralizingAgent', 'BuyCheapSellExpensiveAgent']",57,56,AgentMechanismInterface,False,False,True,17,0.278323141974397,0.9,False,False,"(2, 57, 20)",,2,False,,"(2, 57, 20)",0fdb6b16-eb49-4788-ac46-defc1d58042a,0,"[('0fdb6b16-eb49-4788-ac46-defc1d58042a', (2, 57, 20))]"
1089,failed,"['05Dec@2', '03Buy@1']","['DecentralizingAgent', 'BuyCheapSellExpensiveAgent']",57,56,AgentMechanismInterface,False,False,True,17,0.513451413018629,0.9,False,False,"(5, 59, 9)",,2,False,,"(5, 59, 9)",5f4deadd-ee46-4fd5-99d6-c803ecef2fb8,0,"[('5f4deadd-ee46-4fd5-99d6-c803ecef2fb8', (5, 59, 9))]"
1090,failed,"['05Dec@2', '02Ind@1']","['DecentralizingAgent', 'IndDecentralizingAgent']",57,56,AgentMechanismInterface,False,False,True,17,0.4982317660469562,0.9,True,False,,,2,False,,"(5, 59, 9)",3274da9b-71fe-45d5-86a4-48e0e895cd33,0,"[('3274da9b-71fe-45d5-86a4-48e0e895cd33', (5, 59, 9))]"
1091,failed,"['00Dec@0', '02Ind@1']","['DecentralizingAgent', 'IndDecentralizingAgent']",57,56,AgentMechanismInterface,False,False,True,17,0.42929356603417546,0.9,True,False,,,2,False,,"(2, 57, 20)",3e97f5dc-f9b4-4280-aa03-b76eee39c790,0,"[('3e97f5dc-f9b4-4280-aa03-b76eee39c790', (2, 57, 20))]"
1092,failed,"['00Dec@0', '03Buy@1']","['DecentralizingAgent', 'BuyCheapSellExpensiveAgent']",57,56,AgentMechanismInterface,False,False,True,17,0.44736173999262974,0.9,False,False,"(18, 63, 20)",,2,False,,"(18, 63, 20)",50a730a0-a4dc-407e-9fdd-99bf7760ef5c,0,[]
1093,failed,"['02Ind@1', '04MyA@2']","['IndDecentralizingAgent', 'MyAgent']",57,56,AgentMechanismInterface,False,False,True,17,0.5481744770077057,0.9,False,False,"(2, 67, 27)",,2,False,,"(2, 67, 27)",3539de06-e75a-4a34-8d0c-15a0dc433d2c,0,"[('3539de06-e75a-4a34-8d0c-15a0dc433d2c', (2, 67, 27))]"
1094,failed,"['00Dec@0', '02Ind@1']","['DecentralizingAgent', 'IndDecentralizingAgent']",57,56,AgentMechanismInterface,False,False,True,17,0.5254026869661175,0.9,False,False,"(18, 63, 20)",,2,False,,"(18, 63, 20)",318cb973-cbd3-45a6-9bd6-4d1839ae1744,0,[]
1095,failed,"['02Ind@1', '05Dec@2']","['IndDecentralizingAgent', 'DecentralizingAgent']",57,56,AgentMechanismInterface,False,False,True,17,0.5814130429644138,0.9,False,False,"(2, 62, 27)",,2,False,,"(2, 62, 27)",296c936a-2a36-436b-ab1f-6d78f18f2cee,0,"[('296c936a-2a36-436b-ab1f-6d78f18f2cee', (2, 62, 27))]"
1096,failed,"['04MyA@2', '03Buy@1']","['MyAgent', 'BuyCheapSellExpensiveAgent']",58,57,AgentMechanismInterface,False,False,True,2,0.0841258080326952,0.15,True,False,,,2,False,,"(18, 63, 18)",b3582761-9f2c-44a2-a7f3-b320eaec99fc,0,[]
1097,failed,"['00Dec@0', '02Ind@1']","['DecentralizingAgent', 'IndDecentralizingAgent']",58,57,AgentMechanismInterface,False,False,True,2,0.5167165989987552,0.15,True,False,,,2,False,,"(1, 58, 13)",46703875-5dc8-49e5-a1af-d63fcc5c68ce,0,[]
1098,failed,"['04MyA@2', '02Ind@1']","['MyAgent', 'IndDecentralizingAgent']",58,57,AgentMechanismInterface,False,False,True,2,0.49784078198717907,0.15,False,False,"(68, 68, 18)",,2,False,,"(68, 68, 18)",0f477bac-b1cb-48db-bfbe-52699f7e5fbc,0,"[('0f477bac-b1cb-48db-bfbe-52699f7e5fbc', (68, 68, 18))]"
1099,failed,"['05Dec@2', '03Buy@1']","['DecentralizingAgent', 'BuyCheapSellExpensiveAgent']",58,57,AgentMechanismInterface,False,False,True,2,0.2941343479906209,0.15,False,False,"(63, 68, 18)",,2,False,,"(63, 68, 18)",f4c0758a-ba9e-42dc-9d6c-6bda17d5dd77,0,[]
1100,failed,"['01Dec@0', '02Ind@1']","['DecentralizingAgent', 'IndDecentralizingAgent']",58,57,AgentMechanismInterface,False,False,True,17,0.43588486802764237,0.9,False,False,"(15, 67, 20)",,2,False,,"(15, 67, 20)",6a55dad4-2396-4762-9b34-7d7a27402fea,0,[]
1101,failed,"['05Dec@2', '02Ind@1']","['DecentralizingAgent', 'IndDecentralizingAgent']",58,57,AgentMechanismInterface,False,False,True,17,0.41165610298048705,0.9,False,False,"(9, 58, 9)",,2,False,,"(9, 58, 9)",1cad4968-64df-4167-aa68-a47edda3695c,0,"[('1cad4968-64df-4167-aa68-a47edda3695c', (9, 58, 9))]"
1102,failed,"['05Dec@2', '02Ind@1']","['DecentralizingAgent', 'IndDecentralizingAgent']",58,57,AgentMechanismInterface,False,False,True,17,0.49903138296213,0.9,False,False,"(5, 60, 10)",,2,False,,"(5, 60, 10)",b41883c7-5b03-48f3-9bfe-0506a8604efb,0,"[('b41883c7-5b03-48f3-9bfe-0506a8604efb', (5, 60, 10))]"
1103,failed,"['05Dec@2', '03Buy@1']","['DecentralizingAgent', 'BuyCheapSellExpensiveAgent']",58,57,AgentMechanismInterface,False,False,True,17,0.6518181920400821,0.9,False,False,"(9, 58, 9)",,2,False,,"(9, 58, 9)",692cb8b6-e7d0-4296-8e20-0fb02d826e55,0,"[('692cb8b6-e7d0-4296-8e20-0fb02d826e55', (9, 58, 9))]"
1104,failed,"['02Ind@1', '04MyA@2']","['IndDecentralizingAgent', 'MyAgent']",58,57,AgentMechanismInterface,False,False,True,17,0.23871866799890995,0.9,False,False,"(21, 66, 26)",,2,False,,"(21, 66, 26)",439b2b79-d580-4f5c-bed6-ee542396f607,0,[]
1105,failed,"['02Ind@1', '05Dec@2']","['IndDecentralizingAgent', 'DecentralizingAgent']",58,57,AgentMechanismInterface,False,False,True,17,0.5583700650022365,0.9,False,False,"(21, 65, 28)",,2,False,,"(21, 65, 28)",6f09823f-3875-4bb0-890e-b9e60066b6db,0,[]
1106,failed,"['05Dec@2', '02Ind@1']","['DecentralizingAgent', 'IndDecentralizingAgent']",58,57,AgentMechanismInterface,False,False,True,17,0.3101472469861619,0.9,False,False,"(9, 60, 9)",,2,False,,"(9, 60, 9)",530a5a3a-6259-48aa-a8d9-7f487fef5ec2,0,"[('530a5a3a-6259-48aa-a8d9-7f487fef5ec2', (9, 60, 9))]"
1107,failed,"['01Dec@0', '03Buy@1']","['DecentralizingAgent', 'BuyCheapSellExpensiveAgent']",58,57,AgentMechanismInterface,False,False,True,17,0.2253032970475033,0.9,False,False,"(15, 67, 20)",,2,False,,"(15, 67, 20)",0f3dad4a-14b2-46e5-a21d-c855b703e465,0,[]
1108,failed,"['05Dec@2', '03Buy@1']","['DecentralizingAgent', 'BuyCheapSellExpensiveAgent']",58,57,AgentMechanismInterface,False,False,True,17,0.36168997205095366,0.9,True,False,,,2,False,,"(5, 59, 9)",77186284-0dcd-44fa-a3bb-2dcec295e03c,0,"[('77186284-0dcd-44fa-a3bb-2dcec295e03c', (5, 59, 9))]"
1109,failed,"['05Dec@2', '03Buy@1']","['DecentralizingAgent', 'BuyCheapSellExpensiveAgent']",58,57,AgentMechanismInterface,False,False,True,17,0.37541563797276467,0.9,True,False,,,2,False,,"(9, 60, 9)",464f6ce2-7748-43cb-b244-c786d1e26298,0,"[('464f6ce2-7748-43cb-b244-c786d1e26298', (9, 60, 9))]"
1110,failed,"['05Dec@2', '02Ind@1']","['DecentralizingAgent', 'IndDecentralizingAgent']",59,58,AgentMechanismInterface,False,False,True,2,0.3252151940250769,0.15,False,False,"(44, 69, 18)",,2,False,,"(44, 69, 18)",bcdff2f6-caa8-46ae-b72c-270ca9143904,0,"[('bcdff2f6-caa8-46ae-b72c-270ca9143904', (44, 69, 18))]"
1111,failed,"['00Dec@0', '03Buy@1']","['DecentralizingAgent', 'BuyCheapSellExpensiveAgent']",59,58,AgentMechanismInterface,False,False,True,2,0.22839835000922903,0.15,True,False,,,2,False,,"(1, 59, 13)",0233831a-70b2-4181-ae51-3dd44ef97d5f,0,[]
1112,failed,"['04MyA@2', '02Ind@1']","['MyAgent', 'IndDecentralizingAgent']",59,58,AgentMechanismInterface,False,False,True,2,0.1933839229750447,0.15,False,False,"(49, 69, 18)",,2,False,,"(49, 69, 18)",a95a5610-18bf-488a-8f08-4cab0f351f2c,0,[]
1113,failed,"['02Ind@1', '04MyA@2']","['IndDecentralizingAgent', 'MyAgent']",59,58,AgentMechanismInterface,False,False,True,17,0.547816098027397,0.9,False,False,"(23, 65, 28)",,2,False,,"(23, 65, 28)",9a76f46f-098c-4140-b636-244c851d58b0,0,[]
1114,failed,"['05Dec@2', '02Ind@1']","['DecentralizingAgent', 'IndDecentralizingAgent']",59,58,AgentMechanismInterface,False,False,True,17,0.3566652180161327,0.9,False,False,"(5, 64, 10)",,2,False,,"(5, 64, 10)",f4fc4a40-315e-425b-b85b-55c334c4a887,0,"[('f4fc4a40-315e-425b-b85b-55c334c4a887', (5, 64, 10))]"
1115,failed,"['05Dec@2', '02Ind@1']","['DecentralizingAgent', 'IndDecentralizingAgent']",59,58,AgentMechanismInterface,False,False,True,17,0.3903396649984643,0.9,False,False,"(9, 59, 9)",,2,False,,"(9, 59, 9)",a546aff2-2378-49cd-9414-2c807e1f2870,0,"[('a546aff2-2378-49cd-9414-2c807e1f2870', (9, 59, 9))]"
1116,failed,"['05Dec@2', '03Buy@1']","['DecentralizingAgent', 'BuyCheapSellExpensiveAgent']",59,58,AgentMechanismInterface,False,False,True,17,0.256434346025344,0.9,True,False,,,2,False,,"(5, 64, 11)",1fef0ae1-4e30-4b40-bfbc-0bb157ab7f77,0,[]
1117,failed,"['05Dec@2', '03Buy@1']","['DecentralizingAgent', 'BuyCheapSellExpensiveAgent']",59,58,AgentMechanismInterface,False,False,True,17,0.18958845298038796,0.9,False,False,"(5, 60, 10)",,2,False,,"(5, 60, 10)",50089dbd-798b-4584-b47e-9e0581e5ee8a,0,"[('50089dbd-798b-4584-b47e-9e0581e5ee8a', (5, 60, 10))]"
1118,failed,"['05Dec@2', '02Ind@1']","['DecentralizingAgent', 'IndDecentralizingAgent']",59,58,AgentMechanismInterface,False,False,True,17,0.40553703997284174,0.9,True,False,,,2,False,,"(5, 60, 9)",2501c694-407b-4d68-8294-40d08fabea19,0,"[('2501c694-407b-4d68-8294-40d08fabea19', (5, 60, 9))]"
1119,failed,"['05Dec@2', '03Buy@1']","['DecentralizingAgent', 'BuyCheapSellExpensiveAgent']",59,58,AgentMechanismInterface,False,False,True,17,0.4014717729878612,0.9,False,False,"(9, 66, 10)",,2,False,,"(9, 66, 10)",aacdf583-f576-436a-be27-3ccdf2681672,0,"[('aacdf583-f576-436a-be27-3ccdf2681672', (9, 66, 10))]"
1120,failed,"['05Dec@2', '02Ind@1']","['DecentralizingAgent', 'IndDecentralizingAgent']",59,58,AgentMechanismInterface,False,False,True,17,0.6124134800047614,0.9,True,False,,,2,False,,"(9, 61, 11)",bf712c59-991f-448b-9b46-3e035681e5c9,0,[]
1121,failed,"['01Dec@0', '02Ind@1']","['DecentralizingAgent', 'IndDecentralizingAgent']",59,58,AgentMechanismInterface,False,False,True,17,0.22372285096207634,0.9,False,False,"(21, 67, 19)",,2,False,,"(21, 67, 19)",10d7b327-75bc-4256-a9f7-b7a560049232,0,[]
1122,failed,"['01Dec@0', '03Buy@1']","['DecentralizingAgent', 'BuyCheapSellExpensiveAgent']",59,58,AgentMechanismInterface,False,False,True,17,0.28666815999895334,0.9,True,False,,,2,False,,"(21, 67, 19)",7b7139f6-64ce-4da4-b3d9-1d41c4abca5b,0,[]
1123,failed,"['05Dec@2', '03Buy@1']","['DecentralizingAgent', 'BuyCheapSellExpensiveAgent']",59,58,AgentMechanismInterface,False,False,True,17,0.5558326239697635,0.9,False,False,"(9, 63, 10)",,2,False,,"(9, 63, 10)",cfb49af5-557e-49f5-aea5-7a50fd64edf6,0,"[('cfb49af5-557e-49f5-aea5-7a50fd64edf6', (9, 63, 10))]"
1124,failed,"['04MyA@2', '03Buy@1']","['MyAgent', 'BuyCheapSellExpensiveAgent']",60,59,AgentMechanismInterface,False,False,True,2,0.27320453396532685,0.15,False,False,"(47, 70, 18)",,2,False,,"(47, 70, 18)",b7292a35-3355-4d22-a15b-49fff996f6ed,0,[]
1125,failed,"['05Dec@2', '02Ind@1']","['DecentralizingAgent', 'IndDecentralizingAgent']",60,59,AgentMechanismInterface,False,False,True,17,0.3089598190272227,0.9,False,False,"(9, 60, 9)",,2,False,,"(9, 60, 9)",c9aa0df6-a35b-479d-a01e-8a247574e530,0,"[('c9aa0df6-a35b-479d-a01e-8a247574e530', (9, 60, 9))]"
1126,failed,"['00Dec@0', '03Buy@1']","['DecentralizingAgent', 'BuyCheapSellExpensiveAgent']",60,59,AgentMechanismInterface,False,False,True,17,0.4924506429815665,0.9,False,False,"(15, 66, 19)",,2,False,,"(15, 66, 19)",27d72e1c-2e3e-4431-8835-91f352cf3e2e,0,[]
1127,failed,"['03Buy@1', '01Dec@0']","['BuyCheapSellExpensiveAgent', 'DecentralizingAgent']",60,59,AgentMechanismInterface,False,False,True,17,0.5300128129892983,0.9,False,False,"(5, 64, 7)",,2,False,,"(5, 64, 7)",c4c572c7-5888-4508-bd86-49132148a330,0,"[('c4c572c7-5888-4508-bd86-49132148a330', (5, 64, 7))]"
1128,failed,"['05Dec@2', '02Ind@1']","['DecentralizingAgent', 'IndDecentralizingAgent']",60,59,AgentMechanismInterface,False,False,True,17,0.21338033600477502,0.9,False,False,"(5, 65, 10)",,2,False,,"(5, 65, 10)",b5fe1bca-cbef-4ad9-89ef-0a48397bc8cb,0,"[('b5fe1bca-cbef-4ad9-89ef-0a48397bc8cb', (5, 65, 10))]"
1129,failed,"['03Buy@1', '00Dec@0']","['BuyCheapSellExpensiveAgent', 'DecentralizingAgent']",60,59,AgentMechanismInterface,False,False,True,17,0.20634226797847077,0.9,False,False,"(5, 60, 7)",,2,False,,"(5, 60, 7)",bb723426-4dad-4c46-81e4-45a7520aeaa2,0,"[('bb723426-4dad-4c46-81e4-45a7520aeaa2', (5, 60, 7))]"
1130,failed,"['05Dec@2', '03Buy@1']","['DecentralizingAgent', 'BuyCheapSellExpensiveAgent']",60,59,AgentMechanismInterface,False,False,True,17,0.4945149039849639,0.9,True,False,,,2,False,,"(5, 64, 9)",6dc1c66b-173c-46c7-ba51-7eb6b29eecac,0,"[('6dc1c66b-173c-46c7-ba51-7eb6b29eecac', (5, 64, 9))]"
1131,failed,"['01Dec@0', '03Buy@1']","['DecentralizingAgent', 'BuyCheapSellExpensiveAgent']",60,59,AgentMechanismInterface,False,False,True,17,0.29084776097442955,0.9,False,False,"(21, 67, 19)",,2,False,,"(21, 67, 19)",8e4a41a2-51ff-47f4-a342-e9b94a6c6b5b,0,[]
1132,failed,"['05Dec@2', '03Buy@1']","['DecentralizingAgent', 'BuyCheapSellExpensiveAgent']",60,59,AgentMechanismInterface,False,False,True,17,0.389951012970414,0.9,False,False,"(9, 64, 10)",,2,False,,"(9, 64, 10)",396c2af5-0914-4894-915a-79ccab403e9f,0,"[('396c2af5-0914-4894-915a-79ccab403e9f', (9, 64, 10))]"
1133,failed,"['05Dec@2', '03Buy@1']","['DecentralizingAgent', 'BuyCheapSellExpensiveAgent']",60,59,AgentMechanismInterface,False,False,True,17,0.5422549300128594,0.9,False,False,"(5, 63, 9)",,2,False,,"(5, 63, 9)",cbe45b2c-3501-474b-89bd-250ed8ad641d,0,"[('cbe45b2c-3501-474b-89bd-250ed8ad641d', (5, 63, 9))]"
1134,failed,"['05Dec@2', '02Ind@1']","['DecentralizingAgent', 'IndDecentralizingAgent']",60,59,AgentMechanismInterface,False,False,True,17,0.3667790329782292,0.9,True,False,,,2,False,,"(5, 64, 11)",b2fbf990-d401-4b58-8d11-2a91bd51e0cd,0,[]
1135,failed,"['05Dec@2', '03Buy@1']","['DecentralizingAgent', 'BuyCheapSellExpensiveAgent']",60,59,AgentMechanismInterface,False,False,True,17,0.5599215020192787,0.9,False,False,"(5, 61, 10)",,2,False,,"(5, 61, 10)",95687350-a419-4b00-be48-3d59fad361a3,0,"[('95687350-a419-4b00-be48-3d59fad361a3', (5, 61, 10))]"
1136,failed,"['02Ind@1', '04MyA@2']","['IndDecentralizingAgent', 'MyAgent']",60,59,AgentMechanismInterface,False,False,True,17,0.3130512370262295,0.9,False,False,"(18, 67, 26)",,2,False,,"(18, 67, 26)",db2ddcd4-cbb2-4b41-ae70-5002ce8cf6e7,0,[]
1137,failed,"['01Dec@0', '02Ind@1']","['DecentralizingAgent', 'IndDecentralizingAgent']",60,59,AgentMechanismInterface,False,False,True,17,0.3885584420058876,0.9,True,False,,,2,False,,"(21, 67, 19)",926f91ef-78ce-43bc-8699-e2b4bc63f0c2,0,[]
1138,failed,"['00Dec@0', '02Ind@1']","['DecentralizingAgent', 'IndDecentralizingAgent']",60,59,AgentMechanismInterface,False,False,True,17,0.43408560898387805,0.9,True,False,,,2,False,,"(15, 66, 19)",29b690b4-55d2-4571-8518-1fed4164aa91,0,[]
1139,failed,"['05Dec@2', '02Ind@1']","['DecentralizingAgent', 'IndDecentralizingAgent']",60,59,AgentMechanismInterface,False,False,True,17,0.648501860036049,0.9,True,False,,,2,False,,"(5, 60, 9)",66ce907f-72d2-4045-95db-e003ab49dd8c,0,"[('66ce907f-72d2-4045-95db-e003ab49dd8c', (5, 60, 9))]"
1140,failed,"['01Dec@0', '02Ind@1']","['DecentralizingAgent', 'IndDecentralizingAgent']",60,59,AgentMechanismInterface,False,False,True,17,0.42323569901054725,0.9,False,False,"(4, 68, 19)",,2,False,,"(4, 68, 19)",9e852b45-dc05-4578-9c3f-b6dc5213a153,0,"[('9e852b45-dc05-4578-9c3f-b6dc5213a153', (4, 68, 19))]"
1141,failed,"['01Dec@0', '03Buy@1']","['DecentralizingAgent', 'BuyCheapSellExpensiveAgent']",60,59,AgentMechanismInterface,False,False,True,17,0.4755924649653025,0.9,True,False,,,2,False,,"(3, 70, 18)",f4f5e438-d1fb-4e71-9c29-89cc2c1a573e,0,[]
1142,failed,"['04MyA@2', '02Ind@1']","['MyAgent', 'IndDecentralizingAgent']",61,60,AgentMechanismInterface,False,False,True,2,0.11717837100150064,0.15,False,False,"(52, 71, 18)",,2,False,,"(52, 71, 18)",3bae1a1e-8d44-4b56-8902-252e1693b3b3,0,[]
1143,failed,"['01Dec@0', '03Buy@1']","['DecentralizingAgent', 'BuyCheapSellExpensiveAgent']",61,60,AgentMechanismInterface,False,False,True,2,0.2293980760150589,0.15,False,False,"(20, 61, 13)",,2,False,,"(20, 61, 13)",bef5783d-1a83-4f81-8281-f70b1b0f600a,0,[]
1144,failed,"['00Dec@0', '02Ind@1']","['DecentralizingAgent', 'IndDecentralizingAgent']",61,60,AgentMechanismInterface,False,False,True,17,0.4239211510284804,0.9,False,False,"(15, 66, 19)",,2,False,,"(15, 66, 19)",d40ea763-33ed-491a-92c4-3919e1d73d59,0,[]
1145,failed,"['01Dec@0', '03Buy@1']","['DecentralizingAgent', 'BuyCheapSellExpensiveAgent']",61,60,AgentMechanismInterface,False,False,True,17,0.5044470839784481,0.9,False,False,"(4, 68, 19)",,2,False,,"(4, 68, 19)",219323f2-a077-4c0c-80bf-e598edf886e6,0,"[('219323f2-a077-4c0c-80bf-e598edf886e6', (4, 68, 19))]"
1146,failed,"['05Dec@2', '02Ind@1']","['DecentralizingAgent', 'IndDecentralizingAgent']",61,60,AgentMechanismInterface,False,False,True,17,0.49891452403971925,0.9,False,False,"(5, 61, 10)",,2,False,,"(5, 61, 10)",da5139e9-60f7-4bdc-b93b-f5fd37646977,0,"[('da5139e9-60f7-4bdc-b93b-f5fd37646977', (5, 61, 10))]"
1147,failed,"['01Dec@0', '03Buy@1']","['DecentralizingAgent', 'BuyCheapSellExpensiveAgent']",61,60,AgentMechanismInterface,False,False,True,17,0.20357341499766335,0.9,False,False,"(11, 71, 20)",,2,False,,"(11, 71, 20)",c8d7300c-1791-437d-98c5-d3bbd3d8c965,0,"[('c8d7300c-1791-437d-98c5-d3bbd3d8c965', (11, 71, 20))]"
1148,failed,"['02Ind@1', '01Dec@0']","['IndDecentralizingAgent', 'DecentralizingAgent']",61,60,AgentMechanismInterface,False,False,True,17,0.3889177480014041,0.9,False,False,"(3, 61, 7)",,2,False,,"(3, 61, 7)",2e139cc2-1e06-4692-8aab-8c1984222824,0,"[('2e139cc2-1e06-4692-8aab-8c1984222824', (3, 61, 7))]"
1149,failed,"['02Ind@1', '00Dec@0']","['IndDecentralizingAgent', 'DecentralizingAgent']",61,60,AgentMechanismInterface,False,False,True,17,0.5287235609721392,0.9,False,False,"(3, 61, 7)",,2,False,,"(3, 61, 7)",cd4ca91c-ee27-4ab7-aea4-eef098f4f94f,0,"[('cd4ca91c-ee27-4ab7-aea4-eef098f4f94f', (3, 61, 7))]"
1150,failed,"['00Dec@0', '03Buy@1']","['DecentralizingAgent', 'BuyCheapSellExpensiveAgent']",61,60,AgentMechanismInterface,False,False,True,17,0.4031244539655745,0.9,True,False,,,2,False,,"(15, 66, 19)",88f487ce-1ec0-485d-8423-a98bd7c138f7,0,[]
1151,failed,"['05Dec@2', '02Ind@1']","['DecentralizingAgent', 'IndDecentralizingAgent']",61,60,AgentMechanismInterface,False,False,True,17,0.6022525660227984,0.9,False,False,"(5, 64, 9)",,2,False,,"(5, 64, 9)",6df8937e-f87d-4541-98d2-dd3bbfbaa2f9,0,"[('6df8937e-f87d-4541-98d2-dd3bbfbaa2f9', (5, 64, 9))]"
1152,failed,"['01Dec@0', '02Ind@1']","['DecentralizingAgent', 'IndDecentralizingAgent']",61,60,AgentMechanismInterface,False,False,True,17,0.5149719729670323,0.9,False,False,"(21, 66, 20)",,2,False,,"(21, 66, 20)",e3617eb3-eba2-435b-bec4-e1d61753b7ce,0,[]
1153,failed,"['00Dec@0', '02Ind@1']","['DecentralizingAgent', 'IndDecentralizingAgent']",61,60,AgentMechanismInterface,False,False,True,17,0.35731415799818933,0.9,False,False,"(19, 68, 19)",,2,False,,"(19, 68, 19)",b7fefb78-e999-45e8-8723-69bed72f8269,0,[]
1154,failed,"['05Dec@2', '03Buy@1']","['DecentralizingAgent', 'BuyCheapSellExpensiveAgent']",61,60,AgentMechanismInterface,False,False,True,17,0.413594358949922,0.9,True,False,,,2,False,,"(4, 61, 11)",ce6be75d-affd-46c9-908c-f034b55665e9,0,[]
1155,failed,"['01Dec@0', '03Buy@1']","['DecentralizingAgent', 'BuyCheapSellExpensiveAgent']",61,60,AgentMechanismInterface,False,False,True,17,0.6114617350394838,0.9,True,False,,,2,False,,"(21, 67, 19)",374e9ec3-f88d-4658-8157-7aa56c97a3f9,0,[]
1156,failed,"['01Dec@0', '02Ind@1']","['DecentralizingAgent', 'IndDecentralizingAgent']",61,60,AgentMechanismInterface,False,False,True,17,0.5766176810138859,0.9,True,False,,,2,False,,"(7, 71, 18)",15ca11fc-26cf-4003-a1eb-3a03b4ae9ba3,0,[]
1157,failed,"['05Dec@2', '03Buy@1']","['DecentralizingAgent', 'BuyCheapSellExpensiveAgent']",61,60,AgentMechanismInterface,False,False,True,17,0.48013146000448614,0.9,True,False,,,2,False,,"(5, 64, 9)",ed554672-ef79-4ec2-aceb-11ef1bd51838,0,"[('ed554672-ef79-4ec2-aceb-11ef1bd51838', (5, 64, 9))]"
1158,failed,"['00Dec@0', '03Buy@1']","['DecentralizingAgent', 'BuyCheapSellExpensiveAgent']",61,60,AgentMechanismInterface,False,False,True,17,0.5738790100440383,0.9,True,False,,,2,False,,"(19, 68, 19)",0ed52fd8-9528-4558-9b4b-101d24239212,0,[]
1159,failed,"['01Dec@0', '02Ind@1']","['DecentralizingAgent', 'IndDecentralizingAgent']",61,60,AgentMechanismInterface,False,False,True,17,0.5182095729978755,0.9,True,False,,,2,False,,"(4, 67, 20)",fff5901e-7f04-46c7-ab7d-1596abd91f2e,0,"[('fff5901e-7f04-46c7-ab7d-1596abd91f2e', (4, 67, 20))]"
1160,failed,"['02Ind@1', '04MyA@2']","['IndDecentralizingAgent', 'MyAgent']",61,60,AgentMechanismInterface,False,False,True,17,0.5173422030056827,0.9,False,False,"(16, 70, 28)",,2,False,,"(16, 70, 28)",d5382f71-de49-4793-bb4f-5e0e2fc88af4,0,[]
1161,failed,"['04MyA@2', '03Buy@1']","['MyAgent', 'BuyCheapSellExpensiveAgent']",62,61,AgentMechanismInterface,False,False,True,2,0.19609624898293987,0.15,False,False,"(54, 72, 18)",,2,False,,"(54, 72, 18)",715ada8a-89eb-4ae2-bd72-5a95e0afb742,0,"[('715ada8a-89eb-4ae2-bd72-5a95e0afb742', (54, 72, 18))]"
1162,failed,"['01Dec@0', '02Ind@1']","['DecentralizingAgent', 'IndDecentralizingAgent']",62,61,AgentMechanismInterface,False,False,True,2,0.051619057019706815,0.15,False,False,"(30, 62, 13)",,2,False,,"(30, 62, 13)",cbc7280b-3e6a-4855-b7f4-24731fe61742,0,[]
1163,failed,"['00Dec@0', '02Ind@1']","['DecentralizingAgent', 'IndDecentralizingAgent']",62,61,AgentMechanismInterface,False,False,True,2,0.27713176200632006,0.15,True,False,,,2,False,,"(1, 62, 13)",ad814cc2-de6c-4f7d-b833-688491e98911,0,[]
1164,failed,"['01Dec@0', '02Ind@1']","['DecentralizingAgent', 'IndDecentralizingAgent']",62,61,AgentMechanismInterface,False,False,True,17,0.3954282670165412,0.9,False,False,"(4, 68, 19)",,2,False,,"(4, 68, 19)",a71dff75-3a00-427e-bbd8-27368bb1d95d,0,"[('a71dff75-3a00-427e-bbd8-27368bb1d95d', (4, 68, 19))]"
1165,failed,"['00Dec@0', '02Ind@1']","['DecentralizingAgent', 'IndDecentralizingAgent']",62,61,AgentMechanismInterface,False,False,True,17,0.27261912601534277,0.9,False,False,"(19, 69, 20)",,2,False,,"(19, 69, 20)",293943eb-b1bd-41b0-906f-5de915aea04a,0,[]
1166,failed,"['05Dec@2', '02Ind@1']","['DecentralizingAgent', 'IndDecentralizingAgent']",62,61,AgentMechanismInterface,False,False,True,17,0.286678624979686,0.9,False,False,"(5, 65, 9)",,2,False,,"(5, 65, 9)",e680ce0c-e373-448b-b47a-686ed5372371,0,"[('e680ce0c-e373-448b-b47a-686ed5372371', (5, 65, 9))]"
1167,failed,"['00Dec@0', '02Ind@1']","['DecentralizingAgent', 'IndDecentralizingAgent']",62,61,AgentMechanismInterface,False,False,True,17,0.4301557739963755,0.9,False,False,"(19, 70, 20)",,2,False,,"(19, 70, 20)",6dd8922b-adb3-4696-a1d9-2650282b0648,0,[]
1168,failed,"['01Dec@0', '03Buy@1']","['DecentralizingAgent', 'BuyCheapSellExpensiveAgent']",62,61,AgentMechanismInterface,False,False,True,17,0.29387965297792107,0.9,True,False,,,2,False,,"(3, 70, 18)",c162a02d-4fb3-47b9-ae8e-f8a47b7425e3,0,[]
1169,failed,"['01Dec@0', '03Buy@1']","['DecentralizingAgent', 'BuyCheapSellExpensiveAgent']",62,61,AgentMechanismInterface,False,False,True,17,0.508210921951104,0.9,False,False,"(16, 65, 19)",,2,False,,"(16, 65, 19)",2641a633-38af-4859-82ce-d8bc8f5d8b1b,0,[]
1170,failed,"['01Dec@0', '02Ind@1']","['DecentralizingAgent', 'IndDecentralizingAgent']",62,61,AgentMechanismInterface,False,False,True,17,0.587334334035404,0.9,True,False,,,2,False,,"(16, 65, 19)",f4408dd3-9674-43a9-8bbf-1e931abbf259,0,[]
1171,failed,"['00Dec@0', '02Ind@1']","['DecentralizingAgent', 'IndDecentralizingAgent']",62,61,AgentMechanismInterface,False,False,True,17,0.449931128998287,0.9,False,False,"(15, 66, 19)",,2,False,,"(15, 66, 19)",d10da6ae-a06e-4dd7-b73d-8085d4066bf1,0,[]
1172,failed,"['02Ind@1', '04MyA@2']","['IndDecentralizingAgent', 'MyAgent']",62,61,AgentMechanismInterface,False,False,True,17,0.7342108029988594,0.9,False,False,"(25, 72, 26)",,2,False,,"(25, 72, 26)",eaa1d690-b127-43b1-93ec-a506a96f8518,0,[]
1173,failed,"['00Dec@0', '03Buy@1']","['DecentralizingAgent', 'BuyCheapSellExpensiveAgent']",62,61,AgentMechanismInterface,False,False,True,17,0.6652431859984063,0.9,True,False,,,2,False,,"(15, 66, 19)",dc010720-8784-40ef-9e4a-d758e12126c4,0,[]
1174,failed,"['05Dec@2', '02Ind@1']","['DecentralizingAgent', 'IndDecentralizingAgent']",62,61,AgentMechanismInterface,False,False,True,17,0.5673834580229595,0.9,False,False,"(11, 62, 9)",,2,False,,"(11, 62, 9)",379d3e55-d2da-40cd-b098-50f858337b58,0,"[('379d3e55-d2da-40cd-b098-50f858337b58', (11, 62, 9))]"
1175,failed,"['00Dec@0', '03Buy@1']","['DecentralizingAgent', 'BuyCheapSellExpensiveAgent']",62,61,AgentMechanismInterface,False,False,True,17,0.3263596809701994,0.9,True,False,,,2,False,,"(19, 68, 19)",98c07a5d-e64d-47ff-9c5e-474653c88451,0,[]
1176,failed,"['05Dec@2', '03Buy@1']","['DecentralizingAgent', 'BuyCheapSellExpensiveAgent']",62,61,AgentMechanismInterface,False,False,True,17,0.5679095720406622,0.9,True,False,,,2,False,,"(5, 65, 9)",3e0888dc-75f3-4421-ba7f-4ab938a2b919,0,"[('3e0888dc-75f3-4421-ba7f-4ab938a2b919', (5, 65, 9))]"
1177,failed,"['01Dec@0', '02Ind@1']","['DecentralizingAgent', 'IndDecentralizingAgent']",62,61,AgentMechanismInterface,False,False,True,17,0.35116949502844363,0.9,False,False,"(11, 66, 19)",,2,False,,"(11, 66, 19)",3606dbb3-3479-41fd-bc5b-d9bdf10ea796,0,"[('3606dbb3-3479-41fd-bc5b-d9bdf10ea796', (11, 66, 19))]"
1178,failed,"['01Dec@0', '03Buy@1']","['DecentralizingAgent', 'BuyCheapSellExpensiveAgent']",62,61,AgentMechanismInterface,False,False,True,17,0.5908779550227337,0.9,True,False,,,2,False,,"(11, 71, 20)",780c8eaf-5f9e-4359-8b2b-b418cd5492b8,0,"[('780c8eaf-5f9e-4359-8b2b-b418cd5492b8', (11, 71, 20))]"
1179,failed,"['00Dec@0', '03Buy@1']","['DecentralizingAgent', 'BuyCheapSellExpensiveAgent']",62,61,AgentMechanismInterface,False,False,True,17,0.6732403049827553,0.9,True,False,,,2,False,,"(19, 69, 19)",4b26c561-a701-4c3d-9994-d693441fd4a1,0,[]
1180,failed,"['05Dec@2', '03Buy@1']","['DecentralizingAgent', 'BuyCheapSellExpensiveAgent']",62,61,AgentMechanismInterface,False,False,True,17,0.7562435069703497,0.9,False,False,"(11, 62, 9)",,2,False,,"(11, 62, 9)",258fb899-4eb0-4c99-af77-d9919a35fce0,0,"[('258fb899-4eb0-4c99-af77-d9919a35fce0', (11, 62, 9))]"
1181,failed,"['04MyA@2', '03Buy@1']","['MyAgent', 'BuyCheapSellExpensiveAgent']",63,62,AgentMechanismInterface,False,False,True,2,0.36050867795711383,0.15,False,False,"(45, 73, 18)",,2,False,,"(45, 73, 18)",8b1b5382-0e81-45dc-8a37-920f4bfe3c3c,0,[]
1182,failed,"['00Dec@0', '03Buy@1']","['DecentralizingAgent', 'BuyCheapSellExpensiveAgent']",63,62,AgentMechanismInterface,False,False,True,2,0.2091451759915799,0.15,True,False,,,2,False,,,2dd18aa7-c193-42f2-bd7c-bd981fa7e424,0,[]
1183,failed,"['02Ind@1', '00Dec@0']","['IndDecentralizingAgent', 'DecentralizingAgent']",63,62,AgentMechanismInterface,False,False,True,17,0.45466349401976913,0.9,False,False,"(25, 67, 7)",,2,False,,"(25, 67, 7)",05cd11cf-07cf-48e3-aaef-9ec2b5651c74,0,[]
1184,failed,"['00Dec@0', '02Ind@1']","['DecentralizingAgent', 'IndDecentralizingAgent']",63,62,AgentMechanismInterface,False,False,True,17,0.21910393598955125,0.9,False,False,"(19, 69, 20)",,2,False,,"(19, 69, 20)",6911f274-3e31-4ad8-8a5e-bd05a3e0dd13,0,[]
1185,failed,"['00Dec@0', '02Ind@1']","['DecentralizingAgent', 'IndDecentralizingAgent']",63,62,AgentMechanismInterface,False,False,True,17,0.3826308560092002,0.9,False,False,"(19, 69, 19)",,2,False,,"(19, 69, 19)",14eac6cf-f06c-414f-9565-6a9a772e3978,0,[]
1186,failed,"['00Dec@0', '02Ind@1']","['DecentralizingAgent', 'IndDecentralizingAgent']",63,62,AgentMechanismInterface,False,False,True,17,0.3994145520264283,0.9,False,False,"(15, 69, 20)",,2,False,,"(15, 69, 20)",3a2fcf90-61e7-4ca2-a960-e2b9fc24fdd3,0,[]
1187,failed,"['01Dec@0', '03Buy@1']","['DecentralizingAgent', 'BuyCheapSellExpensiveAgent']",63,62,AgentMechanismInterface,False,False,True,17,0.20655400498071685,0.9,False,False,"(4, 67, 20)",,2,False,,"(4, 67, 20)",b1271ae6-e3c5-4b87-965a-e2c1ec7e3822,0,"[('b1271ae6-e3c5-4b87-965a-e2c1ec7e3822', (4, 67, 20))]"
1188,failed,"['00Dec@0', '03Buy@1']","['DecentralizingAgent', 'BuyCheapSellExpensiveAgent']",63,62,AgentMechanismInterface,False,False,True,17,0.37444004003191367,0.9,True,False,,,2,False,,"(19, 69, 19)",8eb5c376-4a84-43a4-8118-c2dd26f9dc4a,0,[]
1189,failed,"['01Dec@0', '03Buy@1']","['DecentralizingAgent', 'BuyCheapSellExpensiveAgent']",63,62,AgentMechanismInterface,False,False,True,17,0.22435862699057907,0.9,False,False,"(16, 68, 20)",,2,False,,"(16, 68, 20)",855f7423-e871-449b-b74e-d39971c19cfd,0,[]
1190,failed,"['00Dec@0', '03Buy@1']","['DecentralizingAgent', 'BuyCheapSellExpensiveAgent']",63,62,AgentMechanismInterface,False,False,True,17,0.624169192975387,0.9,True,False,,,2,False,,"(19, 68, 19)",df2afdf5-cc3a-42f1-ad4a-321e5d53ece3,0,[]
1191,failed,"['02Ind@1', '04MyA@2']","['IndDecentralizingAgent', 'MyAgent']",63,62,AgentMechanismInterface,False,False,True,17,0.38280760700581595,0.9,False,False,"(41, 70, 27)",,2,False,,"(41, 70, 27)",8b0214d2-3120-4146-bf72-31ab4f62290f,0,[]
1192,failed,"['01Dec@0', '02Ind@1']","['DecentralizingAgent', 'IndDecentralizingAgent']",63,62,AgentMechanismInterface,False,False,True,17,0.4035815219976939,0.9,False,False,"(14, 73, 20)",,2,False,,"(14, 73, 20)",f7630799-f715-42ff-a03f-a0a8c9f08634,0,[]
1193,failed,"['01Dec@0', '02Ind@1']","['DecentralizingAgent', 'IndDecentralizingAgent']",63,62,AgentMechanismInterface,False,False,True,17,0.7204340549651533,0.9,True,False,,,2,False,,"(4, 67, 20)",45d9cda9-6a41-4978-9f75-e587d9fa6945,0,"[('45d9cda9-6a41-4978-9f75-e587d9fa6945', (4, 67, 20))]"
1194,failed,"['05Dec@2', '02Ind@1']","['DecentralizingAgent', 'IndDecentralizingAgent']",63,62,AgentMechanismInterface,False,False,True,17,0.6889935130020604,0.9,False,False,"(5, 66, 10)",,2,False,,"(5, 66, 10)",64f594f3-da5d-4c3b-a5cb-c8767fbc05e8,0,"[('64f594f3-da5d-4c3b-a5cb-c8767fbc05e8', (5, 66, 10))]"
1195,failed,"['01Dec@0', '02Ind@1']","['DecentralizingAgent', 'IndDecentralizingAgent']",63,62,AgentMechanismInterface,False,False,True,17,0.49979551299475133,0.9,False,False,"(16, 68, 20)",,2,False,,"(16, 68, 20)",42c17f35-80c7-423b-badc-becb1d44a442,0,[]
1196,failed,"['05Dec@2', '03Buy@1']","['DecentralizingAgent', 'BuyCheapSellExpensiveAgent']",63,62,AgentMechanismInterface,False,False,True,17,0.409123030025512,0.9,True,False,,,2,False,,"(5, 66, 9)",7da9ad9f-28eb-445b-9de3-579a99ac3f4e,0,"[('7da9ad9f-28eb-445b-9de3-579a99ac3f4e', (5, 66, 9))]"
1197,failed,"['00Dec@0', '03Buy@1']","['DecentralizingAgent', 'BuyCheapSellExpensiveAgent']",63,62,AgentMechanismInterface,False,False,True,17,0.7086292959866114,0.9,True,False,,,2,False,,"(15, 66, 19)",35cadd2f-9c44-4d52-aac1-4edc4c24e242,0,[]
1198,failed,"['01Dec@0', '03Buy@1']","['DecentralizingAgent', 'BuyCheapSellExpensiveAgent']",63,62,AgentMechanismInterface,False,False,True,17,0.7652383859967813,0.9,True,False,,,2,False,,"(14, 68, 19)",c12c30f5-0945-4b06-b59d-d20b1889eb53,0,[]
1199,failed,"['00Dec@0', '02Ind@1']","['DecentralizingAgent', 'IndDecentralizingAgent']",64,63,AgentMechanismInterface,False,False,True,2,0.2619447170291096,0.15,True,False,,,2,False,,,14e504d9-df9f-4e3c-9951-00dc21074000,0,[]
1200,failed,"['04MyA@2', '03Buy@1']","['MyAgent', 'BuyCheapSellExpensiveAgent']",64,63,AgentMechanismInterface,False,False,True,2,0.24684063898166642,0.15,True,False,,,2,False,,,2d8a770f-fc90-4cd1-b9ea-9fc91a30e9bd,0,[]
1201,failed,"['01Dec@0', '02Ind@1']","['DecentralizingAgent', 'IndDecentralizingAgent']",64,63,AgentMechanismInterface,False,False,True,17,0.21098148101009429,0.9,False,False,"(14, 73, 20)",,2,False,,"(14, 73, 20)",05565837-3417-4f1c-9c8f-97ab1c436892,0,[]
1202,failed,"['00Dec@0', '02Ind@1']","['DecentralizingAgent', 'IndDecentralizingAgent']",64,63,AgentMechanismInterface,False,False,True,17,0.5028663970297202,0.9,False,False,"(19, 69, 20)",,2,False,,"(19, 69, 20)",d20d35a4-1254-46c7-a617-4a97ff187c44,0,[]
1203,failed,"['02Ind@1', '00Dec@0']","['IndDecentralizingAgent', 'DecentralizingAgent']",64,63,AgentMechanismInterface,False,False,True,17,0.42529834498418495,0.9,False,False,"(3, 68, 7)",,2,False,,"(3, 68, 7)",899f0e22-fade-4253-9335-69a6a9aadc69,0,"[('899f0e22-fade-4253-9335-69a6a9aadc69', (3, 68, 7))]"
1204,failed,"['01Dec@0', '03Buy@1']","['DecentralizingAgent', 'BuyCheapSellExpensiveAgent']",64,63,AgentMechanismInterface,False,False,True,17,0.34069601300871,0.9,False,False,"(14, 74, 20)",,2,False,,"(14, 74, 20)",e53b6fd0-eb09-4f6b-b2ac-28ee3f76bc45,0,[]
1205,failed,"['00Dec@0', '03Buy@1']","['DecentralizingAgent', 'BuyCheapSellExpensiveAgent']",64,63,AgentMechanismInterface,False,False,True,17,0.32994452299317345,0.9,False,False,"(16, 73, 20)",,2,False,,"(16, 73, 20)",c144f928-6f7a-4856-a989-8d94fec5d87f,0,[]
1206,failed,"['00Dec@0', '03Buy@1']","['DecentralizingAgent', 'BuyCheapSellExpensiveAgent']",64,63,AgentMechanismInterface,False,False,True,17,0.2804439780302346,0.9,False,False,"(15, 69, 20)",,2,False,,"(15, 69, 20)",bc40db2c-9763-4494-b705-c7ac102e27c4,0,[]
1207,failed,"['01Dec@0', '02Ind@1']","['DecentralizingAgent', 'IndDecentralizingAgent']",64,63,AgentMechanismInterface,False,False,True,17,0.36992647900478914,0.9,False,False,"(14, 74, 20)",,2,False,,"(14, 74, 20)",76ba6bf2-1771-4dcd-a30f-3a1b15760b44,0,[]
1208,failed,"['01Dec@0', '03Buy@1']","['DecentralizingAgent', 'BuyCheapSellExpensiveAgent']",64,63,AgentMechanismInterface,False,False,True,17,0.3245863600168377,0.9,True,False,,,2,False,,"(14, 68, 19)",d94efe21-7029-4a79-8aaf-0a3d1b77fbef,0,[]
1209,failed,"['00Dec@0', '02Ind@1']","['DecentralizingAgent', 'IndDecentralizingAgent']",64,63,AgentMechanismInterface,False,False,True,17,0.5096696519758552,0.9,False,False,"(19, 70, 20)",,2,False,,"(19, 70, 20)",959c2415-1588-4830-b1a4-728e979c66d7,0,[]
1210,failed,"['00Dec@0', '03Buy@1']","['DecentralizingAgent', 'BuyCheapSellExpensiveAgent']",64,63,AgentMechanismInterface,False,False,True,17,0.27019566600210965,0.9,False,False,"(19, 70, 20)",,2,False,,"(19, 70, 20)",2d1649bd-922d-4cf6-b3f6-892fb57a2f9b,0,[]
1211,failed,"['05Dec@2', '02Ind@1']","['DecentralizingAgent', 'IndDecentralizingAgent']",64,63,AgentMechanismInterface,False,False,True,17,0.5575498480466194,0.9,False,False,"(5, 67, 10)",,2,False,,"(5, 67, 10)",17f074ec-2778-404f-831a-925cda9cac00,0,"[('17f074ec-2778-404f-831a-925cda9cac00', (5, 67, 10))]"
1212,failed,"['00Dec@0', '03Buy@1']","['DecentralizingAgent', 'BuyCheapSellExpensiveAgent']",64,63,AgentMechanismInterface,False,False,True,17,0.2658089979668148,0.9,True,False,,,2,False,,"(19, 68, 19)",68248e97-9e8f-49ff-83e3-c660bb4eb817,0,[]
1213,failed,"['05Dec@2', '03Buy@1']","['DecentralizingAgent', 'BuyCheapSellExpensiveAgent']",64,63,AgentMechanismInterface,False,False,True,17,0.3120201189885847,0.9,True,False,,,2,False,,"(5, 66, 11)",268d045f-ca18-4603-a1b6-8af72357ff52,0,[]
1214,failed,"['00Dec@0', '02Ind@1']","['DecentralizingAgent', 'IndDecentralizingAgent']",64,63,AgentMechanismInterface,False,False,True,17,0.34586608601966873,0.9,True,False,,,2,False,,"(16, 70, 19)",eee8c0bf-66cd-46b8-b260-450c2beefac3,0,[]
1215,failed,"['00Dec@0', '02Ind@1']","['DecentralizingAgent', 'IndDecentralizingAgent']",64,63,AgentMechanismInterface,False,False,True,17,0.5355191070120782,0.9,False,False,"(15, 69, 20)",,2,False,,"(15, 69, 20)",9d93d96a-980e-48b4-a045-8aea94727427,0,[]
1216,failed,"['04MyA@2', '02Ind@1']","['MyAgent', 'IndDecentralizingAgent']",65,64,AgentMechanismInterface,False,False,True,2,0.33035104401642457,0.15,True,False,,,2,False,,"(29, 74, 18)",e3644284-b8e1-49ca-a703-a99f298b0724,0,[]
1217,failed,"['00Dec@0', '02Ind@1']","['DecentralizingAgent', 'IndDecentralizingAgent']",65,64,AgentMechanismInterface,False,False,True,2,0.3610417660092935,0.15,True,False,,,2,False,,"(1, 65, 13)",c9e52d97-51d5-4087-8ab2-0d460cfcce2b,0,[]
1218,failed,"['00Dec@0', '02Ind@1']","['DecentralizingAgent', 'IndDecentralizingAgent']",65,64,AgentMechanismInterface,False,False,True,2,0.2844712609658018,0.15,False,False,"(55, 65, 13)",,2,False,,"(55, 65, 13)",1942b6b6-6b59-488e-ac08-be14b1840499,0,[]
1219,failed,"['02Ind@1', '04MyA@2']","['IndDecentralizingAgent', 'MyAgent']",65,64,AgentMechanismInterface,False,False,True,17,0.30823033198248595,0.9,False,False,"(20, 73, 26)",,2,False,,"(20, 73, 26)",a2dd7c8b-9759-4612-996d-b42d39e6e71f,0,[]
1220,failed,"['02Ind@1', '05Dec@2']","['IndDecentralizingAgent', 'DecentralizingAgent']",65,64,AgentMechanismInterface,False,False,True,17,0.46467438200488687,0.9,False,False,"(20, 72, 28)",,2,False,,"(20, 72, 28)",8e80a6ea-c012-41ee-89a9-60143891bcaf,0,[]
1221,failed,"['05Dec@2', '03Buy@1']","['DecentralizingAgent', 'BuyCheapSellExpensiveAgent']",65,64,AgentMechanismInterface,False,False,True,17,0.25728740100748837,0.9,False,False,"(5, 67, 10)",,2,False,,"(5, 67, 10)",5b6b86be-53ad-4bef-8be5-c2dbc3ee6971,0,"[('5b6b86be-53ad-4bef-8be5-c2dbc3ee6971', (5, 67, 10))]"
1222,failed,"['00Dec@0', '03Buy@1']","['DecentralizingAgent', 'BuyCheapSellExpensiveAgent']",65,64,AgentMechanismInterface,False,False,True,17,0.35730586701538414,0.9,False,False,"(16, 70, 19)",,2,False,,"(16, 70, 19)",c0ff6d3d-5c1c-4513-800f-950d2ea733e1,0,[]
1223,failed,"['01Dec@0', '03Buy@1']","['DecentralizingAgent', 'BuyCheapSellExpensiveAgent']",65,64,AgentMechanismInterface,False,False,True,17,0.5783467959845439,0.9,False,False,"(16, 71, 19)",,2,False,,"(16, 71, 19)",b5fed228-b118-4540-ab91-612927a049ad,0,[]
1224,failed,"['01Dec@0', '02Ind@1']","['DecentralizingAgent', 'IndDecentralizingAgent']",65,64,AgentMechanismInterface,False,False,True,17,0.4047882730374113,0.9,True,False,,,2,False,,"(16, 71, 19)",0059f1f5-c948-41b1-8b0e-aff684031b4b,0,[]
1225,failed,"['05Dec@2', '02Ind@1']","['DecentralizingAgent', 'IndDecentralizingAgent']",65,64,AgentMechanismInterface,False,False,True,17,0.31890684796962887,0.9,True,False,,,2,False,,"(5, 67, 9)",e4f50e0c-43ee-43d9-bc81-66fd2bd12461,0,"[('e4f50e0c-43ee-43d9-bc81-66fd2bd12461', (5, 67, 9))]"
1226,failed,"['00Dec@0', '02Ind@1']","['DecentralizingAgent', 'IndDecentralizingAgent']",65,64,AgentMechanismInterface,False,False,True,17,0.27751202997751534,0.9,False,False,"(19, 68, 19)",,2,False,,"(19, 68, 19)",9b691965-fac0-4b31-9f10-6659e91e38e1,0,[]
1227,failed,"['00Dec@0', '02Ind@1']","['DecentralizingAgent', 'IndDecentralizingAgent']",65,64,AgentMechanismInterface,False,False,True,17,0.6303635520162061,0.9,False,False,"(16, 73, 20)",,2,False,,"(16, 73, 20)",4bbc50d0-4ee7-463d-9741-83c41812422e,0,[]
1228,failed,"['01Dec@0', '03Buy@1']","['DecentralizingAgent', 'BuyCheapSellExpensiveAgent']",65,64,AgentMechanismInterface,False,False,True,17,0.3966579540283419,0.9,False,False,"(14, 73, 20)",,2,False,,"(14, 73, 20)",5fcc6a7d-24eb-4890-9c1c-d74facf5b5ef,0,[]
1229,failed,"['05Dec@2', '02Ind@1']","['DecentralizingAgent', 'IndDecentralizingAgent']",65,64,AgentMechanismInterface,False,False,True,17,0.4168037539930083,0.9,True,False,,,2,False,,"(5, 67, 11)",921fb6ec-f333-4623-8bbb-aea4e645ed1a,0,[]
1230,failed,"['01Dec@0', '02Ind@1']","['DecentralizingAgent', 'IndDecentralizingAgent']",65,64,AgentMechanismInterface,False,False,True,17,0.45225576497614384,0.9,False,False,"(14, 73, 20)",,2,False,,"(14, 73, 20)",5108aa92-3362-4410-99d4-6b8a7fd4d231,0,[]
1231,failed,"['05Dec@2', '03Buy@1']","['DecentralizingAgent', 'BuyCheapSellExpensiveAgent']",65,64,AgentMechanismInterface,False,False,True,17,0.4398928240407258,0.9,True,False,,,2,False,,"(5, 67, 9)",5602b64b-a19e-4a84-a0a4-c58ec2326b60,0,"[('5602b64b-a19e-4a84-a0a4-c58ec2326b60', (5, 67, 9))]"
1232,failed,"['00Dec@0', '03Buy@1']","['DecentralizingAgent', 'BuyCheapSellExpensiveAgent']",65,64,AgentMechanismInterface,False,False,True,17,0.3340729509945959,0.9,False,False,"(19, 69, 20)",,2,False,,"(19, 69, 20)",cbd02234-37bd-4cac-978d-25ba523d8e31,0,[]
1233,failed,"['04MyA@2', '02Ind@1']","['MyAgent', 'IndDecentralizingAgent']",66,65,AgentMechanismInterface,False,False,True,2,0.4690917070256546,0.15,False,False,"(50, 76, 18)",,2,False,,"(50, 76, 18)",fb0bb315-4484-4131-8223-f239640d06dd,0,"[('fb0bb315-4484-4131-8223-f239640d06dd', (50, 76, 18))]"
1234,failed,"['05Dec@2', '02Ind@1']","['DecentralizingAgent', 'IndDecentralizingAgent']",66,65,AgentMechanismInterface,False,False,True,2,0.34292663005180657,0.15,False,False,"(51, 76, 18)",,2,False,,"(51, 76, 18)",84d3262c-79be-46a7-93cf-57ab44d89281,0,"[('84d3262c-79be-46a7-93cf-57ab44d89281', (51, 76, 18))]"
1235,failed,"['04MyA@2', '02Ind@1']","['MyAgent', 'IndDecentralizingAgent']",66,65,AgentMechanismInterface,False,False,True,2,0.4028116299887188,0.15,True,False,,,2,False,,"(29, 74, 18)",567b89a8-85ca-4e99-b2c2-b626ed49c50b,0,[]
1236,failed,"['01Dec@0', '02Ind@1']","['DecentralizingAgent', 'IndDecentralizingAgent']",66,65,AgentMechanismInterface,False,False,True,17,0.36830542201641947,0.9,False,False,"(16, 74, 20)",,2,False,,"(16, 74, 20)",bca36594-6fee-4c48-99d9-35d3da73e87e,0,[]
1237,failed,"['01Dec@0', '03Buy@1']","['DecentralizingAgent', 'BuyCheapSellExpensiveAgent']",66,65,AgentMechanismInterface,False,False,True,17,0.3288242580019869,0.9,False,False,"(16, 74, 20)",,2,False,,"(16, 74, 20)",ec0a612c-5c1a-45ef-b0cd-570b3780b66a,0,[]
1238,failed,"['05Dec@2', '03Buy@1']","['DecentralizingAgent', 'BuyCheapSellExpensiveAgent']",66,65,AgentMechanismInterface,False,False,True,17,0.3356719759758562,0.9,False,False,"(5, 68, 9)",,2,False,,"(5, 68, 9)",63ca5a36-2294-4a0a-9d03-a2c801defdaa,0,"[('63ca5a36-2294-4a0a-9d03-a2c801defdaa', (5, 68, 9))]"
1239,failed,"['01Dec@0', '03Buy@1']","['DecentralizingAgent', 'BuyCheapSellExpensiveAgent']",66,65,AgentMechanismInterface,False,False,True,17,0.549428533995524,0.9,False,False,"(4, 73, 20)",,2,False,,"(4, 73, 20)",2c130f37-1c98-474b-99c7-f4e784b4a211,0,"[('2c130f37-1c98-474b-99c7-f4e784b4a211', (4, 73, 20))]"
1240,failed,"['05Dec@2', '03Buy@1']","['DecentralizingAgent', 'BuyCheapSellExpensiveAgent']",66,65,AgentMechanismInterface,False,False,True,17,0.3206127089797519,0.9,False,False,"(5, 67, 9)",,2,False,,"(5, 67, 9)",5713131c-cbca-44e8-9bcb-24968f9b1178,0,"[('5713131c-cbca-44e8-9bcb-24968f9b1178', (5, 67, 9))]"
1241,failed,"['00Dec@0', '03Buy@1']","['DecentralizingAgent', 'BuyCheapSellExpensiveAgent']",66,65,AgentMechanismInterface,False,False,True,17,0.4035442880121991,0.9,False,False,"(15, 75, 20)",,2,False,,"(15, 75, 20)",593da895-3d6c-49df-b2b3-ce567e9a7835,0,[]
1242,failed,"['00Dec@0', '02Ind@1']","['DecentralizingAgent', 'IndDecentralizingAgent']",66,65,AgentMechanismInterface,False,False,True,17,0.3160068750148639,0.9,False,False,"(15, 75, 20)",,2,False,,"(15, 75, 20)",41da6c22-098d-4043-83f5-9528869496a9,0,[]
1243,failed,"['05Dec@2', '02Ind@1']","['DecentralizingAgent', 'IndDecentralizingAgent']",66,65,AgentMechanismInterface,False,False,True,17,0.2040169379906729,0.9,True,False,,,2,False,,"(5, 67, 9)",d2190574-fb5c-4c41-85c7-8af581db6fbd,0,"[('d2190574-fb5c-4c41-85c7-8af581db6fbd', (5, 67, 9))]"
1244,failed,"['05Dec@2', '02Ind@1']","['DecentralizingAgent', 'IndDecentralizingAgent']",66,65,AgentMechanismInterface,False,False,True,17,0.373817027953919,0.9,True,False,,,2,False,,"(5, 68, 11)",6d321a4d-c41f-4b96-9339-c1b2f76127ca,0,[]
1245,failed,"['01Dec@0', '02Ind@1']","['DecentralizingAgent', 'IndDecentralizingAgent']",66,65,AgentMechanismInterface,False,False,True,17,0.22456850699381903,0.9,True,False,,,2,False,,"(4, 73, 20)",061cf1ad-5dd3-4ef8-8fac-86f12da10491,0,"[('061cf1ad-5dd3-4ef8-8fac-86f12da10491', (4, 73, 20))]"
1246,failed,"['02Ind@1', '05Dec@2']","['IndDecentralizingAgent', 'DecentralizingAgent']",66,65,AgentMechanismInterface,False,False,True,17,0.31665260094450787,0.9,False,False,"(24, 76, 26)",,2,False,,"(24, 76, 26)",f1b01885-ba3c-45f0-a957-b0ce9c7951ba,0,[]
1247,failed,"['02Ind@1', '00Dec@0']","['IndDecentralizingAgent', 'DecentralizingAgent']",66,65,AgentMechanismInterface,False,False,True,17,0.7310755350044928,0.9,False,False,"(3, 70, 7)",,2,False,,"(3, 70, 7)",37f34a3e-a38f-4295-a749-b4d86a9166ce,0,"[('37f34a3e-a38f-4295-a749-b4d86a9166ce', (3, 70, 7))]"
1248,failed,"['02Ind@1', '04MyA@2']","['IndDecentralizingAgent', 'MyAgent']",66,65,AgentMechanismInterface,False,False,True,17,0.4058372159488499,0.9,False,False,"(24, 76, 26)",,2,False,,"(24, 76, 26)",51cdbd46-810f-407a-a934-e7e0b5fe4ea1,0,[]
1249,failed,"['00Dec@0', '02Ind@1']","['DecentralizingAgent', 'IndDecentralizingAgent']",67,66,AgentMechanismInterface,False,False,True,2,0.14979582000523806,0.15,True,False,,,2,False,,"(2, 67, 13)",e94db615-f987-4cb8-b88a-887f9060f629,0,[]
1250,failed,"['04MyA@2', '02Ind@1']","['MyAgent', 'IndDecentralizingAgent']",67,66,AgentMechanismInterface,False,False,True,2,0.14137483201920986,0.15,False,False,"(46, 77, 18)",,2,False,,"(46, 77, 18)",8de5c628-a0d1-479d-a27e-cf59fd98a0ad,0,[]
1251,failed,"['04MyA@2', '03Buy@1']","['MyAgent', 'BuyCheapSellExpensiveAgent']",67,66,AgentMechanismInterface,False,False,True,2,0.43069460697006434,0.15,True,False,,,2,False,,,3127ec64-22b3-4d94-92ca-5fe812a4f83e,0,[]
1252,failed,"['05Dec@2', '03Buy@1']","['DecentralizingAgent', 'BuyCheapSellExpensiveAgent']",67,66,AgentMechanismInterface,False,False,True,2,0.3832660050247796,0.15,False,False,"(52, 77, 18)",,2,False,,"(52, 77, 18)",dde0adea-38e4-46ce-8a80-a31af512392f,0,[]
1253,failed,"['02Ind@1', '05Dec@2']","['IndDecentralizingAgent', 'DecentralizingAgent']",67,66,AgentMechanismInterface,False,False,True,17,0.26235314802033827,0.9,False,False,"(2, 72, 27)",,2,False,,"(2, 72, 27)",4f766c26-3ef1-49a1-ba6e-235068556db4,0,"[('4f766c26-3ef1-49a1-ba6e-235068556db4', (2, 72, 27))]"
1254,failed,"['05Dec@2', '03Buy@1']","['DecentralizingAgent', 'BuyCheapSellExpensiveAgent']",67,66,AgentMechanismInterface,False,False,True,17,0.3952700680238195,0.9,False,False,"(5, 69, 10)",,2,False,,"(5, 69, 10)",5d5a0ee2-9a08-4a1b-af36-ba9779e30a4d,0,"[('5d5a0ee2-9a08-4a1b-af36-ba9779e30a4d', (5, 69, 10))]"
1255,failed,"['02Ind@1', '04MyA@2']","['IndDecentralizingAgent', 'MyAgent']",67,66,AgentMechanismInterface,False,False,True,17,0.5083967289538123,0.9,False,False,"(2, 72, 27)",,2,False,,"(2, 72, 27)",1543382b-2645-4fcd-9c31-da35f8dbcdfc,0,"[('1543382b-2645-4fcd-9c31-da35f8dbcdfc', (2, 72, 27))]"
1256,failed,"['05Dec@2', '03Buy@1']","['DecentralizingAgent', 'BuyCheapSellExpensiveAgent']",67,66,AgentMechanismInterface,False,False,True,17,0.5167996240197681,0.9,False,False,"(5, 68, 9)",,2,False,,"(5, 68, 9)",e7944c70-3ac3-4967-9f42-9746b490ab52,0,"[('e7944c70-3ac3-4967-9f42-9746b490ab52', (5, 68, 9))]"
1257,failed,"['05Dec@2', '02Ind@1']","['DecentralizingAgent', 'IndDecentralizingAgent']",67,66,AgentMechanismInterface,False,False,True,17,0.4329039810108952,0.9,True,False,,,2,False,,"(5, 68, 9)",4ce852c1-8b1c-4186-8b1f-c998c4737980,0,"[('4ce852c1-8b1c-4186-8b1f-c998c4737980', (5, 68, 9))]"
1258,failed,"['02Ind@1', '01Dec@0']","['IndDecentralizingAgent', 'DecentralizingAgent']",67,66,AgentMechanismInterface,False,False,True,17,0.7103226030012593,0.9,False,False,"(3, 67, 7)",,2,False,,"(3, 67, 7)",f60726c8-68ee-461e-9b59-bd41abda6b54,0,"[('f60726c8-68ee-461e-9b59-bd41abda6b54', (3, 67, 7))]"
1259,failed,"['05Dec@2', '03Buy@1']","['DecentralizingAgent', 'BuyCheapSellExpensiveAgent']",67,66,AgentMechanismInterface,False,False,True,17,0.757149028009735,0.9,False,False,"(9, 67, 9)",,2,False,,"(9, 67, 9)",704243e1-aa43-4b93-a243-d1fd9985f97f,0,"[('704243e1-aa43-4b93-a243-d1fd9985f97f', (9, 67, 9))]"
1260,failed,"['05Dec@2', '03Buy@1']","['DecentralizingAgent', 'BuyCheapSellExpensiveAgent']",67,66,AgentMechanismInterface,False,False,True,17,0.49659796501509845,0.9,False,False,"(10, 75, 10)",,2,False,,"(10, 75, 10)",9f52f214-475e-4dca-ae12-48600a858991,0,"[('9f52f214-475e-4dca-ae12-48600a858991', (10, 75, 10))]"
1261,failed,"['05Dec@2', '02Ind@1']","['DecentralizingAgent', 'IndDecentralizingAgent']",67,66,AgentMechanismInterface,False,False,True,17,0.3165076310397126,0.9,True,False,,,2,False,,"(5, 68, 9)",a7bef340-0557-4a81-b205-59eb45a4aa24,0,"[('a7bef340-0557-4a81-b205-59eb45a4aa24', (5, 68, 9))]"
1262,failed,"['01Dec@0', '02Ind@1']","['DecentralizingAgent', 'IndDecentralizingAgent']",67,66,AgentMechanismInterface,False,False,True,17,0.45173609000630677,0.9,False,False,"(4, 73, 20)",,2,False,,"(4, 73, 20)",1515ef56-b081-49b0-b8f3-9136c3f08db7,0,"[('1515ef56-b081-49b0-b8f3-9136c3f08db7', (4, 73, 20))]"
1263,failed,"['00Dec@0', '02Ind@1']","['DecentralizingAgent', 'IndDecentralizingAgent']",67,66,AgentMechanismInterface,False,False,True,17,0.6806380390189588,0.9,False,False,"(16, 73, 19)",,2,False,,"(16, 73, 19)",0e8b581e-8d52-4e07-9ba1-449ac2d863bb,0,[]
1264,failed,"['01Dec@0', '02Ind@1']","['DecentralizingAgent', 'IndDecentralizingAgent']",67,66,AgentMechanismInterface,False,False,True,17,0.3332117270329036,0.9,False,False,"(14, 77, 20)",,2,False,,"(14, 77, 20)",6fac4236-8936-4b45-8ab7-1e6060c57678,0,[]
1265,failed,"['02Ind@1', '00Dec@0']","['IndDecentralizingAgent', 'DecentralizingAgent']",67,66,AgentMechanismInterface,False,False,True,17,0.5632085730321705,0.9,False,False,"(3, 67, 7)",,2,False,,"(3, 67, 7)",9f7f1e75-60b0-4f12-bd84-60468bffcc74,0,"[('9f7f1e75-60b0-4f12-bd84-60468bffcc74', (3, 67, 7))]"
1266,failed,"['01Dec@0', '03Buy@1']","['DecentralizingAgent', 'BuyCheapSellExpensiveAgent']",67,66,AgentMechanismInterface,False,False,True,17,0.48446367599535733,0.9,True,False,,,2,False,,"(4, 73, 20)",65f1aa81-bb3d-4f5d-8cce-415c9aa9e9a2,0,"[('65f1aa81-bb3d-4f5d-8cce-415c9aa9e9a2', (4, 73, 20))]"
1267,failed,"['05Dec@2', '02Ind@1']","['DecentralizingAgent', 'IndDecentralizingAgent']",67,66,AgentMechanismInterface,False,False,True,17,0.3989514440181665,0.9,True,False,,,2,False,,"(10, 68, 9)",20577d6d-a74f-464a-88d9-72b73ae2f3c7,0,"[('20577d6d-a74f-464a-88d9-72b73ae2f3c7', (10, 68, 9))]"
1268,failed,"['00Dec@0', '03Buy@1']","['DecentralizingAgent', 'BuyCheapSellExpensiveAgent']",67,66,AgentMechanismInterface,False,False,True,17,0.8104376900009811,0.9,True,False,,,2,False,,"(16, 73, 19)",8254dd24-d023-4d94-bc78-b1eb9ce7e880,0,[]
1269,failed,"['01Dec@0', '03Buy@1']","['DecentralizingAgent', 'BuyCheapSellExpensiveAgent']",67,66,AgentMechanismInterface,False,False,True,17,0.6079940350027755,0.9,True,False,,,2,False,,"(14, 72, 19)",703cb311-65ab-4ba4-b4f0-87d6c8548e28,0,[]
1270,failed,"['05Dec@2', '02Ind@1']","['DecentralizingAgent', 'IndDecentralizingAgent']",67,66,AgentMechanismInterface,False,False,True,17,0.7431194600067101,0.9,False,False,"(9, 71, 10)",,2,False,,"(9, 71, 10)",2638ba77-1224-458a-b37d-42fb4a339e0f,0,"[('2638ba77-1224-458a-b37d-42fb4a339e0f', (9, 71, 10))]"
1271,failed,"['00Dec@0', '03Buy@1']","['DecentralizingAgent', 'BuyCheapSellExpensiveAgent']",68,67,AgentMechanismInterface,False,False,True,2,0.35902855795575306,0.15,True,False,,,2,False,,"(2, 68, 13)",2c259bed-a9d8-42e5-a5ad-4a40655e51a0,0,[]
1272,failed,"['01Dec@0', '02Ind@1']","['DecentralizingAgent', 'IndDecentralizingAgent']",68,67,AgentMechanismInterface,False,False,True,2,0.1646131410379894,0.15,False,False,"(19, 68, 13)",,2,False,,"(19, 68, 13)",725fe523-a4b5-470e-95bd-f78e0854aa1a,0,[]
1273,failed,"['04MyA@2', '02Ind@1']","['MyAgent', 'IndDecentralizingAgent']",68,67,AgentMechanismInterface,False,False,True,2,0.16259957698639482,0.15,False,False,"(68, 78, 18)",,2,False,,"(68, 78, 18)",c6f5a8f2-7661-4532-9bcc-54b35cf9fc2f,0,[]
1274,failed,"['05Dec@2', '02Ind@1']","['DecentralizingAgent', 'IndDecentralizingAgent']",68,67,AgentMechanismInterface,False,False,True,2,0.2919617159641348,0.15,False,False,"(23, 78, 18)",,2,False,,"(23, 78, 18)",84d0411e-863a-4624-ad88-450790760ba9,0,[]
1275,failed,"['04MyA@2', '02Ind@1']","['MyAgent', 'IndDecentralizingAgent']",68,67,AgentMechanismInterface,False,False,True,2,0.26424978801514953,0.15,True,False,,,2,False,,"(29, 74, 18)",36ccf795-dedf-4036-99fa-de9e043fdaa2,0,[]
1276,failed,"['05Dec@2', '03Buy@1']","['DecentralizingAgent', 'BuyCheapSellExpensiveAgent']",68,67,AgentMechanismInterface,False,False,True,17,0.6502768709906377,0.9,False,False,"(5, 72, 9)",,2,False,,"(5, 72, 9)",1afcd36f-b5a5-4154-84db-fd5da3612eda,0,"[('1afcd36f-b5a5-4154-84db-fd5da3612eda', (5, 72, 9))]"
1277,failed,"['05Dec@2', '02Ind@1']","['DecentralizingAgent', 'IndDecentralizingAgent']",68,67,AgentMechanismInterface,False,False,True,17,0.2304961549816653,0.9,False,False,"(5, 68, 9)",,2,False,,"(5, 68, 9)",3ca3fb08-1eb1-4ce1-8b7b-959704cba9d1,0,"[('3ca3fb08-1eb1-4ce1-8b7b-959704cba9d1', (5, 68, 9))]"
1278,failed,"['05Dec@2', '03Buy@1']","['DecentralizingAgent', 'BuyCheapSellExpensiveAgent']",68,67,AgentMechanismInterface,False,False,True,17,0.5341292659868486,0.9,True,False,,,2,False,,"(5, 68, 9)",11aead3e-59d7-4ef4-a7dc-e758b2c42b7f,0,"[('11aead3e-59d7-4ef4-a7dc-e758b2c42b7f', (5, 68, 9))]"
1279,failed,"['05Dec@2', '03Buy@1']","['DecentralizingAgent', 'BuyCheapSellExpensiveAgent']",68,67,AgentMechanismInterface,False,False,True,17,0.48984658997505903,0.9,False,False,"(5, 69, 9)",,2,False,,"(5, 69, 9)",d94a3a7c-db96-4226-ba18-ddc219491858,0,"[('d94a3a7c-db96-4226-ba18-ddc219491858', (5, 69, 9))]"
1280,failed,"['01Dec@0', '03Buy@1']","['DecentralizingAgent', 'BuyCheapSellExpensiveAgent']",68,67,AgentMechanismInterface,False,False,True,17,0.6051556480233558,0.9,False,False,"(14, 72, 19)",,2,False,,"(14, 72, 19)",057766f6-ec1e-4c58-ac60-e9548fb18455,0,[]
1281,failed,"['05Dec@2', '02Ind@1']","['DecentralizingAgent', 'IndDecentralizingAgent']",68,67,AgentMechanismInterface,False,False,True,17,0.6731803439906798,0.9,True,False,,,2,False,,"(5, 68, 11)",599b992f-bda8-4d3c-9944-e18a0949f203,0,[]
1282,failed,"['01Dec@0', '03Buy@1']","['DecentralizingAgent', 'BuyCheapSellExpensiveAgent']",68,67,AgentMechanismInterface,False,False,True,17,0.5058836399693973,0.9,False,False,"(4, 74, 19)",,2,False,,"(4, 74, 19)",43d15c06-31a8-4d43-aaff-4c2fd7cbeaa6,0,"[('43d15c06-31a8-4d43-aaff-4c2fd7cbeaa6', (4, 74, 19))]"
1283,failed,"['01Dec@0', '02Ind@1']","['DecentralizingAgent', 'IndDecentralizingAgent']",68,67,AgentMechanismInterface,False,False,True,17,0.5123665260034613,0.9,True,False,,,2,False,,"(3, 76, 18)",6d20871b-8f8f-4aaf-9a86-141bd02078d8,0,[]
1284,failed,"['05Dec@2', '02Ind@1']","['DecentralizingAgent', 'IndDecentralizingAgent']",68,67,AgentMechanismInterface,False,False,True,17,0.6454231410170905,0.9,True,False,,,2,False,,"(5, 73, 11)",49604fc1-e2f9-41f7-9b65-e4619943ff6b,0,[]
1285,failed,"['00Dec@0', '03Buy@1']","['DecentralizingAgent', 'BuyCheapSellExpensiveAgent']",68,67,AgentMechanismInterface,False,False,True,17,0.27288982801837847,0.9,False,False,"(16, 73, 19)",,2,False,,"(16, 73, 19)",b876a162-c58c-494b-8d0b-82fe1b72d798,0,[]
1286,failed,"['05Dec@2', '02Ind@1']","['DecentralizingAgent', 'IndDecentralizingAgent']",68,67,AgentMechanismInterface,False,False,True,17,0.5870785879669711,0.9,False,False,"(10, 69, 9)",,2,False,,"(10, 69, 9)",93910d7e-6c2b-4e7a-ae30-abead4e11c8a,0,"[('93910d7e-6c2b-4e7a-ae30-abead4e11c8a', (10, 69, 9))]"
1287,failed,"['02Ind@1', '04MyA@2']","['IndDecentralizingAgent', 'MyAgent']",68,67,AgentMechanismInterface,False,False,True,17,0.4856795349624008,0.9,False,False,"(2, 73, 27)",,2,False,,"(2, 73, 27)",59b763ae-c70e-4e0d-9a05-3801b7dddcd5,0,"[('59b763ae-c70e-4e0d-9a05-3801b7dddcd5', (2, 73, 27))]"
1288,failed,"['01Dec@0', '02Ind@1']","['DecentralizingAgent', 'IndDecentralizingAgent']",68,67,AgentMechanismInterface,False,False,True,17,0.47591416095383465,0.9,False,False,"(14, 77, 20)",,2,False,,"(14, 77, 20)",bad5f305-cbc3-4d7c-ab69-f25dbf00eb85,0,[]
1289,failed,"['05Dec@2', '03Buy@1']","['DecentralizingAgent', 'BuyCheapSellExpensiveAgent']",68,67,AgentMechanismInterface,False,False,True,17,0.7280575039912947,0.9,True,False,,,2,False,,"(10, 70, 11)",c8ecf26b-745c-41f7-a002-b6c63fbd5a17,0,[]
1290,failed,"['05Dec@2', '02Ind@1']","['DecentralizingAgent', 'IndDecentralizingAgent']",68,67,AgentMechanismInterface,False,False,True,17,0.6153348929947242,0.9,False,False,"(9, 72, 10)",,2,False,,"(9, 72, 10)",94aed492-e3ee-4de6-8c6e-dd70534a0402,0,"[('94aed492-e3ee-4de6-8c6e-dd70534a0402', (9, 72, 10))]"
1291,failed,"['05Dec@2', '03Buy@1']","['DecentralizingAgent', 'BuyCheapSellExpensiveAgent']",68,67,AgentMechanismInterface,False,False,True,17,0.597551760962233,0.9,False,False,"(9, 68, 9)",,2,False,,"(9, 68, 9)",4b77da79-b6de-464e-9690-a3786cd73e53,0,"[('4b77da79-b6de-464e-9690-a3786cd73e53', (9, 68, 9))]"
1292,failed,"['00Dec@0', '02Ind@1']","['DecentralizingAgent', 'IndDecentralizingAgent']",68,67,AgentMechanismInterface,False,False,True,17,0.6666133489925414,0.9,False,False,"(16, 76, 20)",,2,False,,"(16, 76, 20)",0d50e80e-3600-446a-bb5c-c1d91055eb72,0,[]
1293,failed,"['02Ind@1', '01Dec@0']","['IndDecentralizingAgent', 'DecentralizingAgent']",69,68,AgentMechanismInterface,False,False,True,2,0.007005640014540404,0.15,True,False,,,2,False,,,e33b1cdb-435a-4006-aa9f-e7c0fe9512e1,0,[]
1294,failed,"['04MyA@2', '02Ind@1']","['MyAgent', 'IndDecentralizingAgent']",69,68,AgentMechanismInterface,False,False,True,2,0.3548261469695717,0.15,False,False,"(68, 79, 18)",,2,False,,"(68, 79, 18)",c14fdb44-11e9-412b-8638-fb810b283c59,0,[]
1295,failed,"['02Ind@1', '00Dec@0']","['IndDecentralizingAgent', 'DecentralizingAgent']",69,68,AgentMechanismInterface,False,False,True,2,0.1279704220360145,0.15,True,False,,,2,False,,,d54e3ed5-36ff-4504-b479-6d3d1c07799c,0,[]
1296,failed,"['00Dec@0', '03Buy@1']","['DecentralizingAgent', 'BuyCheapSellExpensiveAgent']",69,68,AgentMechanismInterface,False,False,True,2,0.12913095497060567,0.15,True,False,,,2,False,,"(2, 69, 13)",60ff01e8-acfc-4992-9327-9db787a2a157,0,[]
1297,failed,"['04MyA@2', '03Buy@1']","['MyAgent', 'BuyCheapSellExpensiveAgent']",69,68,AgentMechanismInterface,False,False,True,2,0.1796414940035902,0.15,True,False,,,2,False,,"(29, 74, 18)",d380b0da-8fad-469d-bca8-1245c802428a,0,[]
1298,failed,"['01Dec@0', '02Ind@1']","['DecentralizingAgent', 'IndDecentralizingAgent']",69,68,AgentMechanismInterface,False,False,True,17,0.5375397820025682,0.9,False,False,"(4, 74, 19)",,2,False,,"(4, 74, 19)",56e2180f-4322-4d8f-a48d-51b86d92fc75,0,"[('56e2180f-4322-4d8f-a48d-51b86d92fc75', (4, 74, 19))]"
1299,failed,"['05Dec@2', '02Ind@1']","['DecentralizingAgent', 'IndDecentralizingAgent']",69,68,AgentMechanismInterface,False,False,True,17,0.18167572899255902,0.9,False,False,"(5, 73, 9)",,2,False,,"(5, 73, 9)",32cb7b8d-b3cc-4fc1-9ce6-81cde4feee68,0,"[('32cb7b8d-b3cc-4fc1-9ce6-81cde4feee68', (5, 73, 9))]"
1300,failed,"['05Dec@2', '03Buy@1']","['DecentralizingAgent', 'BuyCheapSellExpensiveAgent']",69,68,AgentMechanismInterface,False,False,True,17,0.3591290370095521,0.9,False,False,"(11, 73, 10)",,2,False,,"(11, 73, 10)",8457f332-8eee-4963-a815-9ebd80bc2628,0,"[('8457f332-8eee-4963-a815-9ebd80bc2628', (11, 73, 10))]"
1301,failed,"['03Buy@1', '01Dec@0']","['BuyCheapSellExpensiveAgent', 'DecentralizingAgent']",69,68,AgentMechanismInterface,False,False,True,17,0.2926573610166088,0.9,False,False,"(5, 73, 7)",,2,False,,"(5, 73, 7)",c4e83b95-fa8f-4ba2-a1d7-f7358a340013,0,"[('c4e83b95-fa8f-4ba2-a1d7-f7358a340013', (5, 73, 7))]"
1302,failed,"['05Dec@2', '03Buy@1']","['DecentralizingAgent', 'BuyCheapSellExpensiveAgent']",69,68,AgentMechanismInterface,False,False,True,17,0.5589461260242388,0.9,True,False,,,2,False,,"(5, 74, 11)",71d87c02-ead9-4640-852f-37dfcb9a0446,0,[]
1303,failed,"['05Dec@2', '03Buy@1']","['DecentralizingAgent', 'BuyCheapSellExpensiveAgent']",69,68,AgentMechanismInterface,False,False,True,17,0.4134809249662794,0.9,False,False,"(5, 69, 10)",,2,False,,"(5, 69, 10)",8fdff631-6a60-405b-a0b9-3cbb1729c4e4,0,"[('8fdff631-6a60-405b-a0b9-3cbb1729c4e4', (5, 69, 10))]"
1304,failed,"['03Buy@1', '00Dec@0']","['BuyCheapSellExpensiveAgent', 'DecentralizingAgent']",69,68,AgentMechanismInterface,False,False,True,17,0.41577979299472645,0.9,False,False,"(5, 73, 7)",,2,False,,"(5, 73, 7)",a690e4b1-3d5d-413d-922e-d157a5659279,0,"[('a690e4b1-3d5d-413d-922e-d157a5659279', (5, 73, 7))]"
1305,failed,"['01Dec@0', '03Buy@1']","['DecentralizingAgent', 'BuyCheapSellExpensiveAgent']",69,68,AgentMechanismInterface,False,False,True,17,0.6401011690031737,0.9,True,False,,,2,False,,"(4, 73, 20)",4ce9c1b6-8ddb-4599-9ce4-9a1bd61529c1,0,"[('4ce9c1b6-8ddb-4599-9ce4-9a1bd61529c1', (4, 73, 20))]"
1306,failed,"['05Dec@2', '03Buy@1']","['DecentralizingAgent', 'BuyCheapSellExpensiveAgent']",69,68,AgentMechanismInterface,False,False,True,17,0.6343205869779922,0.9,False,False,"(5, 74, 10)",,2,False,,"(5, 74, 10)",3010429e-06b8-43cd-b24c-0d46cab3e58e,0,"[('3010429e-06b8-43cd-b24c-0d46cab3e58e', (5, 74, 10))]"
1307,failed,"['05Dec@2', '02Ind@1']","['DecentralizingAgent', 'IndDecentralizingAgent']",69,68,AgentMechanismInterface,False,False,True,17,0.5954074329929426,0.9,True,False,,,2,False,,"(5, 72, 9)",250fab79-1918-4b28-8785-a4e4fbdbb1b0,0,"[('250fab79-1918-4b28-8785-a4e4fbdbb1b0', (5, 72, 9))]"
1308,failed,"['00Dec@0', '02Ind@1']","['DecentralizingAgent', 'IndDecentralizingAgent']",69,68,AgentMechanismInterface,False,False,True,17,0.4206460400018841,0.9,False,False,"(15, 78, 20)",,2,False,,"(15, 78, 20)",f1f5f66b-de86-4f49-b40b-3da27c97a7d1,0,[]
1309,failed,"['05Dec@2', '02Ind@1']","['DecentralizingAgent', 'IndDecentralizingAgent']",69,68,AgentMechanismInterface,False,False,True,17,0.3520941309980117,0.9,False,False,"(11, 69, 9)",,2,False,,"(11, 69, 9)",4d16e0fb-ada2-41dc-b9ce-e808197598df,0,"[('4d16e0fb-ada2-41dc-b9ce-e808197598df', (11, 69, 9))]"
1310,failed,"['02Ind@1', '04MyA@2']","['IndDecentralizingAgent', 'MyAgent']",69,68,AgentMechanismInterface,False,False,True,17,0.34352190798381343,0.9,False,False,"(39, 78, 27)",,2,False,,"(39, 78, 27)",35686916-71e7-4a5a-bc66-b8683bad56ed,0,[]
1311,failed,"['05Dec@2', '02Ind@1']","['DecentralizingAgent', 'IndDecentralizingAgent']",69,68,AgentMechanismInterface,False,False,True,17,0.43731336895143613,0.9,True,False,,,2,False,,"(4, 69, 11)",4091130c-27f3-4854-86d0-a4470d22825d,0,[]
1312,failed,"['00Dec@0', '03Buy@1']","['DecentralizingAgent', 'BuyCheapSellExpensiveAgent']",69,68,AgentMechanismInterface,False,False,True,17,0.6698234140058048,0.9,True,False,,,2,False,,"(15, 75, 19)",907236fc-7c21-4d43-a6db-a2e5da6ae830,0,[]
1313,failed,"['00Dec@0', '03Buy@1']","['DecentralizingAgent', 'BuyCheapSellExpensiveAgent']",70,69,AgentMechanismInterface,False,False,True,2,0.024937704962212592,0.15,True,False,,,2,False,,"(2, 70, 13)",0f8b6805-c8d8-4872-ad20-845d6ac2ed76,0,[]
1314,failed,"['00Dec@0', '03Buy@1']","['DecentralizingAgent', 'BuyCheapSellExpensiveAgent']",70,69,AgentMechanismInterface,False,False,True,2,0.11461964098270983,0.15,True,False,,,2,False,,,4d6aae63-ed7b-410c-8494-6496da6f1ef6,0,[]
1315,failed,"['04MyA@2', '03Buy@1']","['MyAgent', 'BuyCheapSellExpensiveAgent']",70,69,AgentMechanismInterface,False,False,True,2,0.11428702401462942,0.15,True,False,,,2,False,,,ed236102-625f-4460-acad-c263c37f41ae,0,[]
1316,failed,"['01Dec@0', '02Ind@1']","['DecentralizingAgent', 'IndDecentralizingAgent']",70,69,AgentMechanismInterface,False,False,True,2,0.05350949696730822,0.15,False,False,"(23, 70, 13)",,2,False,,"(23, 70, 13)",372c3a35-53ce-4c04-8ca2-e2eb2db04af3,0,[]
1317,failed,"['02Ind@1', '01Dec@0']","['IndDecentralizingAgent', 'DecentralizingAgent']",70,69,AgentMechanismInterface,False,False,True,16,0.41969719901680946,0.85,False,False,"(38, 74, 7)",,2,False,,"(38, 74, 7)",93b9ff19-a19f-41c7-86a9-b599dafbdeef,0,"[('93b9ff19-a19f-41c7-86a9-b599dafbdeef', (38, 74, 7))]"
1318,failed,"['02Ind@1', '00Dec@0']","['IndDecentralizingAgent', 'DecentralizingAgent']",70,69,AgentMechanismInterface,False,False,True,16,0.3265583760221489,0.85,False,False,"(38, 70, 7)",,2,False,,"(38, 70, 7)",fb5701e3-be21-4af5-ab8a-ba7e947e518a,0,"[('fb5701e3-be21-4af5-ab8a-ba7e947e518a', (38, 70, 7))]"
1319,failed,"['02Ind@1', '04MyA@2']","['IndDecentralizingAgent', 'MyAgent']",70,69,AgentMechanismInterface,False,False,True,17,0.4154314650222659,0.9,False,False,"(9, 80, 26)",,2,False,,"(9, 80, 26)",6b5f8325-385a-4703-85db-604f628c8d34,0,"[('6b5f8325-385a-4703-85db-604f628c8d34', (9, 80, 26))]"
1320,failed,"['01Dec@0', '03Buy@1']","['DecentralizingAgent', 'BuyCheapSellExpensiveAgent']",70,69,AgentMechanismInterface,False,False,True,17,0.5102403259952553,0.9,False,False,"(15, 76, 19)",,2,False,,"(15, 76, 19)",0586df2f-caeb-4050-8884-ffeea071f7be,0,[]
1321,failed,"['01Dec@0', '02Ind@1']","['DecentralizingAgent', 'IndDecentralizingAgent']",70,69,AgentMechanismInterface,False,False,True,17,0.3239635649952106,0.9,True,False,,,2,False,,"(15, 76, 19)",279b183a-c81a-44ba-a569-252307d738ad,0,[]
1322,failed,"['01Dec@0', '02Ind@1']","['DecentralizingAgent', 'IndDecentralizingAgent']",70,69,AgentMechanismInterface,False,False,True,17,0.4164084540097974,0.9,False,False,"(4, 74, 19)",,2,False,,"(4, 74, 19)",0ad43ab9-4bbf-45c1-92d8-164f984247b1,0,"[('0ad43ab9-4bbf-45c1-92d8-164f984247b1', (4, 74, 19))]"
1323,failed,"['01Dec@0', '03Buy@1']","['DecentralizingAgent', 'BuyCheapSellExpensiveAgent']",70,69,AgentMechanismInterface,False,False,True,17,0.3510609189979732,0.9,True,False,,,2,False,,"(4, 73, 20)",a1126998-3384-4e39-a886-75bb9a8e05ad,0,"[('a1126998-3384-4e39-a886-75bb9a8e05ad', (4, 73, 20))]"
1324,failed,"['05Dec@2', '02Ind@1']","['DecentralizingAgent', 'IndDecentralizingAgent']",70,69,AgentMechanismInterface,False,False,True,17,0.26771445001941174,0.9,False,False,"(5, 73, 9)",,2,False,,"(5, 73, 9)",5ad74451-5069-4e9e-9b76-fd37e3e1e955,0,"[('5ad74451-5069-4e9e-9b76-fd37e3e1e955', (5, 73, 9))]"
1325,failed,"['05Dec@2', '03Buy@1']","['DecentralizingAgent', 'BuyCheapSellExpensiveAgent']",70,69,AgentMechanismInterface,False,False,True,17,0.5342052560299635,0.9,True,False,,,2,False,,"(5, 73, 9)",6450ad1d-d323-4864-9c65-6d44d732026f,0,"[('6450ad1d-d323-4864-9c65-6d44d732026f', (5, 73, 9))]"
1326,failed,"['05Dec@2', '03Buy@1']","['DecentralizingAgent', 'BuyCheapSellExpensiveAgent']",70,69,AgentMechanismInterface,False,False,True,17,0.36057295300997794,0.9,False,False,"(4, 72, 9)",,2,False,,"(4, 72, 9)",f131f360-5c50-4e1f-8a8f-d3c264465c5e,0,"[('f131f360-5c50-4e1f-8a8f-d3c264465c5e', (4, 72, 9))]"
1327,failed,"['00Dec@0', '03Buy@1']","['DecentralizingAgent', 'BuyCheapSellExpensiveAgent']",70,69,AgentMechanismInterface,False,False,True,17,0.5883873269776814,0.9,False,False,"(15, 75, 19)",,2,False,,"(15, 75, 19)",3aa8bfd3-23dd-44be-93eb-a2552e499743,0,[]
1328,failed,"['00Dec@0', '02Ind@1']","['DecentralizingAgent', 'IndDecentralizingAgent']",70,69,AgentMechanismInterface,False,False,True,17,0.4613682570052333,0.9,True,False,,,2,False,,"(15, 75, 19)",56a49e49-9c04-4ba1-b6cc-454cd6c61b88,0,[]
1329,failed,"['05Dec@2', '02Ind@1']","['DecentralizingAgent', 'IndDecentralizingAgent']",70,69,AgentMechanismInterface,False,False,True,17,0.45880460302578285,0.9,True,False,,,2,False,,"(4, 72, 9)",a3f66663-afa4-4380-9574-68f4a986d22a,0,"[('a3f66663-afa4-4380-9574-68f4a986d22a', (4, 72, 9))]"
1330,failed,"['00Dec@0', '03Buy@1']","['DecentralizingAgent', 'BuyCheapSellExpensiveAgent']",71,70,AgentMechanismInterface,False,False,True,2,0.009946099016815424,0.15,True,False,,,2,False,,"(5, 71, 13)",958e5ce2-beda-4cb8-b564-da47752d0dac,0,[]
1331,failed,"['04MyA@2', '03Buy@1']","['MyAgent', 'BuyCheapSellExpensiveAgent']",71,70,AgentMechanismInterface,False,False,True,2,0.24949522799579427,0.15,True,False,,,2,False,,"(31, 80, 18)",50eef586-a078-4769-a21f-ce11a95b4ddd,0,[]
1332,failed,"['04MyA@2', '03Buy@1']","['MyAgent', 'BuyCheapSellExpensiveAgent']",71,70,AgentMechanismInterface,False,False,True,2,0.19372348999604583,0.15,False,False,"(61, 81, 18)",,2,False,,"(61, 81, 18)",864edc3a-23d3-4c49-9d16-e894094dd4c3,0,"[('864edc3a-23d3-4c49-9d16-e894094dd4c3', (61, 81, 18))]"
1333,failed,"['01Dec@0', '02Ind@1']","['DecentralizingAgent', 'IndDecentralizingAgent']",71,70,AgentMechanismInterface,False,False,True,17,0.4486979520297609,0.9,False,False,"(15, 76, 19)",,2,False,,"(15, 76, 19)",c46607ca-0099-4a45-91e8-d734892ac7ea,0,[]
1334,failed,"['05Dec@2', '02Ind@1']","['DecentralizingAgent', 'IndDecentralizingAgent']",71,70,AgentMechanismInterface,False,False,True,17,0.18057795899221674,0.9,False,False,"(5, 75, 10)",,2,False,,"(5, 75, 10)",a42cc92c-6bf6-436a-91eb-549ca0ddf6b6,0,"[('a42cc92c-6bf6-436a-91eb-549ca0ddf6b6', (5, 75, 10))]"
1335,failed,"['00Dec@0', '02Ind@1']","['DecentralizingAgent', 'IndDecentralizingAgent']",71,70,AgentMechanismInterface,False,False,True,17,0.4271283039706759,0.9,False,False,"(15, 77, 19)",,2,False,,"(15, 77, 19)",304b1807-48d7-47d9-a069-d1d64a0c99e5,0,[]
1336,failed,"['05Dec@2', '03Buy@1']","['DecentralizingAgent', 'BuyCheapSellExpensiveAgent']",71,70,AgentMechanismInterface,False,False,True,17,0.21674847602844238,0.9,True,False,,,2,False,,"(5, 74, 11)",7a2a6312-8c6c-4207-806b-963d124cdaa7,0,[]
1337,failed,"['00Dec@0', '02Ind@1']","['DecentralizingAgent', 'IndDecentralizingAgent']",71,70,AgentMechanismInterface,False,False,True,17,0.23158149200025946,0.9,False,False,"(15, 78, 20)",,2,False,,"(15, 78, 20)",e3089021-687d-41bb-acc2-690f8196b373,0,[]
1338,failed,"['01Dec@0', '02Ind@1']","['DecentralizingAgent', 'IndDecentralizingAgent']",71,70,AgentMechanismInterface,False,False,True,17,0.47528717102250084,0.9,False,False,"(4, 74, 19)",,2,False,,"(4, 74, 19)",a6fa0784-1d5d-41f6-bc83-54cdcf91ee6c,0,"[('a6fa0784-1d5d-41f6-bc83-54cdcf91ee6c', (4, 74, 19))]"
1339,failed,"['05Dec@2', '02Ind@1']","['DecentralizingAgent', 'IndDecentralizingAgent']",71,70,AgentMechanismInterface,False,False,True,17,0.20687313500093296,0.9,False,False,"(4, 73, 9)",,2,False,,"(4, 73, 9)",8759c2f0-400b-4ebb-be06-5bb0fb549819,0,"[('8759c2f0-400b-4ebb-be06-5bb0fb549819', (4, 73, 9))]"
1340,failed,"['02Ind@1', '01Dec@0']","['IndDecentralizingAgent', 'DecentralizingAgent']",71,70,AgentMechanismInterface,False,False,True,17,0.48827886302024126,0.9,False,False,"(3, 75, 7)",,2,False,,"(3, 75, 7)",6ce9c307-08ab-4d1f-ae36-e7541c34c48b,0,"[('6ce9c307-08ab-4d1f-ae36-e7541c34c48b', (3, 75, 7))]"
1341,failed,"['05Dec@2', '03Buy@1']","['DecentralizingAgent', 'BuyCheapSellExpensiveAgent']",71,70,AgentMechanismInterface,False,False,True,17,0.4328161340090446,0.9,True,False,,,2,False,,"(4, 72, 11)",10305116-b751-4f8e-baad-be9bed17bc52,0,[]
1342,failed,"['00Dec@0', '03Buy@1']","['DecentralizingAgent', 'BuyCheapSellExpensiveAgent']",71,70,AgentMechanismInterface,False,False,True,17,0.5687765089678578,0.9,True,False,,,2,False,,"(15, 77, 19)",d7c12ebf-841e-4f8c-b8be-cdc6832ed7a9,0,[]
1343,failed,"['01Dec@0', '03Buy@1']","['DecentralizingAgent', 'BuyCheapSellExpensiveAgent']",71,70,AgentMechanismInterface,False,False,True,17,0.4833576829987578,0.9,True,False,,,2,False,,"(15, 76, 19)",f94ee655-4d41-4db1-b7b8-a31ae7cb9e7a,0,[]
1344,failed,"['01Dec@0', '03Buy@1']","['DecentralizingAgent', 'BuyCheapSellExpensiveAgent']",71,70,AgentMechanismInterface,False,False,True,17,0.2618177480180748,0.9,True,False,,,2,False,,"(3, 76, 18)",912fcb87-ee32-403f-a37b-b23613d463b7,0,[]
1345,failed,"['02Ind@1', '00Dec@0']","['IndDecentralizingAgent', 'DecentralizingAgent']",71,70,AgentMechanismInterface,False,False,True,17,0.4254935079952702,0.9,False,False,"(3, 71, 7)",,2,False,,"(3, 71, 7)",705b072e-15bd-4c8c-a06d-86049e1cb76d,0,"[('705b072e-15bd-4c8c-a06d-86049e1cb76d', (3, 71, 7))]"
1346,failed,"['00Dec@0', '03Buy@1']","['DecentralizingAgent', 'BuyCheapSellExpensiveAgent']",71,70,AgentMechanismInterface,False,False,True,17,0.5786511810147204,0.9,False,False,"(15, 78, 20)",,2,False,,"(15, 78, 20)",74db6a9f-b856-4e83-afdf-4c659d394ba3,0,[]
1347,failed,"['01Dec@0', '03Buy@1']","['DecentralizingAgent', 'BuyCheapSellExpensiveAgent']",72,71,AgentMechanismInterface,False,False,True,2,0.024103934003505856,0.15,True,False,,,2,False,,,247f92f3-18d0-4b41-9e75-5883bdd663a8,0,[]
1348,failed,"['04MyA@2', '02Ind@1']","['MyAgent', 'IndDecentralizingAgent']",72,71,AgentMechanismInterface,False,False,True,2,0.1084258240298368,0.15,True,False,,,2,False,,"(31, 80, 18)",56c5ccaf-1658-434c-9ce0-d737da671830,0,[]
1349,failed,"['00Dec@0', '03Buy@1']","['DecentralizingAgent', 'BuyCheapSellExpensiveAgent']",72,71,AgentMechanismInterface,False,False,True,2,0.14228081895271316,0.15,True,False,,,2,False,,"(5, 72, 13)",60231efb-2b37-4f3c-9f06-ebb8c96509a3,0,[]
1350,failed,"['00Dec@0', '02Ind@1']","['DecentralizingAgent', 'IndDecentralizingAgent']",72,71,AgentMechanismInterface,False,False,True,2,0.04535696597304195,0.15,False,False,"(26, 72, 13)",,2,False,,"(26, 72, 13)",3bb91367-91d1-4862-acd8-b17dc7457ccb,0,"[('3bb91367-91d1-4862-acd8-b17dc7457ccb', (26, 72, 13))]"
1351,failed,"['00Dec@0', '02Ind@1']","['DecentralizingAgent', 'IndDecentralizingAgent']",72,71,AgentMechanismInterface,False,False,True,17,0.16602109000086784,0.9,False,False,"(15, 80, 20)",,2,False,,"(15, 80, 20)",958b966a-3a77-4503-a5f9-38eae6a40c1f,0,[]
1352,failed,"['05Dec@2', '03Buy@1']","['DecentralizingAgent', 'BuyCheapSellExpensiveAgent']",72,71,AgentMechanismInterface,False,False,True,17,0.23643403901951388,0.9,False,False,"(5, 75, 9)",,2,False,,"(5, 75, 9)",14cc985e-a606-4d80-ac0d-e0b363b91fc5,0,"[('14cc985e-a606-4d80-ac0d-e0b363b91fc5', (5, 75, 9))]"
1353,failed,"['00Dec@0', '03Buy@1']","['DecentralizingAgent', 'BuyCheapSellExpensiveAgent']",72,71,AgentMechanismInterface,False,False,True,17,0.30726000998402014,0.9,True,False,,,2,False,,"(15, 77, 19)",96e82275-5545-4a06-a96a-34129d3f0e66,0,[]
1354,failed,"['05Dec@2', '02Ind@1']","['DecentralizingAgent', 'IndDecentralizingAgent']",72,71,AgentMechanismInterface,False,False,True,17,0.2059725690050982,0.9,True,False,,,2,False,,"(5, 75, 11)",628d0d70-d87c-45be-b2bf-f79eaefb9e67,0,[]
1355,failed,"['00Dec@0', '03Buy@1']","['DecentralizingAgent', 'BuyCheapSellExpensiveAgent']",72,71,AgentMechanismInterface,False,False,True,17,0.29066504997899756,0.9,False,False,"(1, 82, 19)",,2,False,,"(1, 82, 19)",2221bcbd-eb90-488a-8d15-6b1965007d25,0,"[('2221bcbd-eb90-488a-8d15-6b1965007d25', (1, 82, 19))]"
1356,failed,"['01Dec@0', '02Ind@1']","['DecentralizingAgent', 'IndDecentralizingAgent']",72,71,AgentMechanismInterface,False,False,True,17,0.34682070097187534,0.9,False,False,"(15, 79, 20)",,2,False,,"(15, 79, 20)",472d7d9f-9361-4e22-96c1-cce927719053,0,[]
1357,failed,"['01Dec@0', '03Buy@1']","['DecentralizingAgent', 'BuyCheapSellExpensiveAgent']",72,71,AgentMechanismInterface,False,False,True,17,0.30376675399020314,0.9,True,False,,,2,False,,"(15, 76, 19)",e9ff7bed-964c-4335-9a20-47cfabe3f4da,0,[]
1358,failed,"['05Dec@2', '02Ind@1']","['DecentralizingAgent', 'IndDecentralizingAgent']",72,71,AgentMechanismInterface,False,False,True,17,0.3178965370170772,0.9,False,False,"(4, 73, 9)",,2,False,,"(4, 73, 9)",aadadddb-1168-4126-951f-8afc88327662,0,"[('aadadddb-1168-4126-951f-8afc88327662', (4, 73, 9))]"
1359,failed,"['00Dec@0', '02Ind@1']","['DecentralizingAgent', 'IndDecentralizingAgent']",72,71,AgentMechanismInterface,False,False,True,17,0.30537539900979027,0.9,True,False,,,2,False,,"(1, 82, 18)",d33ecda2-536c-4277-9c59-f1f8363e76b2,0,[]
1360,failed,"['02Ind@1', '04MyA@2']","['IndDecentralizingAgent', 'MyAgent']",72,71,AgentMechanismInterface,False,False,True,17,0.4344071200466715,0.9,False,False,"(2, 77, 27)",,2,False,,"(2, 77, 27)",3332a059-f5a5-4b54-8f67-06c03854777f,0,"[('3332a059-f5a5-4b54-8f67-06c03854777f', (2, 77, 27))]"
1361,failed,"['05Dec@2', '03Buy@1']","['DecentralizingAgent', 'BuyCheapSellExpensiveAgent']",72,71,AgentMechanismInterface,False,False,True,17,0.36673488304950297,0.9,True,False,,,2,False,,"(4, 73, 9)",502bf2e7-6d35-4b4d-a89a-a3a28410f925,0,"[('502bf2e7-6d35-4b4d-a89a-a3a28410f925', (4, 73, 9))]"
1362,failed,"['04MyA@2', '02Ind@1']","['MyAgent', 'IndDecentralizingAgent']",73,72,AgentMechanismInterface,False,False,True,2,0.06951408099848777,0.15,True,False,,,2,False,,"(31, 80, 18)",b5f12f34-ddef-405c-a5b0-6b4ffb0b9f72,0,[]
1363,failed,"['04MyA@2', '03Buy@1']","['MyAgent', 'BuyCheapSellExpensiveAgent']",73,72,AgentMechanismInterface,False,False,True,2,0.3914799580234103,0.15,False,False,"(68, 83, 18)",,2,False,,"(68, 83, 18)",1e05a6a2-b4de-458c-b80f-2aa770aa07ee,0,[]
1364,failed,"['00Dec@0', '02Ind@1']","['DecentralizingAgent', 'IndDecentralizingAgent']",73,72,AgentMechanismInterface,False,False,True,2,0.032941829005721956,0.15,True,False,,,2,False,,"(5, 73, 13)",f6ad68af-ec23-4d9a-a846-30cc8be4bf96,0,[]
1365,failed,"['01Dec@0', '02Ind@1']","['DecentralizingAgent', 'IndDecentralizingAgent']",73,72,AgentMechanismInterface,False,False,True,2,0.03577457903884351,0.15,True,False,,,2,False,,,e7839a86-5554-41c4-9923-ebdec3e49bb7,0,[]
1366,failed,"['00Dec@0', '02Ind@1']","['DecentralizingAgent', 'IndDecentralizingAgent']",73,72,AgentMechanismInterface,False,False,True,17,0.3904045050148852,0.9,False,False,"(15, 77, 19)",,2,False,,"(15, 77, 19)",6fa96796-caee-4092-b133-083304bee3a0,0,[]
1367,failed,"['00Dec@0', '02Ind@1']","['DecentralizingAgent', 'IndDecentralizingAgent']",73,72,AgentMechanismInterface,False,False,True,17,0.5256719900062308,0.9,False,False,"(1, 82, 19)",,2,False,,"(1, 82, 19)",9d32109d-d2b2-4f84-b1d7-e001f8b2b859,0,"[('9d32109d-d2b2-4f84-b1d7-e001f8b2b859', (1, 82, 19))]"
1368,failed,"['02Ind@1', '05Dec@2']","['IndDecentralizingAgent', 'DecentralizingAgent']",73,72,AgentMechanismInterface,False,False,True,17,0.28143015201203525,0.9,False,False,"(25, 78, 28)",,2,False,,"(25, 78, 28)",b782a47e-7511-4202-aca8-b539b323f8f3,0,[]
1369,failed,"['02Ind@1', '04MyA@2']","['IndDecentralizingAgent', 'MyAgent']",73,72,AgentMechanismInterface,False,False,True,17,0.4042883589863777,0.9,False,False,"(25, 78, 28)",,2,False,,"(25, 78, 28)",06c340e1-be1e-494e-a3bb-ad149ba6e761,0,[]
1370,failed,"['00Dec@0', '03Buy@1']","['DecentralizingAgent', 'BuyCheapSellExpensiveAgent']",73,72,AgentMechanismInterface,False,False,True,17,0.2734903339878656,0.9,True,False,,,2,False,,"(15, 77, 19)",14b2b54a-affb-4daa-80fd-d134343805e6,0,[]
1371,failed,"['05Dec@2', '02Ind@1']","['DecentralizingAgent', 'IndDecentralizingAgent']",73,72,AgentMechanismInterface,False,False,True,17,0.3570014899596572,0.9,False,False,"(5, 76, 10)",,2,False,,"(5, 76, 10)",d09de1fa-3d94-41bf-a390-54110375fb93,0,"[('d09de1fa-3d94-41bf-a390-54110375fb93', (5, 76, 10))]"
1372,failed,"['01Dec@0', '03Buy@1']","['DecentralizingAgent', 'BuyCheapSellExpensiveAgent']",73,72,AgentMechanismInterface,False,False,True,17,0.6074238489964046,0.9,False,False,"(11, 75, 19)",,2,False,,"(11, 75, 19)",ef7b0689-fb03-42cb-b18a-15b8b7275aa2,0,"[('ef7b0689-fb03-42cb-b18a-15b8b7275aa2', (11, 75, 19))]"
1373,failed,"['05Dec@2', '03Buy@1']","['DecentralizingAgent', 'BuyCheapSellExpensiveAgent']",73,72,AgentMechanismInterface,False,False,True,17,0.23115643003256992,0.9,True,False,,,2,False,,"(5, 75, 11)",624d1e99-cf38-4872-a99a-6b05e44188d8,0,[]
1374,failed,"['01Dec@0', '02Ind@1']","['DecentralizingAgent', 'IndDecentralizingAgent']",73,72,AgentMechanismInterface,False,False,True,17,0.384587375971023,0.9,False,False,"(11, 75, 19)",,2,False,,"(11, 75, 19)",b8013b6d-791b-4817-8e47-ad357bb96f3a,0,"[('b8013b6d-791b-4817-8e47-ad357bb96f3a', (11, 75, 19))]"
1375,failed,"['01Dec@0', '03Buy@1']","['DecentralizingAgent', 'BuyCheapSellExpensiveAgent']",73,72,AgentMechanismInterface,False,False,True,17,0.36403136799344793,0.9,False,False,"(16, 82, 20)",,2,False,,"(16, 82, 20)",dda87bb5-1a3e-4891-9e7f-9f7bed30d0f7,0,[]
1376,failed,"['01Dec@0', '02Ind@1']","['DecentralizingAgent', 'IndDecentralizingAgent']",73,72,AgentMechanismInterface,False,False,True,17,0.6525632740231231,0.9,False,False,"(16, 82, 20)",,2,False,,"(16, 82, 20)",4872d05d-989a-4101-a1e1-da085e3ae1bf,0,[]
1377,failed,"['00Dec@0', '03Buy@1']","['DecentralizingAgent', 'BuyCheapSellExpensiveAgent']",73,72,AgentMechanismInterface,False,False,True,17,0.48589686094783247,0.9,True,False,,,2,False,,"(1, 77, 20)",0df6bb69-3fbc-4424-bece-6301803df098,0,"[('0df6bb69-3fbc-4424-bece-6301803df098', (1, 77, 20))]"
1378,failed,"['04MyA@2', '02Ind@1']","['MyAgent', 'IndDecentralizingAgent']",74,73,AgentMechanismInterface,False,False,True,2,0.39228691096650437,0.15,True,False,,,2,False,,,66756f31-dbad-4800-8c1a-7ddce8332b21,0,[]
1379,failed,"['05Dec@2', '03Buy@1']","['DecentralizingAgent', 'BuyCheapSellExpensiveAgent']",74,73,AgentMechanismInterface,False,False,True,2,0.33239955798489973,0.15,True,False,,,2,False,,"(9, 84, 18)",588111e8-ce29-497c-9239-d95047065f6c,0,[]
1380,failed,"['01Dec@0', '02Ind@1']","['DecentralizingAgent', 'IndDecentralizingAgent']",74,73,AgentMechanismInterface,False,False,True,2,0.14375043899053708,0.15,True,False,,,2,False,,"(1, 74, 13)",6ad437e6-7547-462e-90f4-24d001cacf10,0,[]
1381,failed,"['04MyA@2', '03Buy@1']","['MyAgent', 'BuyCheapSellExpensiveAgent']",74,73,AgentMechanismInterface,False,False,True,2,0.131787593010813,0.15,False,False,"(45, 84, 18)",,2,False,,"(45, 84, 18)",196b918b-48c5-466c-8c82-6fd4137ddbde,0,[]
1382,failed,"['00Dec@0', '03Buy@1']","['DecentralizingAgent', 'BuyCheapSellExpensiveAgent']",74,73,AgentMechanismInterface,False,False,True,17,0.3009887369698845,0.9,False,False,"(15, 80, 19)",,2,False,,"(15, 80, 19)",700c4f84-4e3d-467e-818c-7bf647740854,0,[]
1383,failed,"['02Ind@1', '04MyA@2']","['IndDecentralizingAgent', 'MyAgent']",74,73,AgentMechanismInterface,False,False,True,17,0.43201829597819597,0.9,False,False,"(20, 82, 26)",,2,False,,"(20, 82, 26)",e6f4ad4e-1f96-484a-a57b-655eda436b8b,0,[]
1384,failed,"['05Dec@2', '02Ind@1']","['DecentralizingAgent', 'IndDecentralizingAgent']",74,73,AgentMechanismInterface,False,False,True,17,0.516212671995163,0.9,False,False,"(5, 76, 9)",,2,False,,"(5, 76, 9)",1a70f086-1141-40ad-b2e2-eb4f8c79417a,0,"[('1a70f086-1141-40ad-b2e2-eb4f8c79417a', (5, 76, 9))]"
1385,failed,"['02Ind@1', '01Dec@0']","['IndDecentralizingAgent', 'DecentralizingAgent']",74,73,AgentMechanismInterface,False,False,True,17,0.4786345090251416,0.9,False,False,"(3, 78, 7)",,2,False,,"(3, 78, 7)",5f9476f4-1741-4932-b855-fe9a33a761a0,0,"[('5f9476f4-1741-4932-b855-fe9a33a761a0', (3, 78, 7))]"
1386,failed,"['00Dec@0', '02Ind@1']","['DecentralizingAgent', 'IndDecentralizingAgent']",74,73,AgentMechanismInterface,False,False,True,17,0.5056870270054787,0.9,False,False,"(15, 83, 20)",,2,False,,"(15, 83, 20)",be0f3391-0d6f-4262-844f-e7c5a7e9bf14,0,[]
1387,failed,"['02Ind@1', '00Dec@0']","['IndDecentralizingAgent', 'DecentralizingAgent']",74,73,AgentMechanismInterface,False,False,True,17,0.4686953009804711,0.9,False,False,"(3, 74, 7)",,2,False,,"(3, 74, 7)",a72b7d55-03a7-4fbe-8667-5260df6cf7e2,0,"[('a72b7d55-03a7-4fbe-8667-5260df6cf7e2', (3, 74, 7))]"
1388,failed,"['01Dec@0', '03Buy@1']","['DecentralizingAgent', 'BuyCheapSellExpensiveAgent']",74,73,AgentMechanismInterface,False,False,True,17,0.5259016749914736,0.9,False,False,"(15, 80, 19)",,2,False,,"(15, 80, 19)",80ec43da-c0d7-4ab4-858a-0833ddef7244,0,[]
1389,failed,"['05Dec@2', '03Buy@1']","['DecentralizingAgent', 'BuyCheapSellExpensiveAgent']",74,73,AgentMechanismInterface,False,False,True,17,0.5860402190010063,0.9,True,False,,,2,False,,"(5, 76, 9)",19bd9f81-903c-4677-82cb-2a66f5a77e56,0,"[('19bd9f81-903c-4677-82cb-2a66f5a77e56', (5, 76, 9))]"
1390,failed,"['00Dec@0', '03Buy@1']","['DecentralizingAgent', 'BuyCheapSellExpensiveAgent']",74,73,AgentMechanismInterface,False,False,True,17,0.6270403969683684,0.9,False,False,"(1, 82, 19)",,2,False,,"(1, 82, 19)",e1a5aaac-1061-46aa-9376-0f6c24b794dc,0,"[('e1a5aaac-1061-46aa-9376-0f6c24b794dc', (1, 82, 19))]"
1391,failed,"['00Dec@0', '03Buy@1']","['DecentralizingAgent', 'BuyCheapSellExpensiveAgent']",74,73,AgentMechanismInterface,False,False,True,17,0.6540517230168916,0.9,False,False,"(15, 77, 19)",,2,False,,"(15, 77, 19)",db2ee747-d03f-4c9f-a034-6db91d0aada2,0,[]
1392,failed,"['01Dec@0', '02Ind@1']","['DecentralizingAgent', 'IndDecentralizingAgent']",74,73,AgentMechanismInterface,False,False,True,17,0.5812462790054269,0.9,False,False,"(15, 83, 20)",,2,False,,"(15, 83, 20)",a6d6d2dc-959e-4071-a765-fd5570b0dc76,0,[]
1393,failed,"['05Dec@2', '03Buy@1']","['DecentralizingAgent', 'BuyCheapSellExpensiveAgent']",74,73,AgentMechanismInterface,False,False,True,17,0.48286238097352907,0.9,True,False,,,2,False,,"(5, 76, 11)",552c43d8-60c0-44f5-a20b-0892167ef23f,0,[]
1394,failed,"['05Dec@2', '02Ind@1']","['DecentralizingAgent', 'IndDecentralizingAgent']",74,73,AgentMechanismInterface,False,False,True,17,0.49918193597113714,0.9,True,False,,,2,False,,"(5, 76, 11)",a7d6398b-1ca8-4b2d-b065-bfe585a83736,0,[]
1395,failed,"['00Dec@0', '02Ind@1']","['DecentralizingAgent', 'IndDecentralizingAgent']",74,73,AgentMechanismInterface,False,False,True,17,0.5588134790305048,0.9,True,False,,,2,False,,"(1, 82, 18)",1141a0e3-68e2-45ff-8b8c-5f1b318368ca,0,[]
1396,failed,"['00Dec@0', '02Ind@1']","['DecentralizingAgent', 'IndDecentralizingAgent']",74,73,AgentMechanismInterface,False,False,True,17,0.5130423909868114,0.9,True,False,,,2,False,,"(15, 77, 19)",b1339dc6-c301-4864-90a0-895df6c5c3d2,0,[]
1397,failed,"['02Ind@1', '05Dec@2']","['IndDecentralizingAgent', 'DecentralizingAgent']",74,73,AgentMechanismInterface,False,False,True,17,0.47167166898725554,0.9,False,False,"(20, 82, 26)",,2,False,,"(20, 82, 26)",f7ad6912-6e36-47c8-96fe-3777d3502c7a,0,[]
1398,failed,"['05Dec@2', '03Buy@1']","['DecentralizingAgent', 'BuyCheapSellExpensiveAgent']",75,74,AgentMechanismInterface,False,False,True,2,0.11432343599153683,0.15,False,False,"(37, 85, 18)",,2,False,,"(37, 85, 18)",246d159f-28bc-4e3b-8cb2-a6cb5ac968a7,0,[]
1399,failed,"['01Dec@0', '02Ind@1']","['DecentralizingAgent', 'IndDecentralizingAgent']",75,74,AgentMechanismInterface,False,False,True,2,0.33179833996109664,0.15,False,False,"(19, 75, 13)",,2,False,,"(19, 75, 13)",bc7d4953-c9fd-40c7-b04a-62bc07bbaa53,0,[]
1400,failed,"['01Dec@0', '02Ind@1']","['DecentralizingAgent', 'IndDecentralizingAgent']",75,74,AgentMechanismInterface,False,False,True,2,0.22062323102727532,0.15,True,False,,,2,False,,,33f89e24-d130-447c-bd75-1830921169ce,0,[]
1401,failed,"['05Dec@2', '03Buy@1']","['DecentralizingAgent', 'BuyCheapSellExpensiveAgent']",75,74,AgentMechanismInterface,False,False,True,2,0.2756032529869117,0.15,True,False,,,2,False,,,026cb9c3-34ca-4fa1-afa9-c61c8e4ae1e6,0,[]
1402,failed,"['04MyA@2', '02Ind@1']","['MyAgent', 'IndDecentralizingAgent']",75,74,AgentMechanismInterface,False,False,True,2,0.22460144804790616,0.15,False,False,"(50, 85, 18)",,2,False,,"(50, 85, 18)",3ac26aaa-fd6c-4c40-a98a-8b17659e474d,0,[]
1403,failed,"['00Dec@0', '02Ind@1']","['DecentralizingAgent', 'IndDecentralizingAgent']",75,74,AgentMechanismInterface,False,False,True,2,0.05050613300409168,0.15,False,False,"(12, 75, 13)",,2,False,,"(12, 75, 13)",c42f1860-6c2e-446a-b2c2-415d444a34b9,0,[]
1404,failed,"['04MyA@2', '03Buy@1']","['MyAgent', 'BuyCheapSellExpensiveAgent']",75,74,AgentMechanismInterface,False,False,True,2,0.26911355601623654,0.15,True,False,,,2,False,,,8f45c490-19f2-4c6b-aa6f-6b75973503d2,0,[]
1405,failed,"['02Ind@1', '05Dec@2']","['IndDecentralizingAgent', 'DecentralizingAgent']",75,74,AgentMechanismInterface,False,False,True,17,0.44395273801637813,0.9,False,False,"(2, 80, 27)",,2,False,,"(2, 80, 27)",5f24611c-ab57-4bec-baeb-a786d0b19964,0,"[('5f24611c-ab57-4bec-baeb-a786d0b19964', (2, 80, 27))]"
1406,failed,"['00Dec@0', '03Buy@1']","['DecentralizingAgent', 'BuyCheapSellExpensiveAgent']",75,74,AgentMechanismInterface,False,False,True,17,0.18334462499478832,0.9,False,False,"(15, 77, 19)",,2,False,,"(15, 77, 19)",057f9e5f-a6f1-4154-8acb-2444c7f786e0,0,[]
1407,failed,"['05Dec@2', '02Ind@1']","['DecentralizingAgent', 'IndDecentralizingAgent']",75,74,AgentMechanismInterface,False,False,True,17,0.1646773039828986,0.9,False,False,"(9, 79, 10)",,2,False,,"(9, 79, 10)",48a68002-3382-43e5-aa82-d61e9aa57d6d,0,"[('48a68002-3382-43e5-aa82-d61e9aa57d6d', (9, 79, 10))]"
1408,failed,"['05Dec@2', '03Buy@1']","['DecentralizingAgent', 'BuyCheapSellExpensiveAgent']",75,74,AgentMechanismInterface,False,False,True,17,0.3555270929937251,0.9,False,False,"(5, 76, 9)",,2,False,,"(5, 76, 9)",62949368-1f4d-4e86-8de0-935f9964d716,0,"[('62949368-1f4d-4e86-8de0-935f9964d716', (5, 76, 9))]"
1409,failed,"['00Dec@0', '02Ind@1']","['DecentralizingAgent', 'IndDecentralizingAgent']",75,74,AgentMechanismInterface,False,False,True,17,0.4969644710072316,0.9,False,False,"(15, 80, 20)",,2,False,,"(15, 80, 20)",dec04773-7c68-467f-9b9a-fda385be8ab6,0,[]
1410,failed,"['00Dec@0', '03Buy@1']","['DecentralizingAgent', 'BuyCheapSellExpensiveAgent']",75,74,AgentMechanismInterface,False,False,True,17,0.4551556769874878,0.9,False,False,"(1, 77, 20)",,2,False,,"(1, 77, 20)",c7cc6c24-9354-4b39-b1d7-5012226b49ee,0,"[('c7cc6c24-9354-4b39-b1d7-5012226b49ee', (1, 77, 20))]"
1411,failed,"['00Dec@0', '02Ind@1']","['DecentralizingAgent', 'IndDecentralizingAgent']",75,74,AgentMechanismInterface,False,False,True,17,0.37309702194761485,0.9,True,False,,,2,False,,"(1, 77, 20)",d12a85fc-5889-4d6e-ba61-b92d735678f6,0,"[('d12a85fc-5889-4d6e-ba61-b92d735678f6', (1, 77, 20))]"
1412,failed,"['05Dec@2', '02Ind@1']","['DecentralizingAgent', 'IndDecentralizingAgent']",75,74,AgentMechanismInterface,False,False,True,17,0.485689167981036,0.9,True,False,,,2,False,,"(5, 76, 11)",7dd3af81-d66a-4e10-83c8-d1fc5fca8b62,0,[]
1413,failed,"['02Ind@1', '04MyA@2']","['IndDecentralizingAgent', 'MyAgent']",75,74,AgentMechanismInterface,False,False,True,17,0.48424769000848755,0.9,False,False,"(2, 80, 27)",,2,False,,"(2, 80, 27)",7026fef9-bf53-409c-b235-4e89edc2e53b,0,"[('7026fef9-bf53-409c-b235-4e89edc2e53b', (2, 80, 27))]"
1414,failed,"['05Dec@2', '03Buy@1']","['DecentralizingAgent', 'BuyCheapSellExpensiveAgent']",75,74,AgentMechanismInterface,False,False,True,17,0.5073501960141584,0.9,False,False,"(9, 79, 10)",,2,False,,"(9, 79, 10)",bba6c9a7-064e-4f26-925f-0c4b2e95ec75,0,"[('bba6c9a7-064e-4f26-925f-0c4b2e95ec75', (9, 79, 10))]"
1415,failed,"['02Ind@1', '00Dec@0']","['IndDecentralizingAgent', 'DecentralizingAgent']",76,75,AgentMechanismInterface,False,False,True,2,0.005665896984282881,0.15,True,False,,,2,False,,,d75af526-a85e-4f83-9cde-8e73530287df,0,[]
1416,failed,"['04MyA@2', '02Ind@1']","['MyAgent', 'IndDecentralizingAgent']",76,75,AgentMechanismInterface,False,False,True,2,0.28178609599126503,0.15,False,False,"(68, 86, 18)",,2,False,,"(68, 86, 18)",226d820c-57c8-48fb-a72d-66ed7ec0e800,0,[]
1417,failed,"['05Dec@2', '02Ind@1']","['DecentralizingAgent', 'IndDecentralizingAgent']",76,75,AgentMechanismInterface,False,False,True,2,0.4470765420119278,0.15,False,False,"(35, 86, 18)",,2,False,,"(35, 86, 18)",3d4fa087-e829-4a15-9a69-a4976c167126,0,[]
1418,failed,"['05Dec@2', '03Buy@1']","['DecentralizingAgent', 'BuyCheapSellExpensiveAgent']",76,75,AgentMechanismInterface,False,False,True,2,0.5207522939890623,0.15,True,False,,,2,False,,"(9, 84, 18)",77092bd4-1282-4008-82db-5e5fa37c8c45,0,[]
1419,failed,"['03Buy@1', '00Dec@0']","['BuyCheapSellExpensiveAgent', 'DecentralizingAgent']",76,75,AgentMechanismInterface,False,False,True,16,0.24578969599679112,0.85,False,False,"(36, 80, 7)",,2,False,,"(36, 80, 7)",2031a594-be27-4f96-b80a-70bcf13483dd,0,"[('2031a594-be27-4f96-b80a-70bcf13483dd', (36, 80, 7))]"
1420,failed,"['03Buy@1', '01Dec@0']","['BuyCheapSellExpensiveAgent', 'DecentralizingAgent']",76,75,AgentMechanismInterface,False,False,True,16,0.4820765199838206,0.85,False,False,"(37, 76, 6)",,2,False,,"(37, 76, 6)",97c7a25f-a9e4-477d-9a69-725e281ada72,0,[]
1421,failed,"['00Dec@0', '02Ind@1']","['DecentralizingAgent', 'IndDecentralizingAgent']",76,75,AgentMechanismInterface,False,False,True,17,0.2819170379661955,0.9,False,False,"(16, 85, 20)",,2,False,,"(16, 85, 20)",165fc239-1e64-4043-8b94-ccfb25dff7df,0,[]
1422,failed,"['05Dec@2', '02Ind@1']","['DecentralizingAgent', 'IndDecentralizingAgent']",76,75,AgentMechanismInterface,False,False,True,17,0.31591505598044023,0.9,False,False,"(5, 81, 10)",,2,False,,"(5, 81, 10)",e5cae44a-b49c-4ec0-aabc-455048a535aa,0,"[('e5cae44a-b49c-4ec0-aabc-455048a535aa', (5, 81, 10))]"
1423,failed,"['05Dec@2', '03Buy@1']","['DecentralizingAgent', 'BuyCheapSellExpensiveAgent']",76,75,AgentMechanismInterface,False,False,True,17,0.5035446719848551,0.9,False,False,"(5, 77, 10)",,2,False,,"(5, 77, 10)",c0c5d2ee-4cbb-4b6c-b14c-3ffceae53814,0,"[('c0c5d2ee-4cbb-4b6c-b14c-3ffceae53814', (5, 77, 10))]"
1424,failed,"['00Dec@0', '02Ind@1']","['DecentralizingAgent', 'IndDecentralizingAgent']",76,75,AgentMechanismInterface,False,False,True,17,0.5076203779899515,0.9,False,False,"(1, 82, 19)",,2,False,,"(1, 82, 19)",df4aa13c-58e6-4aa2-bec1-da38fb325449,0,"[('df4aa13c-58e6-4aa2-bec1-da38fb325449', (1, 82, 19))]"
1425,failed,"['01Dec@0', '02Ind@1']","['DecentralizingAgent', 'IndDecentralizingAgent']",76,75,AgentMechanismInterface,False,False,True,17,0.27487180702155456,0.9,False,False,"(14, 81, 19)",,2,False,,"(14, 81, 19)",b6bba1af-a45c-4917-9902-750195eedc34,0,[]
1426,failed,"['05Dec@2', '03Buy@1']","['DecentralizingAgent', 'BuyCheapSellExpensiveAgent']",76,75,AgentMechanismInterface,False,False,True,17,0.21482850500615314,0.9,False,False,"(9, 76, 9)",,2,False,,"(9, 76, 9)",0c7f1f90-f30c-4242-8f3d-a3182e0bd425,0,"[('0c7f1f90-f30c-4242-8f3d-a3182e0bd425', (9, 76, 9))]"
1427,failed,"['00Dec@0', '03Buy@1']","['DecentralizingAgent', 'BuyCheapSellExpensiveAgent']",76,75,AgentMechanismInterface,False,False,True,17,0.3047710490063764,0.9,True,False,,,2,False,,"(1, 82, 18)",014b3f3c-13cf-4ff3-87ad-928b8bf4e9ff,0,[]
1428,failed,"['05Dec@2', '02Ind@1']","['DecentralizingAgent', 'IndDecentralizingAgent']",76,75,AgentMechanismInterface,False,False,True,17,0.32800212095025927,0.9,False,False,"(9, 76, 9)",,2,False,,"(9, 76, 9)",d76b6de4-f334-47c7-99c5-4828ae50bde7,0,"[('d76b6de4-f334-47c7-99c5-4828ae50bde7', (9, 76, 9))]"
1429,failed,"['02Ind@1', '04MyA@2']","['IndDecentralizingAgent', 'MyAgent']",76,75,AgentMechanismInterface,False,False,True,17,0.6029078540159389,0.9,False,False,"(20, 84, 26)",,2,False,,"(20, 84, 26)",7d0fa69b-4c7c-4e82-9137-cc972e920c74,0,[]
1430,failed,"['01Dec@0', '03Buy@1']","['DecentralizingAgent', 'BuyCheapSellExpensiveAgent']",76,75,AgentMechanismInterface,False,False,True,17,0.39560687803896144,0.9,False,False,"(14, 86, 20)",,2,False,,"(14, 86, 20)",fb67777c-06c7-45cc-a956-d4f7b0c6203f,0,[]
1431,failed,"['02Ind@1', '01Dec@0']","['IndDecentralizingAgent', 'DecentralizingAgent']",76,75,AgentMechanismInterface,False,False,True,17,0.6981811029836535,0.9,True,False,,,2,False,,"(3, 80, 7)",b8018169-6e58-468e-9c33-eb23cdbac8d1,0,"[('b8018169-6e58-468e-9c33-eb23cdbac8d1', (3, 80, 7))]"
1432,failed,"['00Dec@0', '03Buy@1']","['DecentralizingAgent', 'BuyCheapSellExpensiveAgent']",76,75,AgentMechanismInterface,False,False,True,17,0.7264190879650414,0.9,False,False,"(16, 85, 20)",,2,False,,"(16, 85, 20)",3565c39a-2757-4a29-9d0c-38b7109818a1,0,[]
1433,failed,"['05Dec@2', '03Buy@1']","['DecentralizingAgent', 'BuyCheapSellExpensiveAgent']",76,75,AgentMechanismInterface,False,False,True,17,0.7063219490228221,0.9,True,False,,,2,False,,"(5, 80, 9)",644d1ab1-757b-42c6-9b02-9dd33cc7adb1,0,"[('644d1ab1-757b-42c6-9b02-9dd33cc7adb1', (5, 80, 9))]"
1434,failed,"['05Dec@2', '02Ind@1']","['DecentralizingAgent', 'IndDecentralizingAgent']",76,75,AgentMechanismInterface,False,False,True,17,0.5697379959747195,0.9,True,False,,,2,False,,"(5, 76, 11)",e3a45bc8-06b7-4503-96c0-84d0a9964993,0,[]
1435,failed,"['04MyA@2', '03Buy@1']","['MyAgent', 'BuyCheapSellExpensiveAgent']",77,76,AgentMechanismInterface,False,False,True,2,0.16417298204032704,0.15,False,False,"(50, 87, 18)",,2,False,,"(50, 87, 18)",023cd4c2-2f39-4f7a-86dc-9e022ddd28d6,0,[]
1436,failed,"['05Dec@2', '02Ind@1']","['DecentralizingAgent', 'IndDecentralizingAgent']",77,76,AgentMechanismInterface,False,False,True,2,0.03178593498887494,0.15,True,False,,,2,False,,"(9, 84, 18)",b3c67185-2878-4065-865d-21e74941c8a1,0,[]
1437,failed,"['00Dec@0', '03Buy@1']","['DecentralizingAgent', 'BuyCheapSellExpensiveAgent']",77,76,AgentMechanismInterface,False,False,True,17,0.27621668798383325,0.9,False,False,"(14, 87, 20)",,2,False,,"(14, 87, 20)",4c986a98-1c99-469d-a6c3-1389d9939f4d,0,[]
1438,failed,"['05Dec@2', '03Buy@1']","['DecentralizingAgent', 'BuyCheapSellExpensiveAgent']",77,76,AgentMechanismInterface,False,False,True,17,0.2947464730241336,0.9,False,False,"(5, 82, 10)",,2,False,,"(5, 82, 10)",34de2150-4509-4b16-a87d-65299cf9b18a,0,"[('34de2150-4509-4b16-a87d-65299cf9b18a', (5, 82, 10))]"
1439,failed,"['05Dec@2', '02Ind@1']","['DecentralizingAgent', 'IndDecentralizingAgent']",77,76,AgentMechanismInterface,False,False,True,17,0.13512007502140477,0.9,False,False,"(5, 81, 9)",,2,False,,"(5, 81, 9)",f9a514af-a375-43a8-bce8-c06fd3fd5967,0,"[('f9a514af-a375-43a8-bce8-c06fd3fd5967', (5, 81, 9))]"
1440,failed,"['05Dec@2', '02Ind@1']","['DecentralizingAgent', 'IndDecentralizingAgent']",77,76,AgentMechanismInterface,False,False,True,17,0.1583229549578391,0.9,True,False,,,2,False,,"(5, 80, 9)",47df89fc-5477-4eab-80f6-33c3d7ee699b,0,"[('47df89fc-5477-4eab-80f6-33c3d7ee699b', (5, 80, 9))]"
1441,failed,"['05Dec@2', '03Buy@1']","['DecentralizingAgent', 'BuyCheapSellExpensiveAgent']",77,76,AgentMechanismInterface,False,False,True,17,0.12001551897265017,0.9,True,False,,,2,False,,"(5, 82, 11)",eceddc79-7acd-4b0b-81a8-9f20f4f36bc7,0,[]
1442,failed,"['00Dec@0', '02Ind@1']","['DecentralizingAgent', 'IndDecentralizingAgent']",77,76,AgentMechanismInterface,False,False,True,17,0.1649130149744451,0.9,False,False,"(14, 87, 20)",,2,False,,"(14, 87, 20)",36b91497-ca2d-4853-8e49-30fa3b98221b,0,[]
1443,failed,"['00Dec@0', '02Ind@1']","['DecentralizingAgent', 'IndDecentralizingAgent']",77,76,AgentMechanismInterface,False,False,True,17,0.17939063400262967,0.9,False,False,"(1, 77, 20)",,2,False,,"(1, 77, 20)",0984e072-d4a9-47f2-9be7-383e8f24b811,0,"[('0984e072-d4a9-47f2-9be7-383e8f24b811', (1, 77, 20))]"
1444,failed,"['00Dec@0', '03Buy@1']","['DecentralizingAgent', 'BuyCheapSellExpensiveAgent']",77,76,AgentMechanismInterface,False,False,True,17,0.18425797298550606,0.9,True,False,,,2,False,,"(1, 82, 18)",0e19acdf-3276-481c-b7c8-faec722994b9,0,[]
1445,failed,"['05Dec@2', '02Ind@1']","['DecentralizingAgent', 'IndDecentralizingAgent']",78,77,AgentMechanismInterface,False,False,True,2,0.07538156595546752,0.15,True,False,,,2,False,,"(9, 84, 18)",3948b8af-1024-4d03-995a-40b3cb42461e,0,[]
1446,failed,"['02Ind@1', '04MyA@2']","['IndDecentralizingAgent', 'MyAgent']",78,77,AgentMechanismInterface,False,False,True,17,0.15934202104108408,0.9,False,False,"(23, 87, 26)",,2,False,,"(23, 87, 26)",5f71afe0-5175-4c54-8765-3bd080098dea,0,[]
1447,failed,"['05Dec@2', '03Buy@1']","['DecentralizingAgent', 'BuyCheapSellExpensiveAgent']",78,77,AgentMechanismInterface,False,False,True,17,0.18666852597380057,0.9,False,False,"(5, 80, 9)",,2,False,,"(5, 80, 9)",a5bf5604-5f39-40a2-b93c-b6dc7c98d3c5,0,"[('a5bf5604-5f39-40a2-b93c-b6dc7c98d3c5', (5, 80, 9))]"
1448,failed,"['01Dec@0', '02Ind@1']","['DecentralizingAgent', 'IndDecentralizingAgent']",78,77,AgentMechanismInterface,False,False,True,17,0.19914589601103216,0.9,False,False,"(2, 83, 20)",,2,False,,"(2, 83, 20)",d274aafa-aafe-4860-b883-07559152f675,0,"[('d274aafa-aafe-4860-b883-07559152f675', (2, 83, 20))]"
1449,failed,"['01Dec@0', '03Buy@1']","['DecentralizingAgent', 'BuyCheapSellExpensiveAgent']",78,77,AgentMechanismInterface,False,False,True,17,0.21609754400560632,0.9,True,False,,,2,False,,"(2, 83, 20)",3c19d9ee-79b2-4930-a35c-b5d8fb25ccb7,0,"[('3c19d9ee-79b2-4930-a35c-b5d8fb25ccb7', (2, 83, 20))]"
1450,failed,"['05Dec@2', '03Buy@1']","['DecentralizingAgent', 'BuyCheapSellExpensiveAgent']",78,77,AgentMechanismInterface,False,False,True,17,0.21133275498868898,0.9,False,False,"(5, 83, 10)",,2,False,,"(5, 83, 10)",40799183-a994-4af2-9952-ed7ab0489616,0,"[('40799183-a994-4af2-9952-ed7ab0489616', (5, 83, 10))]"
1451,failed,"['05Dec@2', '02Ind@1']","['DecentralizingAgent', 'IndDecentralizingAgent']",78,77,AgentMechanismInterface,False,False,True,17,0.24895073100924492,0.9,True,False,,,2,False,,"(5, 81, 9)",93643e16-6791-4f1a-b4de-def725e7d62d,0,"[('93643e16-6791-4f1a-b4de-def725e7d62d', (5, 81, 9))]"
1452,failed,"['05Dec@2', '02Ind@1']","['DecentralizingAgent', 'IndDecentralizingAgent']",78,77,AgentMechanismInterface,False,False,True,17,0.20681479497579858,0.9,True,False,,,2,False,,"(5, 80, 11)",8d022644-c1f2-4578-b085-eb0b4a502138,0,[]
1453,failed,"['04MyA@2', '03Buy@1']","['MyAgent', 'BuyCheapSellExpensiveAgent']",79,78,AgentMechanismInterface,False,False,True,2,0.23944952996680513,0.15,False,False,"(47, 89, 18)",,2,False,,"(47, 89, 18)",a53f5073-b63e-4bb7-b96b-dde1ed483faf,0,"[('a53f5073-b63e-4bb7-b96b-dde1ed483faf', (47, 89, 18))]"
1454,failed,"['05Dec@2', '02Ind@1']","['DecentralizingAgent', 'IndDecentralizingAgent']",79,78,AgentMechanismInterface,False,False,True,2,0.03519441798562184,0.15,True,False,,,2,False,,"(9, 84, 18)",2776e1af-c43f-45a4-8565-8b2e07ee8a05,0,[]
1455,failed,"['02Ind@1', '04MyA@2']","['IndDecentralizingAgent', 'MyAgent']",79,78,AgentMechanismInterface,False,False,True,17,0.29399370902683586,0.9,False,False,"(31, 89, 26)",,2,False,,"(31, 89, 26)",1e8076ac-04bd-4ee2-b517-3870f450d512,0,[]
1456,failed,"['05Dec@2', '02Ind@1']","['DecentralizingAgent', 'IndDecentralizingAgent']",79,78,AgentMechanismInterface,False,False,True,17,0.44447181903524324,0.9,False,False,"(5, 83, 10)",,2,False,,"(5, 83, 10)",8c9e56ed-8616-4323-ab29-8a0fa44096eb,0,"[('8c9e56ed-8616-4323-ab29-8a0fa44096eb', (5, 83, 10))]"
1457,failed,"['02Ind@1', '00Dec@0']","['IndDecentralizingAgent', 'DecentralizingAgent']",79,78,AgentMechanismInterface,False,False,True,17,0.20418717403663322,0.9,False,False,"(3, 79, 7)",,2,False,,"(3, 79, 7)",743fc50c-bd6e-45b5-a65b-b58b6124a8c4,0,"[('743fc50c-bd6e-45b5-a65b-b58b6124a8c4', (3, 79, 7))]"
1458,failed,"['01Dec@0', '02Ind@1']","['DecentralizingAgent', 'IndDecentralizingAgent']",79,78,AgentMechanismInterface,False,False,True,17,0.31464400299591944,0.9,False,False,"(2, 83, 20)",,2,False,,"(2, 83, 20)",7d7f5a5d-d660-4c5a-a0c6-7b203c036de6,0,"[('7d7f5a5d-d660-4c5a-a0c6-7b203c036de6', (2, 83, 20))]"
1459,failed,"['05Dec@2', '02Ind@1']","['DecentralizingAgent', 'IndDecentralizingAgent']",79,78,AgentMechanismInterface,False,False,True,17,0.4686908290022984,0.9,False,False,"(5, 81, 10)",,2,False,,"(5, 81, 10)",98a25808-ca9e-4a8c-a717-076ad6de4439,0,"[('98a25808-ca9e-4a8c-a717-076ad6de4439', (5, 81, 10))]"
1460,failed,"['01Dec@0', '02Ind@1']","['DecentralizingAgent', 'IndDecentralizingAgent']",79,78,AgentMechanismInterface,False,False,True,17,0.22438590601086617,0.9,False,False,"(15, 85, 19)",,2,False,,"(15, 85, 19)",15b585ce-8deb-468f-9789-1457f234e808,0,[]
1461,failed,"['05Dec@2', '03Buy@1']","['DecentralizingAgent', 'BuyCheapSellExpensiveAgent']",79,78,AgentMechanismInterface,False,False,True,17,0.5385008470038883,0.9,False,False,"(8, 79, 9)",,2,False,,"(8, 79, 9)",f1532f78-f73d-490a-a6b8-c23449752783,0,"[('f1532f78-f73d-490a-a6b8-c23449752783', (8, 79, 9))]"
1462,failed,"['02Ind@1', '01Dec@0']","['IndDecentralizingAgent', 'DecentralizingAgent']",79,78,AgentMechanismInterface,False,False,True,17,0.454773681005463,0.9,False,False,"(3, 79, 7)",,2,False,,"(3, 79, 7)",9b91f919-c439-4a28-a9b5-6ab0701c76dd,0,"[('9b91f919-c439-4a28-a9b5-6ab0701c76dd', (3, 79, 7))]"
1463,failed,"['01Dec@0', '03Buy@1']","['DecentralizingAgent', 'BuyCheapSellExpensiveAgent']",79,78,AgentMechanismInterface,False,False,True,17,0.23137002502335235,0.9,True,False,,,2,False,,"(2, 88, 18)",18cc39e8-33f0-4f42-a90d-74f16331b286,0,[]
1464,failed,"['05Dec@2', '03Buy@1']","['DecentralizingAgent', 'BuyCheapSellExpensiveAgent']",79,78,AgentMechanismInterface,False,False,True,17,0.3510002890252508,0.9,True,False,,,2,False,,"(5, 80, 9)",1880fd10-681b-4e57-afe4-6dd43b38cbfb,0,"[('1880fd10-681b-4e57-afe4-6dd43b38cbfb', (5, 80, 9))]"
1465,failed,"['05Dec@2', '02Ind@1']","['DecentralizingAgent', 'IndDecentralizingAgent']",79,78,AgentMechanismInterface,False,False,True,17,0.3612100789905526,0.9,False,False,"(8, 79, 9)",,2,False,,"(8, 79, 9)",07c62f7c-3de1-4963-86ad-a64ddccbcc7e,0,"[('07c62f7c-3de1-4963-86ad-a64ddccbcc7e', (8, 79, 9))]"
1466,failed,"['05Dec@2', '03Buy@1']","['DecentralizingAgent', 'BuyCheapSellExpensiveAgent']",79,78,AgentMechanismInterface,False,False,True,17,0.3619389529922046,0.9,True,False,,,2,False,,"(5, 82, 9)",91a83ded-c21d-4f24-a8f8-e43af0dd4074,0,"[('91a83ded-c21d-4f24-a8f8-e43af0dd4074', (5, 82, 9))]"
1467,failed,"['00Dec@0', '03Buy@1']","['DecentralizingAgent', 'BuyCheapSellExpensiveAgent']",79,78,AgentMechanismInterface,False,False,True,17,0.5328063009656034,0.9,False,False,"(15, 85, 19)",,2,False,,"(15, 85, 19)",eb1a43ef-6aef-4fd5-9d40-24c6659dc68a,0,[]
1468,failed,"['00Dec@0', '02Ind@1']","['DecentralizingAgent', 'IndDecentralizingAgent']",79,78,AgentMechanismInterface,False,False,True,17,0.4076234350213781,0.9,True,False,,,2,False,,"(15, 85, 19)",4f8d8e14-9416-4fe5-9fce-149601060467,0,[]
1469,failed,"['01Dec@0', '03Buy@1']","['DecentralizingAgent', 'BuyCheapSellExpensiveAgent']",79,78,AgentMechanismInterface,False,False,True,17,0.5778521860484034,0.9,False,False,"(15, 88, 20)",,2,False,,"(15, 88, 20)",2db2c273-8a8e-4cec-a257-daf3dd90ba2d,0,[]
1470,failed,"['00Dec@0', '03Buy@1']","['DecentralizingAgent', 'BuyCheapSellExpensiveAgent']",80,79,AgentMechanismInterface,False,False,True,2,0.13258402299834415,0.15,False,False,"(55, 80, 13)",,2,False,,"(55, 80, 13)",01766dd1-6992-4fc4-abf0-fae59faab3be,0,[]
1471,failed,"['01Dec@0', '02Ind@1']","['DecentralizingAgent', 'IndDecentralizingAgent']",80,79,AgentMechanismInterface,False,False,True,2,0.14554222498554736,0.15,False,False,"(9, 80, 13)",,2,False,,"(9, 80, 13)",20e5adc2-f39a-464a-8dcf-ec0f19d847be,0,"[('20e5adc2-f39a-464a-8dcf-ec0f19d847be', (9, 80, 13))]"
1472,failed,"['04MyA@2', '02Ind@1']","['MyAgent', 'IndDecentralizingAgent']",80,79,AgentMechanismInterface,False,False,True,6,0.13677042798371986,0.35,False,False,"(39, 89, 18)",,2,False,,"(39, 89, 18)",b71be8f8-cfdd-43d8-ad7b-abf2031479d2,0,"[('b71be8f8-cfdd-43d8-ad7b-abf2031479d2', (39, 89, 18))]"
1473,failed,"['02Ind@1', '00Dec@0']","['IndDecentralizingAgent', 'DecentralizingAgent']",80,79,AgentMechanismInterface,False,False,True,17,0.26276584598235786,0.9,False,False,"(4, 80, 7)",,2,False,,"(4, 80, 7)",c5875312-6f2f-4c65-a4cc-fba566f3f1d0,0,"[('c5875312-6f2f-4c65-a4cc-fba566f3f1d0', (4, 80, 7))]"
1474,failed,"['00Dec@0', '03Buy@1']","['DecentralizingAgent', 'BuyCheapSellExpensiveAgent']",80,79,AgentMechanismInterface,False,False,True,17,0.32126010104548186,0.9,False,False,"(15, 88, 20)",,2,False,,"(15, 88, 20)",16de89aa-23b3-43ed-9cd6-b72ee8dd0bb7,0,[]
1475,failed,"['01Dec@0', '03Buy@1']","['DecentralizingAgent', 'BuyCheapSellExpensiveAgent']",80,79,AgentMechanismInterface,False,False,True,17,0.21973021101439372,0.9,False,False,"(2, 83, 20)",,2,False,,"(2, 83, 20)",83809445-001c-43dd-91df-f985c01ee759,0,"[('83809445-001c-43dd-91df-f985c01ee759', (2, 83, 20))]"
1476,failed,"['02Ind@1', '04MyA@2']","['IndDecentralizingAgent', 'MyAgent']",80,79,AgentMechanismInterface,False,False,True,17,0.18198047496844083,0.9,False,False,"(2, 85, 27)",,2,False,,"(2, 85, 27)",f4fbacec-7598-492c-ae2f-1d01a74fae96,0,"[('f4fbacec-7598-492c-ae2f-1d01a74fae96', (2, 85, 27))]"
1477,failed,"['00Dec@0', '02Ind@1']","['DecentralizingAgent', 'IndDecentralizingAgent']",80,79,AgentMechanismInterface,False,False,True,17,0.3223998150206171,0.9,False,False,"(15, 88, 20)",,2,False,,"(15, 88, 20)",e363f7e0-27fe-478b-bb3f-4857dbfec614,0,[]
1478,failed,"['01Dec@0', '03Buy@1']","['DecentralizingAgent', 'BuyCheapSellExpensiveAgent']",80,79,AgentMechanismInterface,False,False,True,17,0.26244263001717627,0.9,False,False,"(1, 90, 19)",,2,False,,"(1, 90, 19)",beb9febb-0ee3-498c-9a1a-23563f6fc4e0,0,"[('beb9febb-0ee3-498c-9a1a-23563f6fc4e0', (1, 90, 19))]"
1479,failed,"['05Dec@2', '03Buy@1']","['DecentralizingAgent', 'BuyCheapSellExpensiveAgent']",80,79,AgentMechanismInterface,False,False,True,17,0.3430283439811319,0.9,False,False,"(5, 83, 9)",,2,False,,"(5, 83, 9)",c42d2f1d-19e9-41f2-ac52-51ad3f45b664,0,"[('c42d2f1d-19e9-41f2-ac52-51ad3f45b664', (5, 83, 9))]"
1480,failed,"['01Dec@0', '02Ind@1']","['DecentralizingAgent', 'IndDecentralizingAgent']",80,79,AgentMechanismInterface,False,False,True,17,0.343094490992371,0.9,True,False,,,2,False,,"(2, 83, 20)",7134e205-b5d8-42a2-9c25-f99c80ce628d,0,"[('7134e205-b5d8-42a2-9c25-f99c80ce628d', (2, 83, 20))]"
1481,failed,"['05Dec@2', '02Ind@1']","['DecentralizingAgent', 'IndDecentralizingAgent']",80,79,AgentMechanismInterface,False,False,True,17,0.2004258839879185,0.9,True,False,,,2,False,,"(5, 83, 9)",87253500-a277-47a9-8e61-af982b6ef7f1,0,"[('87253500-a277-47a9-8e61-af982b6ef7f1', (5, 83, 9))]"
1482,failed,"['01Dec@0', '02Ind@1']","['DecentralizingAgent', 'IndDecentralizingAgent']",80,79,AgentMechanismInterface,False,False,True,17,0.205793144996278,0.9,True,False,,,2,False,,"(1, 85, 20)",23df6d10-32bf-4b54-a506-bb09efc72c1e,0,"[('23df6d10-32bf-4b54-a506-bb09efc72c1e', (1, 85, 20))]"
1483,failed,"['00Dec@0', '03Buy@1']","['DecentralizingAgent', 'BuyCheapSellExpensiveAgent']",81,80,AgentMechanismInterface,False,False,True,2,0.031726965971756727,0.15,True,False,,,2,False,,,3fb68691-04b6-483c-a70f-56e52c9df217,0,[]
1484,failed,"['04MyA@2', '03Buy@1']","['MyAgent', 'BuyCheapSellExpensiveAgent']",81,80,AgentMechanismInterface,False,False,True,2,0.1752814130159095,0.15,False,False,"(68, 91, 18)",,2,False,,"(68, 91, 18)",c49169fc-3888-4d28-9203-53f2c7768d2e,0,[]
1485,failed,"['05Dec@2', '02Ind@1']","['DecentralizingAgent', 'IndDecentralizingAgent']",81,80,AgentMechanismInterface,False,False,True,17,0.28969127603340894,0.9,False,False,"(5, 83, 9)",,2,False,,"(5, 83, 9)",88730247-7df7-4842-a22f-d585afd9d9aa,0,"[('88730247-7df7-4842-a22f-d585afd9d9aa', (5, 83, 9))]"
1486,failed,"['02Ind@1', '00Dec@0']","['IndDecentralizingAgent', 'DecentralizingAgent']",81,80,AgentMechanismInterface,False,False,True,17,0.1255884559941478,0.9,False,False,"(3, 81, 7)",,2,False,,"(3, 81, 7)",f1fcf346-0684-4e26-8d36-32d326f23788,0,"[('f1fcf346-0684-4e26-8d36-32d326f23788', (3, 81, 7))]"
1487,failed,"['00Dec@0', '02Ind@1']","['DecentralizingAgent', 'IndDecentralizingAgent']",81,80,AgentMechanismInterface,False,False,True,17,0.15736215701326728,0.9,False,False,"(16, 90, 20)",,2,False,,"(16, 90, 20)",080eacde-6e86-4223-b2c1-3bf8cf6f6b44,0,[]
1488,failed,"['01Dec@0', '02Ind@1']","['DecentralizingAgent', 'IndDecentralizingAgent']",81,80,AgentMechanismInterface,False,False,True,17,0.13048473396338522,0.9,False,False,"(1, 90, 19)",,2,False,,"(1, 90, 19)",f06b6473-f241-4f5d-8267-4717e1ed1944,0,"[('f06b6473-f241-4f5d-8267-4717e1ed1944', (1, 90, 19))]"
1489,failed,"['01Dec@0', '03Buy@1']","['DecentralizingAgent', 'BuyCheapSellExpensiveAgent']",81,80,AgentMechanismInterface,False,False,True,17,0.29199074301868677,0.9,False,False,"(2, 88, 19)",,2,False,,"(2, 88, 19)",fabe68b3-44f4-4089-9e90-8eaf1612fe98,0,"[('fabe68b3-44f4-4089-9e90-8eaf1612fe98', (2, 88, 19))]"
1490,failed,"['00Dec@0', '03Buy@1']","['DecentralizingAgent', 'BuyCheapSellExpensiveAgent']",81,80,AgentMechanismInterface,False,False,True,17,0.3523363940184936,0.9,True,False,,,2,False,,"(16, 87, 19)",3034fb60-0361-41a2-9ef8-6ba0d9b0ba53,0,[]
1491,failed,"['01Dec@0', '03Buy@1']","['DecentralizingAgent', 'BuyCheapSellExpensiveAgent']",81,80,AgentMechanismInterface,False,False,True,17,0.17461510701104999,0.9,True,False,,,2,False,,"(1, 90, 18)",a353a554-be13-4048-a9c5-293ee50ad2a2,0,[]
1492,failed,"['01Dec@0', '02Ind@1']","['DecentralizingAgent', 'IndDecentralizingAgent']",81,80,AgentMechanismInterface,False,False,True,17,0.1896751130116172,0.9,True,False,,,2,False,,"(2, 83, 20)",01ea4185-1459-45ad-90b6-ef1f561cf0cc,0,"[('01ea4185-1459-45ad-90b6-ef1f561cf0cc', (2, 83, 20))]"
1493,failed,"['02Ind@1', '04MyA@2']","['IndDecentralizingAgent', 'MyAgent']",81,80,AgentMechanismInterface,False,False,True,17,0.2158742009778507,0.9,False,False,"(1, 91, 27)",,2,False,,"(1, 91, 27)",848d48d0-d091-44c3-8d3b-c2189a3d0b58,0,"[('848d48d0-d091-44c3-8d3b-c2189a3d0b58', (1, 91, 27))]"
1494,failed,"['05Dec@2', '03Buy@1']","['DecentralizingAgent', 'BuyCheapSellExpensiveAgent']",81,80,AgentMechanismInterface,False,False,True,17,0.24312722898321226,0.9,True,False,,,2,False,,"(5, 83, 9)",32fdf1a8-0d0a-45de-b06c-06552a93bfe4,0,"[('32fdf1a8-0d0a-45de-b06c-06552a93bfe4', (5, 83, 9))]"
1495,failed,"['04MyA@2', '02Ind@1']","['MyAgent', 'IndDecentralizingAgent']",82,81,AgentMechanismInterface,False,False,True,2,0.29552417900413275,0.15,False,False,"(69, 92, 18)",,2,False,,"(69, 92, 18)",5c3838a1-10bd-405f-a7c8-2280eecf56bf,0,"[('5c3838a1-10bd-405f-a7c8-2280eecf56bf', (69, 92, 18))]"
1496,failed,"['00Dec@0', '03Buy@1']","['DecentralizingAgent', 'BuyCheapSellExpensiveAgent']",82,81,AgentMechanismInterface,False,False,True,2,0.10249156603822485,0.15,True,False,,,2,False,,,619eda97-edc1-4ea2-9125-6a077c4386c3,0,[]
1497,failed,"['00Dec@0', '02Ind@1']","['DecentralizingAgent', 'IndDecentralizingAgent']",82,81,AgentMechanismInterface,False,False,True,2,0.09948611800791696,0.15,False,False,"(23, 82, 13)",,2,False,,"(23, 82, 13)",93d3c046-763a-4d2c-aeb7-2061e0cfab40,0,"[('93d3c046-763a-4d2c-aeb7-2061e0cfab40', (23, 82, 13))]"
1498,failed,"['01Dec@0', '02Ind@1']","['DecentralizingAgent', 'IndDecentralizingAgent']",82,81,AgentMechanismInterface,False,False,True,17,0.24114529200596735,0.9,False,False,"(2, 88, 19)",,2,False,,"(2, 88, 19)",e3f9b95a-97c2-4203-90c5-431ff3ecea93,0,"[('e3f9b95a-97c2-4203-90c5-431ff3ecea93', (2, 88, 19))]"
1499,failed,"['02Ind@1', '05Dec@2']","['IndDecentralizingAgent', 'DecentralizingAgent']",82,81,AgentMechanismInterface,False,False,True,17,0.21907688200008124,0.9,False,False,"(2, 92, 27)",,2,False,,"(2, 92, 27)",5491d6fe-7d04-4a35-9284-1fbb2082ac89,0,"[('5491d6fe-7d04-4a35-9284-1fbb2082ac89', (2, 92, 27))]"
1500,failed,"['01Dec@0', '03Buy@1']","['DecentralizingAgent', 'BuyCheapSellExpensiveAgent']",82,81,AgentMechanismInterface,False,False,True,17,0.2830751109868288,0.9,True,False,,,2,False,,"(2, 83, 20)",b0f19af9-754d-49ac-aa4d-5dda97423dca,0,"[('b0f19af9-754d-49ac-aa4d-5dda97423dca', (2, 83, 20))]"
1501,failed,"['05Dec@2', '03Buy@1']","['DecentralizingAgent', 'BuyCheapSellExpensiveAgent']",82,81,AgentMechanismInterface,False,False,True,17,0.23974791902583092,0.9,False,False,"(5, 84, 10)",,2,False,,"(5, 84, 10)",750d6162-944a-4f19-bcec-721a770b46da,0,"[('750d6162-944a-4f19-bcec-721a770b46da', (5, 84, 10))]"
1502,failed,"['01Dec@0', '03Buy@1']","['DecentralizingAgent', 'BuyCheapSellExpensiveAgent']",82,81,AgentMechanismInterface,False,False,True,17,0.25390895403688774,0.9,False,False,"(14, 87, 19)",,2,False,,"(14, 87, 19)",232f4b6f-fd06-4016-a572-e92605c75cf8,0,[]
1503,failed,"['01Dec@0', '03Buy@1']","['DecentralizingAgent', 'BuyCheapSellExpensiveAgent']",82,81,AgentMechanismInterface,False,False,True,17,0.22123307205038145,0.9,False,False,"(1, 85, 20)",,2,False,,"(1, 85, 20)",27670e85-310d-424a-967e-75c5edc906a6,0,"[('27670e85-310d-424a-967e-75c5edc906a6', (1, 85, 20))]"
1504,failed,"['01Dec@0', '02Ind@1']","['DecentralizingAgent', 'IndDecentralizingAgent']",82,81,AgentMechanismInterface,False,False,True,17,0.23175086098490283,0.9,True,False,,,2,False,,"(1, 85, 20)",51cba8a7-624d-4570-856a-496505a777fd,0,"[('51cba8a7-624d-4570-856a-496505a777fd', (1, 85, 20))]"
1505,failed,"['00Dec@0', '03Buy@1']","['DecentralizingAgent', 'BuyCheapSellExpensiveAgent']",82,81,AgentMechanismInterface,False,False,True,17,0.34374248003587127,0.9,False,False,"(16, 87, 19)",,2,False,,"(16, 87, 19)",44bb2f88-fece-4fe7-a875-65615373d5f5,0,[]
1506,failed,"['01Dec@0', '02Ind@1']","['DecentralizingAgent', 'IndDecentralizingAgent']",82,81,AgentMechanismInterface,False,False,True,17,0.37067895295331255,0.9,False,False,"(14, 92, 20)",,2,False,,"(14, 92, 20)",56425350-4ce4-40f8-b196-9449fa36984b,0,[]
1507,failed,"['00Dec@0', '02Ind@1']","['DecentralizingAgent', 'IndDecentralizingAgent']",82,81,AgentMechanismInterface,False,False,True,17,0.234756087011192,0.9,False,False,"(16, 90, 20)",,2,False,,"(16, 90, 20)",5ad1f31c-073e-4bd0-9914-249f21d95a7c,0,[]
1508,failed,"['02Ind@1', '04MyA@2']","['IndDecentralizingAgent', 'MyAgent']",82,81,AgentMechanismInterface,False,False,True,17,0.33300144801614806,0.9,False,False,"(2, 87, 27)",,2,False,,"(2, 87, 27)",0f4dc4e7-c23e-4c86-a73a-ddc7091b6acd,0,"[('0f4dc4e7-c23e-4c86-a73a-ddc7091b6acd', (2, 87, 27))]"
1509,failed,"['05Dec@2', '03Buy@1']","['DecentralizingAgent', 'BuyCheapSellExpensiveAgent']",82,81,AgentMechanismInterface,False,False,True,17,0.36745774099836126,0.9,True,False,,,2,False,,"(5, 84, 11)",c526581f-46c0-47ae-b2e8-8466582ac8ab,0,[]
1510,failed,"['05Dec@2', '02Ind@1']","['DecentralizingAgent', 'IndDecentralizingAgent']",82,81,AgentMechanismInterface,False,False,True,17,0.2936420269543305,0.9,True,False,,,2,False,,"(5, 84, 11)",8484b5e8-47d7-4277-8da5-6ab12624dd5d,0,[]
1511,failed,"['05Dec@2', '02Ind@1']","['DecentralizingAgent', 'IndDecentralizingAgent']",82,81,AgentMechanismInterface,False,False,True,17,0.282040162011981,0.9,True,False,,,2,False,,"(5, 84, 9)",633174ad-abcc-459b-99bc-9238e1976a2d,0,"[('633174ad-abcc-459b-99bc-9238e1976a2d', (5, 84, 9))]"
1512,failed,"['00Dec@0', '02Ind@1']","['DecentralizingAgent', 'IndDecentralizingAgent']",83,82,AgentMechanismInterface,False,False,True,2,0.32083030097419396,0.15,True,False,,,2,False,,,088eed31-210e-47b5-8f74-0d429f092e17,0,[]
1513,failed,"['05Dec@2', '02Ind@1']","['DecentralizingAgent', 'IndDecentralizingAgent']",83,82,AgentMechanismInterface,False,False,True,2,0.09522003401070833,0.15,False,False,"(33, 93, 18)",,2,False,,"(33, 93, 18)",bd295c80-b5e0-4bff-a6ce-d6335c7eb3fd,0,[]
1514,failed,"['04MyA@2', '02Ind@1']","['MyAgent', 'IndDecentralizingAgent']",83,82,AgentMechanismInterface,False,False,True,2,0.28238293097820133,0.15,False,False,"(68, 93, 18)",,2,False,,"(68, 93, 18)",4c2ed2ef-f2fd-4ce9-915e-3c29489d1bcc,0,[]
1515,failed,"['00Dec@0', '03Buy@1']","['DecentralizingAgent', 'BuyCheapSellExpensiveAgent']",83,82,AgentMechanismInterface,False,False,True,17,0.4637105780420825,0.9,False,False,"(1, 88, 20)",,2,False,,"(1, 88, 20)",3917ac9e-0b90-4bed-b77f-4ee03797fb36,0,"[('3917ac9e-0b90-4bed-b77f-4ee03797fb36', (1, 88, 20))]"
1516,failed,"['02Ind@1', '01Dec@0']","['IndDecentralizingAgent', 'DecentralizingAgent']",83,82,AgentMechanismInterface,False,False,True,17,0.4957775970106013,0.9,False,False,"(3, 87, 7)",,2,False,,"(3, 87, 7)",aa7cd86b-6c68-4046-9013-64f049b972d5,0,"[('aa7cd86b-6c68-4046-9013-64f049b972d5', (3, 87, 7))]"
1517,failed,"['02Ind@1', '04MyA@2']","['IndDecentralizingAgent', 'MyAgent']",83,82,AgentMechanismInterface,False,False,True,17,0.32310767902527004,0.9,False,False,"(19, 91, 26)",,2,False,,"(19, 91, 26)",eba861ca-49da-4bf3-b6ec-422f93cdd468,0,[]
1518,failed,"['05Dec@2', '03Buy@1']","['DecentralizingAgent', 'BuyCheapSellExpensiveAgent']",83,82,AgentMechanismInterface,False,False,True,17,0.27971508499467745,0.9,False,False,"(5, 85, 9)",,2,False,,"(5, 85, 9)",0e6887c1-ac2e-4261-9be4-b9536662cca5,0,"[('0e6887c1-ac2e-4261-9be4-b9536662cca5', (5, 85, 9))]"
1519,failed,"['01Dec@0', '02Ind@1']","['DecentralizingAgent', 'IndDecentralizingAgent']",83,82,AgentMechanismInterface,False,False,True,17,0.5463878089794889,0.9,False,False,"(1, 90, 19)",,2,False,,"(1, 90, 19)",36766c18-bd9e-4b3d-a50f-4ddbda96142d,0,"[('36766c18-bd9e-4b3d-a50f-4ddbda96142d', (1, 90, 19))]"
1520,failed,"['01Dec@0', '03Buy@1']","['DecentralizingAgent', 'BuyCheapSellExpensiveAgent']",83,82,AgentMechanismInterface,False,False,True,17,0.5270201360108331,0.9,True,False,,,2,False,,"(1, 90, 18)",4c8a80f3-7f29-423c-8e99-52e2bd08f8d7,0,[]
1521,failed,"['01Dec@0', '03Buy@1']","['DecentralizingAgent', 'BuyCheapSellExpensiveAgent']",83,82,AgentMechanismInterface,False,False,True,17,0.22420163301285356,0.9,False,False,"(2, 83, 20)",,2,False,,"(2, 83, 20)",72269745-75c3-4ce4-b467-cf22f1ec1fc3,0,"[('72269745-75c3-4ce4-b467-cf22f1ec1fc3', (2, 83, 20))]"
1522,failed,"['02Ind@1', '05Dec@2']","['IndDecentralizingAgent', 'DecentralizingAgent']",83,82,AgentMechanismInterface,False,False,True,17,0.5351857419591397,0.9,False,False,"(19, 90, 28)",,2,False,,"(19, 90, 28)",53b105e8-2076-41d8-9ffc-02233dd5734d,0,[]
1523,failed,"['01Dec@0', '02Ind@1']","['DecentralizingAgent', 'IndDecentralizingAgent']",83,82,AgentMechanismInterface,False,False,True,17,0.5464106400031596,0.9,True,False,,,2,False,,"(2, 88, 18)",8f3cd84e-2fc7-4f38-851e-cd7f528d6646,0,[]
1524,failed,"['05Dec@2', '03Buy@1']","['DecentralizingAgent', 'BuyCheapSellExpensiveAgent']",83,82,AgentMechanismInterface,False,False,True,17,0.49965944298310205,0.9,False,False,"(5, 85, 10)",,2,False,,"(5, 85, 10)",3bc5e95e-ea10-4a25-8666-e0f5261ba609,0,"[('3bc5e95e-ea10-4a25-8666-e0f5261ba609', (5, 85, 10))]"
1525,failed,"['05Dec@2', '02Ind@1']","['DecentralizingAgent', 'IndDecentralizingAgent']",83,82,AgentMechanismInterface,False,False,True,17,0.5744807129958645,0.9,True,False,,,2,False,,"(5, 85, 9)",29f9eb31-f86f-4d89-b177-52bbd3fa56ba,0,"[('29f9eb31-f86f-4d89-b177-52bbd3fa56ba', (5, 85, 9))]"
1526,failed,"['05Dec@2', '02Ind@1']","['DecentralizingAgent', 'IndDecentralizingAgent']",83,82,AgentMechanismInterface,False,False,True,17,0.6025998080149293,0.9,True,False,,,2,False,,"(5, 84, 9)",9448aa07-e575-4d1b-9918-da3d86b66d88,0,"[('9448aa07-e575-4d1b-9918-da3d86b66d88', (5, 84, 9))]"
1527,failed,"['00Dec@0', '02Ind@1']","['DecentralizingAgent', 'IndDecentralizingAgent']",83,82,AgentMechanismInterface,False,False,True,17,0.6006802290212363,0.9,True,False,,,2,False,,"(1, 88, 20)",9aea24ac-f123-4386-9bb6-a200705b1933,0,"[('9aea24ac-f123-4386-9bb6-a200705b1933', (1, 88, 20))]"
1528,failed,"['04MyA@2', '03Buy@1']","['MyAgent', 'BuyCheapSellExpensiveAgent']",84,83,AgentMechanismInterface,False,False,True,2,0.33161851903423667,0.15,False,False,"(51, 94, 18)",,2,False,,"(51, 94, 18)",434acdc4-439b-4f8e-8f7c-40628b27f86c,0,"[('434acdc4-439b-4f8e-8f7c-40628b27f86c', (51, 94, 18))]"
1529,failed,"['05Dec@2', '02Ind@1']","['DecentralizingAgent', 'IndDecentralizingAgent']",84,83,AgentMechanismInterface,False,False,True,2,0.14724042802117765,0.15,True,False,,,2,False,,,0d4a1f02-cb8f-423d-9884-30d7a4c5a477,0,[]
1530,failed,"['01Dec@0', '02Ind@1']","['DecentralizingAgent', 'IndDecentralizingAgent']",84,83,AgentMechanismInterface,False,False,True,2,0.17129359900718555,0.15,False,False,"(28, 84, 13)",,2,False,,"(28, 84, 13)",8e0d9618-eeb7-4f59-a585-3e7002b9308b,0,"[('8e0d9618-eeb7-4f59-a585-3e7002b9308b', (28, 84, 13))]"
1531,failed,"['00Dec@0', '03Buy@1']","['DecentralizingAgent', 'BuyCheapSellExpensiveAgent']",84,83,AgentMechanismInterface,False,False,True,2,0.08333816297817975,0.15,True,False,,,2,False,,,829e36d8-9138-49eb-a260-f53bd30f2d43,0,[]
1532,failed,"['05Dec@2', '02Ind@1']","['DecentralizingAgent', 'IndDecentralizingAgent']",84,83,AgentMechanismInterface,False,False,True,17,0.2507504019886255,0.9,False,False,"(5, 86, 10)",,2,False,,"(5, 86, 10)",5335d37e-c65d-4971-a5e6-f01925cb340f,0,"[('5335d37e-c65d-4971-a5e6-f01925cb340f', (5, 86, 10))]"
1533,failed,"['02Ind@1', '00Dec@0']","['IndDecentralizingAgent', 'DecentralizingAgent']",84,83,AgentMechanismInterface,False,False,True,17,0.2514039159868844,0.9,False,False,"(3, 84, 7)",,2,False,,"(3, 84, 7)",e07bcf94-af64-47a1-a6f8-fc7b9389cad2,0,"[('e07bcf94-af64-47a1-a6f8-fc7b9389cad2', (3, 84, 7))]"
1534,failed,"['02Ind@1', '04MyA@2']","['IndDecentralizingAgent', 'MyAgent']",84,83,AgentMechanismInterface,False,False,True,17,0.282340892998036,0.9,False,False,"(2, 89, 27)",,2,False,,"(2, 89, 27)",d8717ee5-b2ad-488c-9d6f-2bcfd8a6fca6,0,"[('d8717ee5-b2ad-488c-9d6f-2bcfd8a6fca6', (2, 89, 27))]"
1535,failed,"['00Dec@0', '03Buy@1']","['DecentralizingAgent', 'BuyCheapSellExpensiveAgent']",84,83,AgentMechanismInterface,False,False,True,17,0.39563323400216177,0.9,False,False,"(1, 93, 19)",,2,False,,"(1, 93, 19)",72880650-8151-403d-86f4-fa7a0ab7fd1f,0,"[('72880650-8151-403d-86f4-fa7a0ab7fd1f', (1, 93, 19))]"
1536,failed,"['01Dec@0', '02Ind@1']","['DecentralizingAgent', 'IndDecentralizingAgent']",84,83,AgentMechanismInterface,False,False,True,17,0.4884508239920251,0.9,False,False,"(1, 85, 20)",,2,False,,"(1, 85, 20)",50843fcc-d9a2-4964-86ec-f8290ae1d2d5,0,"[('50843fcc-d9a2-4964-86ec-f8290ae1d2d5', (1, 85, 20))]"
1537,failed,"['05Dec@2', '02Ind@1']","['DecentralizingAgent', 'IndDecentralizingAgent']",84,83,AgentMechanismInterface,False,False,True,17,0.49711397499777377,0.9,False,False,"(5, 85, 10)",,2,False,,"(5, 85, 10)",2199d9d6-b1c5-4440-a702-119cf3cf6b45,0,"[('2199d9d6-b1c5-4440-a702-119cf3cf6b45', (5, 85, 10))]"
1538,failed,"['01Dec@0', '03Buy@1']","['DecentralizingAgent', 'BuyCheapSellExpensiveAgent']",84,83,AgentMechanismInterface,False,False,True,17,0.4588608269696124,0.9,False,False,"(11, 89, 19)",,2,False,,"(11, 89, 19)",55a19e7b-2f76-410a-b7e6-9c6b9aa8448c,0,"[('55a19e7b-2f76-410a-b7e6-9c6b9aa8448c', (11, 89, 19))]"
1539,failed,"['01Dec@0', '03Buy@1']","['DecentralizingAgent', 'BuyCheapSellExpensiveAgent']",84,83,AgentMechanismInterface,False,False,True,17,0.29050544096389785,0.9,True,False,,,2,False,,"(1, 90, 18)",d848056d-5c8f-4662-ba6c-7cced6dae7e4,0,[]
1540,failed,"['05Dec@2', '03Buy@1']","['DecentralizingAgent', 'BuyCheapSellExpensiveAgent']",84,83,AgentMechanismInterface,False,False,True,17,0.3853381489752792,0.9,False,False,"(5, 86, 9)",,2,False,,"(5, 86, 9)",c68b07b1-eec3-48df-bf78-10f5fdb37371,0,"[('c68b07b1-eec3-48df-bf78-10f5fdb37371', (5, 86, 9))]"
1541,failed,"['02Ind@1', '01Dec@0']","['IndDecentralizingAgent', 'DecentralizingAgent']",84,83,AgentMechanismInterface,False,False,True,17,0.3854614439769648,0.9,False,False,"(3, 84, 7)",,2,False,,"(3, 84, 7)",87c9c1db-06fc-4d98-8588-2cc446fcace3,0,"[('87c9c1db-06fc-4d98-8588-2cc446fcace3', (3, 84, 7))]"
1542,failed,"['01Dec@0', '02Ind@1']","['DecentralizingAgent', 'IndDecentralizingAgent']",84,83,AgentMechanismInterface,False,False,True,17,0.3275682899984531,0.9,False,False,"(11, 94, 20)",,2,False,,"(11, 94, 20)",0821b8b8-e32e-43cf-9d0c-d1621694547e,0,"[('0821b8b8-e32e-43cf-9d0c-d1621694547e', (11, 94, 20))]"
1543,failed,"['00Dec@0', '02Ind@1']","['DecentralizingAgent', 'IndDecentralizingAgent']",84,83,AgentMechanismInterface,False,False,True,17,0.3857928740326315,0.9,True,False,,,2,False,,"(1, 93, 18)",3b06e221-8ee6-4d91-8bf0-e282a119da37,0,[]
1544,failed,"['05Dec@2', '03Buy@1']","['DecentralizingAgent', 'BuyCheapSellExpensiveAgent']",84,83,AgentMechanismInterface,False,False,True,17,0.4794846210279502,0.9,False,False,"(5, 89, 10)",,2,False,,"(5, 89, 10)",cc52f328-92ff-41a1-b13a-b38e585e9843,0,"[('cc52f328-92ff-41a1-b13a-b38e585e9843', (5, 89, 10))]"
1545,failed,"['00Dec@0', '03Buy@1']","['DecentralizingAgent', 'BuyCheapSellExpensiveAgent']",84,83,AgentMechanismInterface,False,False,True,17,0.5328131639980711,0.9,False,False,"(18, 92, 20)",,2,False,,"(18, 92, 20)",1fd24b2c-b05a-4e8f-9007-ec6c3a41b2dc,0,[]
1546,failed,"['00Dec@0', '02Ind@1']","['DecentralizingAgent', 'IndDecentralizingAgent']",84,83,AgentMechanismInterface,False,False,True,17,0.40899628796614707,0.9,True,False,,,2,False,,"(18, 91, 19)",a67ccaa2-f9ea-4320-822e-41ee67b058eb,0,[]
1547,failed,"['05Dec@2', '03Buy@1']","['DecentralizingAgent', 'BuyCheapSellExpensiveAgent']",84,83,AgentMechanismInterface,False,False,True,17,0.4293325869948603,0.9,True,False,,,2,False,,"(5, 85, 9)",94b164a2-3071-40db-bf7f-65e18c740f11,0,"[('94b164a2-3071-40db-bf7f-65e18c740f11', (5, 85, 9))]"
1548,failed,"['05Dec@2', '02Ind@1']","['DecentralizingAgent', 'IndDecentralizingAgent']",84,83,AgentMechanismInterface,False,False,True,17,0.41350735898595303,0.9,True,False,,,2,False,,"(5, 86, 11)",7c6a0019-85be-4979-a019-63349fcb0db5,0,[]
1549,failed,"['05Dec@2', '03Buy@1']","['DecentralizingAgent', 'BuyCheapSellExpensiveAgent']",84,83,AgentMechanismInterface,False,False,True,17,0.3730451470473781,0.9,True,False,,,2,False,,"(5, 85, 9)",59b22e5e-a489-43ed-9e1b-f146e9654992,0,"[('59b22e5e-a489-43ed-9e1b-f146e9654992', (5, 85, 9))]"
1550,failed,"['05Dec@2', '02Ind@1']","['DecentralizingAgent', 'IndDecentralizingAgent']",84,83,AgentMechanismInterface,False,False,True,17,0.43557836598483846,0.9,True,False,,,2,False,,"(5, 88, 9)",767f21e3-6880-469e-8a8a-32870b25ac0c,0,"[('767f21e3-6880-469e-8a8a-32870b25ac0c', (5, 88, 9))]"
1551,failed,"['00Dec@0', '02Ind@1']","['DecentralizingAgent', 'IndDecentralizingAgent']",85,84,AgentMechanismInterface,False,False,True,2,0.023123700986616313,0.15,True,False,,,2,False,,,80effbd2-193f-41a8-984c-d4974fdd2be1,0,[]
1552,failed,"['05Dec@2', '03Buy@1']","['DecentralizingAgent', 'BuyCheapSellExpensiveAgent']",85,84,AgentMechanismInterface,False,False,True,2,0.2824136910494417,0.15,True,False,,,2,False,,,ea98ce49-bc4f-4d2d-97b6-e0d5754a8da6,0,[]
1553,failed,"['04MyA@2', '03Buy@1']","['MyAgent', 'BuyCheapSellExpensiveAgent']",85,84,AgentMechanismInterface,False,False,True,2,0.2607043019961566,0.15,False,False,"(68, 95, 18)",,2,False,,"(68, 95, 18)",39aa1200-7db1-4bb1-9bd0-20eb68855f6a,0,"[('39aa1200-7db1-4bb1-9bd0-20eb68855f6a', (68, 95, 18))]"
1554,failed,"['01Dec@0', '02Ind@1']","['DecentralizingAgent', 'IndDecentralizingAgent']",85,84,AgentMechanismInterface,False,False,True,2,0.13014650897821411,0.15,False,False,"(35, 85, 13)",,2,False,,"(35, 85, 13)",fc8e72d4-bab1-4da4-8a16-23013dd5198f,0,[]
1555,failed,"['01Dec@0', '03Buy@1']","['DecentralizingAgent', 'BuyCheapSellExpensiveAgent']",85,84,AgentMechanismInterface,False,False,True,17,0.30994429299607873,0.9,False,False,"(1, 90, 19)",,2,False,,"(1, 90, 19)",1779734d-1d23-4402-ab87-fdcf48ea7e09,0,"[('1779734d-1d23-4402-ab87-fdcf48ea7e09', (1, 90, 19))]"
1556,failed,"['05Dec@2', '03Buy@1']","['DecentralizingAgent', 'BuyCheapSellExpensiveAgent']",85,84,AgentMechanismInterface,False,False,True,17,0.520010560983792,0.9,False,False,"(5, 86, 9)",,2,False,,"(5, 86, 9)",ab7e4906-72dd-4c18-947a-bc45c43e5ade,0,"[('ab7e4906-72dd-4c18-947a-bc45c43e5ade', (5, 86, 9))]"
1557,failed,"['02Ind@1', '04MyA@2']","['IndDecentralizingAgent', 'MyAgent']",85,84,AgentMechanismInterface,False,False,True,17,0.333738129993435,0.9,False,False,"(2, 90, 27)",,2,False,,"(2, 90, 27)",ceee022a-5fcc-4a33-96b5-65fd18aa9208,0,"[('ceee022a-5fcc-4a33-96b5-65fd18aa9208', (2, 90, 27))]"
1558,failed,"['05Dec@2', '02Ind@1']","['DecentralizingAgent', 'IndDecentralizingAgent']",85,84,AgentMechanismInterface,False,False,True,17,0.5276267139706761,0.9,False,False,"(5, 86, 10)",,2,False,,"(5, 86, 10)",175c9799-809a-4a7f-85f5-0a21ca8737a9,0,"[('175c9799-809a-4a7f-85f5-0a21ca8737a9', (5, 86, 10))]"
1559,failed,"['05Dec@2', '02Ind@1']","['DecentralizingAgent', 'IndDecentralizingAgent']",85,84,AgentMechanismInterface,False,False,True,17,0.2707945739966817,0.9,False,False,"(5, 88, 9)",,2,False,,"(5, 88, 9)",a985c9d9-9c62-4254-b491-d4d6c552f1c1,0,"[('a985c9d9-9c62-4254-b491-d4d6c552f1c1', (5, 88, 9))]"
1560,failed,"['05Dec@2', '03Buy@1']","['DecentralizingAgent', 'BuyCheapSellExpensiveAgent']",85,84,AgentMechanismInterface,False,False,True,17,0.5989256539614871,0.9,True,False,,,2,False,,"(5, 88, 9)",9c0d70c0-2091-436d-8e36-054bb5174111,0,"[('9c0d70c0-2091-436d-8e36-054bb5174111', (5, 88, 9))]"
1561,failed,"['00Dec@0', '03Buy@1']","['DecentralizingAgent', 'BuyCheapSellExpensiveAgent']",85,84,AgentMechanismInterface,False,False,True,17,0.3102251490345225,0.9,False,False,"(18, 92, 20)",,2,False,,"(18, 92, 20)",04a9d6b3-7b67-4830-b217-11ff552b0ccb,0,[]
1562,failed,"['00Dec@0', '03Buy@1']","['DecentralizingAgent', 'BuyCheapSellExpensiveAgent']",85,84,AgentMechanismInterface,False,False,True,17,0.2963412909884937,0.9,False,False,"(1, 88, 20)",,2,False,,"(1, 88, 20)",e4c3922d-ccdf-4250-bbde-714ac5ee128c,0,"[('e4c3922d-ccdf-4250-bbde-714ac5ee128c', (1, 88, 20))]"
1563,failed,"['05Dec@2', '03Buy@1']","['DecentralizingAgent', 'BuyCheapSellExpensiveAgent']",85,84,AgentMechanismInterface,False,False,True,17,0.3383817339781672,0.9,False,False,"(5, 87, 9)",,2,False,,"(5, 87, 9)",6d4f2f97-97b7-4e2c-bfe4-c5a404ad3790,0,"[('6d4f2f97-97b7-4e2c-bfe4-c5a404ad3790', (5, 87, 9))]"
1564,failed,"['05Dec@2', '02Ind@1']","['DecentralizingAgent', 'IndDecentralizingAgent']",85,84,AgentMechanismInterface,False,False,True,17,0.3308357130154036,0.9,True,False,,,2,False,,"(5, 87, 9)",48dae497-7c53-41db-a80a-8bc6ba21db3b,0,"[('48dae497-7c53-41db-a80a-8bc6ba21db3b', (5, 87, 9))]"
1565,failed,"['01Dec@0', '02Ind@1']","['DecentralizingAgent', 'IndDecentralizingAgent']",85,84,AgentMechanismInterface,False,False,True,17,0.3418303209473379,0.9,True,False,,,2,False,,"(1, 85, 20)",d7847c49-4a43-45d5-89c4-faa37e54ee2f,0,"[('d7847c49-4a43-45d5-89c4-faa37e54ee2f', (1, 85, 20))]"
1566,failed,"['05Dec@2', '03Buy@1']","['DecentralizingAgent', 'BuyCheapSellExpensiveAgent']",85,84,AgentMechanismInterface,False,False,True,17,0.3495332199963741,0.9,False,False,"(5, 86, 9)",,2,False,,"(5, 86, 9)",a25b3567-6f04-4cec-aa1e-7ed5e90aa569,0,"[('a25b3567-6f04-4cec-aa1e-7ed5e90aa569', (5, 86, 9))]"
1567,failed,"['01Dec@0', '02Ind@1']","['DecentralizingAgent', 'IndDecentralizingAgent']",85,84,AgentMechanismInterface,False,False,True,17,0.6454803459928371,0.9,False,False,"(11, 90, 19)",,2,False,,"(11, 90, 19)",ce1745ea-65e2-4ef8-9496-c77cf50e5a5b,0,"[('ce1745ea-65e2-4ef8-9496-c77cf50e5a5b', (11, 90, 19))]"
1568,failed,"['00Dec@0', '02Ind@1']","['DecentralizingAgent', 'IndDecentralizingAgent']",85,84,AgentMechanismInterface,False,False,True,17,0.6030785529874265,0.9,False,False,"(18, 92, 20)",,2,False,,"(18, 92, 20)",f7937c0e-5381-486e-bf95-1637ff8cd92c,0,[]
1569,failed,"['05Dec@2', '02Ind@1']","['DecentralizingAgent', 'IndDecentralizingAgent']",85,84,AgentMechanismInterface,False,False,True,17,0.3690119900275022,0.9,True,False,,,2,False,,"(5, 86, 9)",e49595db-fbb7-4b15-a25d-29ed1c924eef,0,"[('e49595db-fbb7-4b15-a25d-29ed1c924eef', (5, 86, 9))]"
1570,failed,"['01Dec@0', '03Buy@1']","['DecentralizingAgent', 'BuyCheapSellExpensiveAgent']",85,84,AgentMechanismInterface,False,False,True,17,0.4319212189875543,0.9,True,False,,,2,False,,"(7, 95, 18)",dcd4bfe5-fa87-4237-aa2c-76b31404ab45,0,[]
1571,failed,"['05Dec@2', '03Buy@1']","['DecentralizingAgent', 'BuyCheapSellExpensiveAgent']",85,84,AgentMechanismInterface,False,False,True,17,0.3738625709665939,0.9,True,False,,,2,False,,"(5, 85, 11)",b3c61d05-8b4c-422e-820e-5933d4226413,0,[]
1572,failed,"['00Dec@0', '02Ind@1']","['DecentralizingAgent', 'IndDecentralizingAgent']",85,84,AgentMechanismInterface,False,False,True,17,0.3553532420191914,0.9,True,False,,,2,False,,"(1, 93, 18)",77092f06-7b27-4571-b038-9ed59b82e20d,0,[]
1573,failed,"['05Dec@2', '02Ind@1']","['DecentralizingAgent', 'IndDecentralizingAgent']",85,84,AgentMechanismInterface,False,False,True,17,0.3685749240103178,0.9,True,False,,,2,False,,"(5, 86, 9)",2acc95a4-ff9b-4d99-80ac-35f6288e7d88,0,"[('2acc95a4-ff9b-4d99-80ac-35f6288e7d88', (5, 86, 9))]"
1574,failed,"['05Dec@2', '02Ind@1']","['DecentralizingAgent', 'IndDecentralizingAgent']",86,85,AgentMechanismInterface,False,False,True,2,0.353203565988224,0.15,True,False,,,2,False,,,8df76a2c-4f49-4815-83df-402018f829ee,0,[]
1575,failed,"['04MyA@2', '02Ind@1']","['MyAgent', 'IndDecentralizingAgent']",86,85,AgentMechanismInterface,False,False,True,2,0.33421373303281143,0.15,False,False,"(68, 96, 18)",,2,False,,"(68, 96, 18)",6c15dd1e-57b1-4405-8a94-eba16a4ab696,0,"[('6c15dd1e-57b1-4405-8a94-eba16a4ab696', (68, 96, 18))]"
1576,failed,"['00Dec@0', '03Buy@1']","['DecentralizingAgent', 'BuyCheapSellExpensiveAgent']",86,85,AgentMechanismInterface,False,False,True,2,0.40160750003997236,0.15,True,False,,,2,False,,"(2, 86, 13)",cbc5be7f-1668-4bf5-ade9-993fca8bcc2f,0,[]
1577,failed,"['02Ind@1', '04MyA@2']","['IndDecentralizingAgent', 'MyAgent']",86,85,AgentMechanismInterface,False,False,True,17,0.3997896980145015,0.9,False,False,"(30, 96, 26)",,2,False,,"(30, 96, 26)",c743c4cb-b2be-4527-87e9-f349b774c457,0,[]
1578,failed,"['05Dec@2', '03Buy@1']","['DecentralizingAgent', 'BuyCheapSellExpensiveAgent']",86,85,AgentMechanismInterface,False,False,True,17,0.4438785429811105,0.9,False,False,"(5, 86, 9)",,2,False,,"(5, 86, 9)",429296ad-9032-4696-a5eb-4c2437781127,0,"[('429296ad-9032-4696-a5eb-4c2437781127', (5, 86, 9))]"
1579,failed,"['05Dec@2', '02Ind@1']","['DecentralizingAgent', 'IndDecentralizingAgent']",86,85,AgentMechanismInterface,False,False,True,17,0.2783172819763422,0.9,False,False,"(5, 86, 9)",,2,False,,"(5, 86, 9)",bfc602fb-4345-46cc-a57b-10847de4b07f,0,"[('bfc602fb-4345-46cc-a57b-10847de4b07f', (5, 86, 9))]"
1580,failed,"['00Dec@0', '02Ind@1']","['DecentralizingAgent', 'IndDecentralizingAgent']",86,85,AgentMechanismInterface,False,False,True,17,0.3147323399898596,0.9,False,False,"(13, 91, 19)",,2,False,,"(13, 91, 19)",5fb9564e-57c4-4572-9b28-4d416009b3a2,0,[]
1581,failed,"['00Dec@0', '03Buy@1']","['DecentralizingAgent', 'BuyCheapSellExpensiveAgent']",86,85,AgentMechanismInterface,False,False,True,17,0.6859320340445265,0.9,False,False,"(1, 93, 19)",,2,False,,"(1, 93, 19)",7634ca30-ed98-45b0-bb3e-85c58c717a84,0,"[('7634ca30-ed98-45b0-bb3e-85c58c717a84', (1, 93, 19))]"
1582,failed,"['05Dec@2', '02Ind@1']","['DecentralizingAgent', 'IndDecentralizingAgent']",86,85,AgentMechanismInterface,False,False,True,17,0.3068053159513511,0.9,False,False,"(5, 87, 9)",,2,False,,"(5, 87, 9)",7f615bf4-d673-4345-a5e5-6ff12b5f45d7,0,"[('7f615bf4-d673-4345-a5e5-6ff12b5f45d7', (5, 87, 9))]"
1583,failed,"['01Dec@0', '02Ind@1']","['DecentralizingAgent', 'IndDecentralizingAgent']",86,85,AgentMechanismInterface,False,False,True,17,0.29951223405078053,0.9,False,False,"(11, 95, 20)",,2,False,,"(11, 95, 20)",71114a1e-c7a1-4d4d-9ca4-7624e850bbff,0,"[('71114a1e-c7a1-4d4d-9ca4-7624e850bbff', (11, 95, 20))]"
1584,failed,"['02Ind@1', '00Dec@0']","['IndDecentralizingAgent', 'DecentralizingAgent']",86,85,AgentMechanismInterface,False,False,True,17,0.6508789749932475,0.9,False,False,"(3, 86, 7)",,2,False,,"(3, 86, 7)",60518f29-0fe7-44b9-84b9-2e247f887475,0,"[('60518f29-0fe7-44b9-84b9-2e247f887475', (3, 86, 7))]"
1585,failed,"['01Dec@0', '03Buy@1']","['DecentralizingAgent', 'BuyCheapSellExpensiveAgent']",86,85,AgentMechanismInterface,False,False,True,17,0.44121167197590694,0.9,True,False,,,2,False,,"(7, 95, 18)",1f92c0c4-ba6c-4a8a-8c58-a85a9615173b,0,[]
1586,failed,"['05Dec@2', '02Ind@1']","['DecentralizingAgent', 'IndDecentralizingAgent']",86,85,AgentMechanismInterface,False,False,True,17,0.4473473969846964,0.9,True,False,,,2,False,,"(5, 86, 9)",ac28fcd8-d81f-4aae-a05e-a487ffb3c0ed,0,"[('ac28fcd8-d81f-4aae-a05e-a487ffb3c0ed', (5, 86, 9))]"
1587,failed,"['05Dec@2', '02Ind@1']","['DecentralizingAgent', 'IndDecentralizingAgent']",86,85,AgentMechanismInterface,False,False,True,17,0.6269966109539382,0.9,False,False,"(5, 89, 9)",,2,False,,"(5, 89, 9)",1153763c-e8a9-4dce-a404-97747253f18b,0,"[('1153763c-e8a9-4dce-a404-97747253f18b', (5, 89, 9))]"
1588,failed,"['05Dec@2', '03Buy@1']","['DecentralizingAgent', 'BuyCheapSellExpensiveAgent']",86,85,AgentMechanismInterface,False,False,True,17,0.4673737770062871,0.9,True,False,,,2,False,,"(5, 87, 11)",428acde8-5524-40d1-99c3-b60ad3faaf8b,0,[]
1589,failed,"['00Dec@0', '03Buy@1']","['DecentralizingAgent', 'BuyCheapSellExpensiveAgent']",86,85,AgentMechanismInterface,False,False,True,17,0.6610704479971901,0.9,False,False,"(13, 96, 20)",,2,False,,"(13, 96, 20)",874d6fe1-7ae5-4079-b178-07b7e6bd0e92,0,[]
1590,failed,"['00Dec@0', '02Ind@1']","['DecentralizingAgent', 'IndDecentralizingAgent']",86,85,AgentMechanismInterface,False,False,True,17,0.47214314102893695,0.9,True,False,,,2,False,,"(1, 88, 20)",45bf436b-f975-4eea-9748-6b1ed6870b55,0,"[('45bf436b-f975-4eea-9748-6b1ed6870b55', (1, 88, 20))]"
1591,failed,"['05Dec@2', '03Buy@1']","['DecentralizingAgent', 'BuyCheapSellExpensiveAgent']",86,85,AgentMechanismInterface,False,False,True,17,0.7398170070373453,0.9,True,False,,,2,False,,"(5, 89, 9)",dd07c0ca-7bd6-4639-a0f3-741fc4030b11,0,"[('dd07c0ca-7bd6-4639-a0f3-741fc4030b11', (5, 89, 9))]"
1592,failed,"['02Ind@1', '01Dec@0']","['IndDecentralizingAgent', 'DecentralizingAgent']",86,85,AgentMechanismInterface,False,False,True,17,0.5104439889546484,0.9,False,False,"(3, 90, 7)",,2,False,,"(3, 90, 7)",930fdeb6-e6dd-4d96-a80e-574264dd25a9,0,"[('930fdeb6-e6dd-4d96-a80e-574264dd25a9', (3, 90, 7))]"
1593,failed,"['05Dec@2', '02Ind@1']","['DecentralizingAgent', 'IndDecentralizingAgent']",86,85,AgentMechanismInterface,False,False,True,17,0.39243265497498214,0.9,False,False,"(5, 88, 9)",,2,False,,"(5, 88, 9)",163d20c7-aed3-4a78-a9ad-5db1247f1970,0,"[('163d20c7-aed3-4a78-a9ad-5db1247f1970', (5, 88, 9))]"
1594,failed,"['05Dec@2', '03Buy@1']","['DecentralizingAgent', 'BuyCheapSellExpensiveAgent']",86,85,AgentMechanismInterface,False,False,True,17,0.35386067698709667,0.9,True,False,,,2,False,,"(5, 86, 9)",ad7d3495-a459-45f0-bbbe-084f1e2f049a,0,"[('ad7d3495-a459-45f0-bbbe-084f1e2f049a', (5, 86, 9))]"
1595,failed,"['05Dec@2', '03Buy@1']","['DecentralizingAgent', 'BuyCheapSellExpensiveAgent']",86,85,AgentMechanismInterface,False,False,True,17,0.37984450900694355,0.9,True,False,,,2,False,,"(5, 88, 9)",e61622c7-21c7-43a9-97a5-d4fbeddd0dfd,0,"[('e61622c7-21c7-43a9-97a5-d4fbeddd0dfd', (5, 88, 9))]"
1596,failed,"['01Dec@0', '02Ind@1']","['DecentralizingAgent', 'IndDecentralizingAgent']",86,85,AgentMechanismInterface,False,False,True,17,0.7477094290079549,0.9,False,False,"(17, 95, 20)",,2,False,,"(17, 95, 20)",37c1f35d-02c3-40db-ae8b-18e1d4b98166,0,[]
1597,failed,"['01Dec@0', '03Buy@1']","['DecentralizingAgent', 'BuyCheapSellExpensiveAgent']",86,85,AgentMechanismInterface,False,False,True,17,0.3812821269966662,0.9,True,False,,,2,False,,"(17, 92, 19)",d16ce1ef-adfb-4f4b-b54c-c07e5eca8c80,0,[]
1598,failed,"['01Dec@0', '03Buy@1']","['DecentralizingAgent', 'BuyCheapSellExpensiveAgent']",87,86,AgentMechanismInterface,False,False,True,2,0.22802599897840992,0.15,False,False,"(24, 87, 13)",,2,False,,"(24, 87, 13)",f9698481-9c7a-4d77-911c-9a632f61165a,0,[]
1599,failed,"['05Dec@2', '02Ind@1']","['DecentralizingAgent', 'IndDecentralizingAgent']",87,86,AgentMechanismInterface,False,False,True,2,0.03843465499812737,0.15,True,False,,,2,False,,,d1b01dd9-7066-4d9d-b2ee-7cbc07bdf101,0,[]
1600,failed,"['04MyA@2', '03Buy@1']","['MyAgent', 'BuyCheapSellExpensiveAgent']",87,86,AgentMechanismInterface,False,False,True,2,0.22806279500946403,0.15,False,False,"(40, 97, 18)",,2,False,,"(40, 97, 18)",70a1441b-d6d3-48c0-8d61-2ff56958b259,0,"[('70a1441b-d6d3-48c0-8d61-2ff56958b259', (40, 97, 18))]"
1601,failed,"['00Dec@0', '03Buy@1']","['DecentralizingAgent', 'BuyCheapSellExpensiveAgent']",87,86,AgentMechanismInterface,False,False,True,2,0.05702182900859043,0.15,True,False,,,2,False,,"(2, 87, 13)",07d51fd4-80bc-4866-b830-a5d1dc024484,0,[]
1602,failed,"['00Dec@0', '02Ind@1']","['DecentralizingAgent', 'IndDecentralizingAgent']",87,86,AgentMechanismInterface,False,False,True,2,0.3382486380287446,0.15,False,False,"(33, 87, 13)",,2,False,,"(33, 87, 13)",1c5adac8-42f7-4fa0-ab01-41127a917082,0,[]
1603,failed,"['00Dec@0', '03Buy@1']","['DecentralizingAgent', 'BuyCheapSellExpensiveAgent']",87,86,AgentMechanismInterface,False,False,True,17,0.45621750596910715,0.9,False,False,"(1, 93, 19)",,2,False,,"(1, 93, 19)",d1d9868c-3c88-4f1b-a0c2-d1a1ed64e968,0,"[('d1d9868c-3c88-4f1b-a0c2-d1a1ed64e968', (1, 93, 19))]"
1604,failed,"['05Dec@2', '03Buy@1']","['DecentralizingAgent', 'BuyCheapSellExpensiveAgent']",87,86,AgentMechanismInterface,False,False,True,17,0.48774316703202203,0.9,False,False,"(3, 90, 9)",,2,False,,"(3, 90, 9)",9e29dc51-3b3b-40d1-9cbd-1edf08c1b614,0,"[('9e29dc51-3b3b-40d1-9cbd-1edf08c1b614', (3, 90, 9))]"
1605,failed,"['05Dec@2', '03Buy@1']","['DecentralizingAgent', 'BuyCheapSellExpensiveAgent']",87,86,AgentMechanismInterface,False,False,True,17,0.4711589129874483,0.9,False,False,"(5, 88, 9)",,2,False,,"(5, 88, 9)",3ab7898d-e861-4aaa-9cfc-77e5ffc9eb10,0,"[('3ab7898d-e861-4aaa-9cfc-77e5ffc9eb10', (5, 88, 9))]"
1606,failed,"['00Dec@0', '02Ind@1']","['DecentralizingAgent', 'IndDecentralizingAgent']",87,86,AgentMechanismInterface,False,False,True,17,0.5540434250142425,0.9,True,False,,,2,False,,"(1, 93, 18)",b686fe51-5b2d-4d21-b54e-509d794dede7,0,[]
1607,failed,"['05Dec@2', '02Ind@1']","['DecentralizingAgent', 'IndDecentralizingAgent']",87,86,AgentMechanismInterface,False,False,True,17,0.4936047299997881,0.9,False,False,"(5, 88, 9)",,2,False,,"(5, 88, 9)",acdc120e-1ea1-4b1b-b949-391c19471286,0,"[('acdc120e-1ea1-4b1b-b949-391c19471286', (5, 88, 9))]"
1608,failed,"['05Dec@2', '03Buy@1']","['DecentralizingAgent', 'BuyCheapSellExpensiveAgent']",87,86,AgentMechanismInterface,False,False,True,17,0.47451780195115134,0.9,False,False,"(5, 90, 9)",,2,False,,"(5, 90, 9)",b80ae2da-5145-412d-947e-42017973cb23,0,"[('b80ae2da-5145-412d-947e-42017973cb23', (5, 90, 9))]"
1609,failed,"['05Dec@2', '03Buy@1']","['DecentralizingAgent', 'BuyCheapSellExpensiveAgent']",87,86,AgentMechanismInterface,False,False,True,17,0.2972627450362779,0.9,True,False,,,2,False,,"(5, 88, 9)",46f50c66-1e5e-4fa0-a833-0a94d1a67bb8,0,"[('46f50c66-1e5e-4fa0-a833-0a94d1a67bb8', (5, 88, 9))]"
1610,failed,"['01Dec@0', '02Ind@1']","['DecentralizingAgent', 'IndDecentralizingAgent']",87,86,AgentMechanismInterface,False,False,True,17,0.566781928006094,0.9,False,False,"(17, 92, 19)",,2,False,,"(17, 92, 19)",bcc450a2-a2a5-4666-91a1-5fdf49fe4e1a,0,[]
1611,failed,"['05Dec@2', '02Ind@1']","['DecentralizingAgent', 'IndDecentralizingAgent']",87,86,AgentMechanismInterface,False,False,True,17,0.5017966640298255,0.9,True,False,,,2,False,,"(3, 90, 9)",cf0e2b2e-5ec4-46dc-a55d-625b7451ccb2,0,"[('cf0e2b2e-5ec4-46dc-a55d-625b7451ccb2', (3, 90, 9))]"
1612,failed,"['01Dec@0', '02Ind@1']","['DecentralizingAgent', 'IndDecentralizingAgent']",87,86,AgentMechanismInterface,False,False,True,17,0.5237951040035114,0.9,False,False,"(2, 92, 20)",,2,False,,"(2, 92, 20)",e7e2fd01-d3a4-4db9-b94f-5cea2ff863a4,0,"[('e7e2fd01-d3a4-4db9-b94f-5cea2ff863a4', (2, 92, 20))]"
1613,failed,"['05Dec@2', '02Ind@1']","['DecentralizingAgent', 'IndDecentralizingAgent']",87,86,AgentMechanismInterface,False,False,True,17,0.4985056529985741,0.9,True,False,,,2,False,,"(5, 90, 9)",8622f75a-aadc-4def-b228-ada41505f4b3,0,"[('8622f75a-aadc-4def-b228-ada41505f4b3', (5, 90, 9))]"
1614,failed,"['01Dec@0', '03Buy@1']","['DecentralizingAgent', 'BuyCheapSellExpensiveAgent']",87,86,AgentMechanismInterface,False,False,True,17,0.5123580529470928,0.9,True,False,,,2,False,,"(17, 92, 19)",526c44aa-8f1e-46bb-bb22-bde9006376d5,0,[]
1615,failed,"['01Dec@0', '03Buy@1']","['DecentralizingAgent', 'BuyCheapSellExpensiveAgent']",87,86,AgentMechanismInterface,False,False,True,17,0.5599830949795432,0.9,True,False,,,2,False,,"(2, 97, 18)",02a5c600-85dd-4d42-9898-ca04392b2cb6,0,[]
1616,failed,"['02Ind@1', '04MyA@2']","['IndDecentralizingAgent', 'MyAgent']",87,86,AgentMechanismInterface,False,False,True,17,0.3900416939868592,0.9,False,False,"(16, 93, 26)",,2,False,,"(16, 93, 26)",6ae148f1-13d9-49fd-a315-b6f4f0bb2ef0,0,[]
1617,failed,"['02Ind@1', '00Dec@0']","['IndDecentralizingAgent', 'DecentralizingAgent']",87,86,AgentMechanismInterface,False,False,True,17,0.42690013599349186,0.9,False,False,"(18, 87, 8)",,2,False,,"(18, 87, 8)",b30c9bb3-94dc-41ea-9a80-7ea5c737f908,0,[]
1618,failed,"['05Dec@2', '02Ind@1']","['DecentralizingAgent', 'IndDecentralizingAgent']",87,86,AgentMechanismInterface,False,False,True,17,0.36467401398113,0.9,True,False,,,2,False,,"(5, 88, 11)",3486e6a1-112a-4827-894d-63df53615c3a,0,[]
1619,failed,"['02Ind@1', '01Dec@0']","['IndDecentralizingAgent', 'DecentralizingAgent']",87,86,AgentMechanismInterface,False,False,True,17,0.4734456979786046,0.9,False,False,"(18, 87, 8)",,2,False,,"(18, 87, 8)",78f6963b-161b-442d-9637-f1b36745dde1,0,[]
1620,failed,"['05Dec@2', '03Buy@1']","['DecentralizingAgent', 'BuyCheapSellExpensiveAgent']",88,87,AgentMechanismInterface,False,False,True,2,0.31729348498629406,0.15,True,False,,,2,False,,"(14, 94, 18)",d0b31aa8-1448-4488-804b-1382bb3c61a8,0,[]
1621,failed,"['04MyA@2', '03Buy@1']","['MyAgent', 'BuyCheapSellExpensiveAgent']",88,87,AgentMechanismInterface,False,False,True,2,0.30261914402944967,0.15,False,False,"(54, 98, 18)",,2,False,,"(54, 98, 18)",34c78fb0-169c-4eaa-9f08-264588a7e184,0,[]
1622,failed,"['00Dec@0', '02Ind@1']","['DecentralizingAgent', 'IndDecentralizingAgent']",88,87,AgentMechanismInterface,False,False,True,2,0.11780913599068299,0.15,True,False,,,2,False,,,1e79e77d-d3ba-4487-9e9d-b8625a24244b,0,[]
1623,failed,"['01Dec@0', '02Ind@1']","['DecentralizingAgent', 'IndDecentralizingAgent']",88,87,AgentMechanismInterface,False,False,True,2,0.04584360105218366,0.15,True,False,,,2,False,,,e1b4f3f4-cd7b-4168-9849-cec48d63dd0f,0,[]
1624,failed,"['02Ind@1', '00Dec@0']","['IndDecentralizingAgent', 'DecentralizingAgent']",88,87,AgentMechanismInterface,False,False,True,17,0.3853515019873157,0.9,False,False,"(3, 92, 7)",,2,False,,"(3, 92, 7)",b9c4ef97-995e-46ec-9c64-1a4293ee0c6a,0,"[('b9c4ef97-995e-46ec-9c64-1a4293ee0c6a', (3, 92, 7))]"
1625,failed,"['02Ind@1', '04MyA@2']","['IndDecentralizingAgent', 'MyAgent']",88,87,AgentMechanismInterface,False,False,True,17,0.3846313340472989,0.9,False,False,"(1, 98, 27)",,2,False,,"(1, 98, 27)",b02d9dac-cfec-4b4c-b6d8-36ceba3f3d0a,0,"[('b02d9dac-cfec-4b4c-b6d8-36ceba3f3d0a', (1, 98, 27))]"
1626,failed,"['05Dec@2', '02Ind@1']","['DecentralizingAgent', 'IndDecentralizingAgent']",88,87,AgentMechanismInterface,False,False,True,17,0.34048353001708165,0.9,False,False,"(5, 90, 9)",,2,False,,"(5, 90, 9)",d55d7b3d-70f2-4643-961a-37bd09b4f811,0,"[('d55d7b3d-70f2-4643-961a-37bd09b4f811', (5, 90, 9))]"
1627,failed,"['01Dec@0', '02Ind@1']","['DecentralizingAgent', 'IndDecentralizingAgent']",88,87,AgentMechanismInterface,False,False,True,17,0.3689232490141876,0.9,False,False,"(15, 97, 20)",,2,False,,"(15, 97, 20)",1da60f6b-11c9-4583-8ea0-105646f0f647,0,[]
1628,failed,"['01Dec@0', '03Buy@1']","['DecentralizingAgent', 'BuyCheapSellExpensiveAgent']",88,87,AgentMechanismInterface,False,False,True,17,0.3375579509884119,0.9,False,False,"(17, 95, 20)",,2,False,,"(17, 95, 20)",bd182158-ea03-4c1d-8b7e-f15dd7a6f391,0,[]
1629,failed,"['05Dec@2', '03Buy@1']","['DecentralizingAgent', 'BuyCheapSellExpensiveAgent']",88,87,AgentMechanismInterface,False,False,True,17,0.3245759870042093,0.9,False,False,"(3, 90, 9)",,2,False,,"(3, 90, 9)",9757e1e6-30f8-4d42-aaea-cdd51cd1c312,0,"[('9757e1e6-30f8-4d42-aaea-cdd51cd1c312', (3, 90, 9))]"
1630,failed,"['00Dec@0', '03Buy@1']","['DecentralizingAgent', 'BuyCheapSellExpensiveAgent']",88,87,AgentMechanismInterface,False,False,True,17,0.36004539602436125,0.9,False,False,"(1, 88, 20)",,2,False,,"(1, 88, 20)",174a06b3-e116-42ef-93ad-5fb21b5756a2,0,"[('174a06b3-e116-42ef-93ad-5fb21b5756a2', (1, 88, 20))]"
1631,failed,"['01Dec@0', '03Buy@1']","['DecentralizingAgent', 'BuyCheapSellExpensiveAgent']",88,87,AgentMechanismInterface,False,False,True,17,0.4868106950307265,0.9,True,False,,,2,False,,"(15, 94, 19)",cfaef41f-a63a-4940-80e4-9abd8cfbe8fc,0,[]
1632,failed,"['05Dec@2', '02Ind@1']","['DecentralizingAgent', 'IndDecentralizingAgent']",88,87,AgentMechanismInterface,False,False,True,17,0.34272075298940763,0.9,False,False,"(5, 88, 9)",,2,False,,"(5, 88, 9)",f6e56f51-496c-4503-9f6b-4055946fec83,0,"[('f6e56f51-496c-4503-9f6b-4055946fec83', (5, 88, 9))]"
1633,failed,"['01Dec@0', '02Ind@1']","['DecentralizingAgent', 'IndDecentralizingAgent']",88,87,AgentMechanismInterface,False,False,True,17,0.47562433703569695,0.9,True,False,,,2,False,,"(17, 92, 19)",f737ddc2-b8b1-48c9-91df-f007fe55c0b3,0,[]
1634,failed,"['00Dec@0', '03Buy@1']","['DecentralizingAgent', 'BuyCheapSellExpensiveAgent']",88,87,AgentMechanismInterface,False,False,True,17,0.5224727949826047,0.9,False,False,"(11, 93, 19)",,2,False,,"(11, 93, 19)",3637d96c-ea23-4fb4-a9bf-ba89d65684e1,0,"[('3637d96c-ea23-4fb4-a9bf-ba89d65684e1', (11, 93, 19))]"
1635,failed,"['05Dec@2', '03Buy@1']","['DecentralizingAgent', 'BuyCheapSellExpensiveAgent']",88,87,AgentMechanismInterface,False,False,True,17,0.4415004189941101,0.9,True,False,,,2,False,,"(5, 90, 11)",617be693-d336-4e15-894c-a2453aee825d,0,[]
1636,failed,"['05Dec@2', '03Buy@1']","['DecentralizingAgent', 'BuyCheapSellExpensiveAgent']",88,87,AgentMechanismInterface,False,False,True,17,0.6628227579640225,0.9,False,False,"(5, 89, 9)",,2,False,,"(5, 89, 9)",c82f1d80-863b-44a6-868c-6b30b2f13b4f,0,"[('c82f1d80-863b-44a6-868c-6b30b2f13b4f', (5, 89, 9))]"
1637,failed,"['05Dec@2', '02Ind@1']","['DecentralizingAgent', 'IndDecentralizingAgent']",88,87,AgentMechanismInterface,False,False,True,17,0.37470524199306965,0.9,True,False,,,2,False,,"(3, 90, 11)",0cab23ad-59a4-45e4-93b9-3df62bf24441,0,[]
1638,failed,"['05Dec@2', '02Ind@1']","['DecentralizingAgent', 'IndDecentralizingAgent']",88,87,AgentMechanismInterface,False,False,True,17,0.3826853909995407,0.9,True,False,,,2,False,,"(5, 89, 9)",8e351a70-af1f-4053-9c95-00553dc6f21b,0,"[('8e351a70-af1f-4053-9c95-00553dc6f21b', (5, 89, 9))]"
1639,failed,"['05Dec@2', '03Buy@1']","['DecentralizingAgent', 'BuyCheapSellExpensiveAgent']",88,87,AgentMechanismInterface,False,False,True,17,0.3920443670358509,0.9,True,False,,,2,False,,"(5, 88, 9)",6b4f5fca-c29f-4c0b-b1ad-4a916126323c,0,"[('6b4f5fca-c29f-4c0b-b1ad-4a916126323c', (5, 88, 9))]"
1640,failed,"['02Ind@1', '01Dec@0']","['IndDecentralizingAgent', 'DecentralizingAgent']",88,87,AgentMechanismInterface,False,False,True,17,0.4441883339895867,0.9,False,False,"(3, 88, 7)",,2,False,,"(3, 88, 7)",eb88e0df-bfd6-45bd-a06f-2fa58bf6969a,0,"[('eb88e0df-bfd6-45bd-a06f-2fa58bf6969a', (3, 88, 7))]"
1641,failed,"['02Ind@1', '05Dec@2']","['IndDecentralizingAgent', 'DecentralizingAgent']",88,87,AgentMechanismInterface,False,False,True,17,0.49460131500381976,0.9,False,False,"(1, 98, 27)",,2,False,,"(1, 98, 27)",2371e8b4-f1b2-4558-84aa-536e034f0a61,0,"[('2371e8b4-f1b2-4558-84aa-536e034f0a61', (1, 98, 27))]"
1642,failed,"['00Dec@0', '02Ind@1']","['DecentralizingAgent', 'IndDecentralizingAgent']",88,87,AgentMechanismInterface,False,False,True,17,0.49419900600332767,0.9,True,False,,,2,False,,"(1, 88, 20)",42590a6a-aeac-4e5f-acd9-91d51d7f866e,0,"[('42590a6a-aeac-4e5f-acd9-91d51d7f866e', (1, 88, 20))]"
1643,failed,"['01Dec@0', '02Ind@1']","['DecentralizingAgent', 'IndDecentralizingAgent']",88,87,AgentMechanismInterface,False,False,True,17,0.4086427360307425,0.9,False,False,"(2, 97, 19)",,2,False,,"(2, 97, 19)",89ff76b3-8709-4981-a706-8ad59486e66a,0,"[('89ff76b3-8709-4981-a706-8ad59486e66a', (2, 97, 19))]"
1644,failed,"['01Dec@0', '03Buy@1']","['DecentralizingAgent', 'BuyCheapSellExpensiveAgent']",88,87,AgentMechanismInterface,False,False,True,17,0.4524431810132228,0.9,True,False,,,2,False,,"(2, 92, 20)",3acc3731-2bf4-4c2c-a282-a9a206433e51,0,"[('3acc3731-2bf4-4c2c-a282-a9a206433e51', (2, 92, 20))]"
1645,failed,"['00Dec@0', '02Ind@1']","['DecentralizingAgent', 'IndDecentralizingAgent']",88,87,AgentMechanismInterface,False,False,True,17,0.7309238789603114,0.9,False,False,"(11, 98, 20)",,2,False,,"(11, 98, 20)",fad4a272-aa3e-48e6-86d2-940768461e7b,0,"[('fad4a272-aa3e-48e6-86d2-940768461e7b', (11, 98, 20))]"
1646,failed,"['01Dec@0', '02Ind@1']","['DecentralizingAgent', 'IndDecentralizingAgent']",89,88,AgentMechanismInterface,False,False,True,2,0.355738524987828,0.15,True,False,,,2,False,,,b42341fd-58d3-4f1d-b5a1-6657fe6859d5,0,[]
1647,failed,"['05Dec@2', '03Buy@1']","['DecentralizingAgent', 'BuyCheapSellExpensiveAgent']",89,88,AgentMechanismInterface,False,False,True,2,0.3267466619727202,0.15,True,False,,,2,False,,"(14, 94, 18)",077cb998-a080-470a-9c0f-cdc664a6798e,0,[]
1648,failed,"['00Dec@0', '03Buy@1']","['DecentralizingAgent', 'BuyCheapSellExpensiveAgent']",89,88,AgentMechanismInterface,False,False,True,2,0.26094134902814403,0.15,False,False,"(24, 89, 13)",,2,False,,"(24, 89, 13)",39bf4da5-ddb0-46d4-acc0-85118135f0a4,0,[]
1649,failed,"['05Dec@2', '03Buy@1']","['DecentralizingAgent', 'BuyCheapSellExpensiveAgent']",89,88,AgentMechanismInterface,False,False,True,2,0.11187741602770984,0.15,True,False,,,2,False,,"(1, 99, 18)",02a2f75b-e55e-4500-ae0d-9f8085f39af1,0,[]
1650,failed,"['04MyA@2', '03Buy@1']","['MyAgent', 'BuyCheapSellExpensiveAgent']",89,88,AgentMechanismInterface,False,False,True,2,0.24756937398342416,0.15,False,False,"(69, 99, 18)",,2,False,,"(69, 99, 18)",0ab9d69b-fca6-47d2-b919-890ac7e37b82,0,[]
1651,failed,"['01Dec@0', '03Buy@1']","['DecentralizingAgent', 'BuyCheapSellExpensiveAgent']",89,88,AgentMechanismInterface,False,False,True,2,0.30153864301973954,0.15,False,False,"(10, 89, 13)",,2,False,,"(10, 89, 13)",e1819f07-3a7b-42ce-9299-f7f878e99f7e,0,[]
1652,failed,"['05Dec@2', '03Buy@1']","['DecentralizingAgent', 'BuyCheapSellExpensiveAgent']",89,88,AgentMechanismInterface,False,False,True,17,0.2114208840066567,0.9,False,False,"(5, 91, 9)",,2,False,,"(5, 91, 9)",d4f2381b-4ee8-4f9a-9ba2-58957695bd66,0,"[('d4f2381b-4ee8-4f9a-9ba2-58957695bd66', (5, 91, 9))]"
1653,failed,"['05Dec@2', '03Buy@1']","['DecentralizingAgent', 'BuyCheapSellExpensiveAgent']",89,88,AgentMechanismInterface,False,False,True,17,0.25305354298325256,0.9,False,False,"(5, 89, 9)",,2,False,,"(5, 89, 9)",39557dd4-5e87-4aca-b970-9960c063f9cf,0,"[('39557dd4-5e87-4aca-b970-9960c063f9cf', (5, 89, 9))]"
1654,failed,"['01Dec@0', '02Ind@1']","['DecentralizingAgent', 'IndDecentralizingAgent']",89,88,AgentMechanismInterface,False,False,True,17,0.267778544977773,0.9,False,False,"(15, 94, 19)",,2,False,,"(15, 94, 19)",4022cfc8-d95c-4b0c-9134-c5a26a650b5d,0,[]
1655,failed,"['05Dec@2', '02Ind@1']","['DecentralizingAgent', 'IndDecentralizingAgent']",89,88,AgentMechanismInterface,False,False,True,17,0.26094202301464975,0.9,True,False,,,2,False,,"(5, 89, 9)",d4154acd-1302-4241-88ce-3005d7892d71,0,"[('d4154acd-1302-4241-88ce-3005d7892d71', (5, 89, 9))]"
1656,failed,"['01Dec@0', '03Buy@1']","['DecentralizingAgent', 'BuyCheapSellExpensiveAgent']",89,88,AgentMechanismInterface,False,False,True,17,0.5994265049812384,0.9,False,False,"(15, 97, 20)",,2,False,,"(15, 97, 20)",e9802818-00fb-45b5-9fe6-a66cc7195d88,0,[]
1657,failed,"['05Dec@2', '02Ind@1']","['DecentralizingAgent', 'IndDecentralizingAgent']",89,88,AgentMechanismInterface,False,False,True,17,0.5082028320175596,0.9,True,False,,,2,False,,"(5, 91, 11)",88684257-3627-4797-9b01-3f9fcf4ce761,0,[]
1658,failed,"['01Dec@0', '02Ind@1']","['DecentralizingAgent', 'IndDecentralizingAgent']",89,88,AgentMechanismInterface,False,False,True,17,0.5712595999939367,0.9,False,False,"(17, 92, 19)",,2,False,,"(17, 92, 19)",71ee1703-8393-4e03-a7e9-15082b8bb17d,0,[]
1659,failed,"['01Dec@0', '02Ind@1']","['DecentralizingAgent', 'IndDecentralizingAgent']",89,88,AgentMechanismInterface,False,False,True,17,0.2504796190187335,0.9,False,False,"(7, 96, 19)",,2,False,,"(7, 96, 19)",1763a9cc-0327-4902-92b9-1a9732d15600,0,"[('1763a9cc-0327-4902-92b9-1a9732d15600', (7, 96, 19))]"
1660,failed,"['05Dec@2', '02Ind@1']","['DecentralizingAgent', 'IndDecentralizingAgent']",89,88,AgentMechanismInterface,False,False,True,17,0.529729224042967,0.9,False,False,"(3, 89, 10)",,2,False,,"(3, 89, 10)",6409126b-6fa2-4929-885b-5c150e362741,0,"[('6409126b-6fa2-4929-885b-5c150e362741', (3, 89, 10))]"
1661,failed,"['00Dec@0', '02Ind@1']","['DecentralizingAgent', 'IndDecentralizingAgent']",89,88,AgentMechanismInterface,False,False,True,17,0.2986272439593449,0.9,False,False,"(11, 94, 19)",,2,False,,"(11, 94, 19)",09d42941-5bf4-403e-a2f3-c3c3aaf29d5a,0,"[('09d42941-5bf4-403e-a2f3-c3c3aaf29d5a', (11, 94, 19))]"
1662,failed,"['01Dec@0', '03Buy@1']","['DecentralizingAgent', 'BuyCheapSellExpensiveAgent']",89,88,AgentMechanismInterface,False,False,True,17,0.2575971549958922,0.9,True,False,,,2,False,,"(5, 99, 18)",087e10bc-0382-4b23-96f9-8d7fe5c80bc0,0,[]
1663,failed,"['05Dec@2', '03Buy@1']","['DecentralizingAgent', 'BuyCheapSellExpensiveAgent']",89,88,AgentMechanismInterface,False,False,True,17,0.3273652189527638,0.9,True,False,,,2,False,,"(3, 90, 11)",b5acdd8d-5539-4844-b004-3cc74993363e,0,[]
1664,failed,"['05Dec@2', '02Ind@1']","['DecentralizingAgent', 'IndDecentralizingAgent']",89,88,AgentMechanismInterface,False,False,True,17,0.33366795803885907,0.9,True,False,,,2,False,,"(5, 91, 9)",68e97894-c42f-4e7e-8c6d-325a4f3d7c64,0,"[('68e97894-c42f-4e7e-8c6d-325a4f3d7c64', (5, 91, 9))]"
1665,failed,"['00Dec@0', '03Buy@1']","['DecentralizingAgent', 'BuyCheapSellExpensiveAgent']",89,88,AgentMechanismInterface,False,False,True,17,0.5284786249976605,0.9,False,False,"(11, 94, 19)",,2,False,,"(11, 94, 19)",4a64ff12-be47-4ea9-a945-b734263a0302,0,"[('4a64ff12-be47-4ea9-a945-b734263a0302', (11, 94, 19))]"
1666,failed,"['02Ind@1', '05Dec@2']","['IndDecentralizingAgent', 'DecentralizingAgent']",89,88,AgentMechanismInterface,False,False,True,17,0.3229508749791421,0.9,False,False,"(2, 94, 27)",,2,False,,"(2, 94, 27)",991defb6-c502-480f-be04-798103d3004c,0,"[('991defb6-c502-480f-be04-798103d3004c', (2, 94, 27))]"
1667,failed,"['02Ind@1', '04MyA@2']","['IndDecentralizingAgent', 'MyAgent']",89,88,AgentMechanismInterface,False,False,True,17,0.6292729920241982,0.9,False,False,"(2, 99, 27)",,2,False,,"(2, 99, 27)",f4dd55a1-8ef4-49ad-bfac-935285446a0a,0,"[('f4dd55a1-8ef4-49ad-bfac-935285446a0a', (2, 99, 27))]"
1668,failed,"['05Dec@2', '03Buy@1']","['DecentralizingAgent', 'BuyCheapSellExpensiveAgent']",89,88,AgentMechanismInterface,False,False,True,17,0.5778158819884993,0.9,True,False,,,2,False,,"(5, 91, 9)",51ff10af-9454-44a5-9122-8a85f992909f,0,"[('51ff10af-9454-44a5-9122-8a85f992909f', (5, 91, 9))]"
1669,failed,"['01Dec@0', '03Buy@1']","['DecentralizingAgent', 'BuyCheapSellExpensiveAgent']",89,88,AgentMechanismInterface,False,False,True,17,0.4361320050084032,0.9,False,False,"(17, 95, 20)",,2,False,,"(17, 95, 20)",6e9a8d31-80b7-4c09-ab72-3bf83f077791,0,[]
1670,failed,"['05Dec@2', '03Buy@1']","['DecentralizingAgent', 'BuyCheapSellExpensiveAgent']",90,89,AgentMechanismInterface,False,False,True,2,0.28694358200300485,0.15,True,False,,,2,False,,"(5, 94, 18)",6bce0161-67c2-4ccf-beca-477b27a37eb8,0,[]
1671,failed,"['04MyA@2', '02Ind@1']","['MyAgent', 'IndDecentralizingAgent']",90,89,AgentMechanismInterface,False,False,True,2,0.43496228399453685,0.15,False,False,"(68, 100, 18)",,2,False,,"(68, 100, 18)",aa53330f-c3c3-4187-bfed-7174e4b4a472,0,"[('aa53330f-c3c3-4187-bfed-7174e4b4a472', (68, 100, 18))]"
1672,failed,"['05Dec@2', '02Ind@1']","['DecentralizingAgent', 'IndDecentralizingAgent']",90,89,AgentMechanismInterface,False,False,True,2,0.1799370739609003,0.15,True,False,,,2,False,,"(1, 99, 18)",28797f1f-c8c0-48fd-b7ea-1124c7d94b79,0,[]
1673,failed,"['05Dec@2', '02Ind@1']","['DecentralizingAgent', 'IndDecentralizingAgent']",90,89,AgentMechanismInterface,False,False,True,2,0.17932631896110252,0.15,True,False,,,2,False,,"(5, 94, 18)",0fae2abc-3c11-4238-98a5-a88e9363c3c6,0,[]
1674,failed,"['05Dec@2', '03Buy@1']","['DecentralizingAgent', 'BuyCheapSellExpensiveAgent']",90,89,AgentMechanismInterface,False,False,True,2,0.13253165601054206,0.15,False,False,"(37, 100, 18)",,2,False,,"(37, 100, 18)",6513e166-ab04-4d61-b2c1-cace823c18cd,0,"[('6513e166-ab04-4d61-b2c1-cace823c18cd', (37, 100, 18))]"
1675,failed,"['01Dec@0', '02Ind@1']","['DecentralizingAgent', 'IndDecentralizingAgent']",90,89,AgentMechanismInterface,False,False,True,2,0.4757772639859468,0.15,True,False,,,2,False,,,96a37970-1c98-44bd-8134-ff93282fb38c,0,[]
1676,failed,"['05Dec@2', '03Buy@1']","['DecentralizingAgent', 'BuyCheapSellExpensiveAgent']",90,89,AgentMechanismInterface,False,False,True,17,0.16532289504539222,0.9,False,False,"(3, 91, 9)",,2,False,,"(3, 91, 9)",a56afddf-8655-4d89-a1c9-c3aef672bc39,0,"[('a56afddf-8655-4d89-a1c9-c3aef672bc39', (3, 91, 9))]"
1677,failed,"['00Dec@0', '02Ind@1']","['DecentralizingAgent', 'IndDecentralizingAgent']",90,89,AgentMechanismInterface,False,False,True,17,0.4457150510279462,0.9,False,False,"(15, 99, 20)",,2,False,,"(15, 99, 20)",756f5f73-ca46-4bfb-ab47-403a35a17882,0,[]
1678,failed,"['02Ind@1', '04MyA@2']","['IndDecentralizingAgent', 'MyAgent']",90,89,AgentMechanismInterface,False,False,True,17,0.43578118400182575,0.9,False,False,"(26, 100, 26)",,2,False,,"(26, 100, 26)",70a00e97-0d03-4d39-90b7-9678053ebbd1,0,[]
1679,failed,"['05Dec@2', '02Ind@1']","['DecentralizingAgent', 'IndDecentralizingAgent']",90,89,AgentMechanismInterface,False,False,True,17,0.46147588302847,0.9,True,False,,,2,False,,"(3, 91, 9)",d5b3b4ee-80a5-4512-974d-1a2f47e57155,0,"[('d5b3b4ee-80a5-4512-974d-1a2f47e57155', (3, 91, 9))]"
1680,failed,"['00Dec@0', '03Buy@1']","['DecentralizingAgent', 'BuyCheapSellExpensiveAgent']",90,89,AgentMechanismInterface,False,False,True,17,0.22371870797360316,0.9,False,False,"(15, 99, 20)",,2,False,,"(15, 99, 20)",7f68a785-9d8e-457b-b48f-6f7441694241,0,[]
1681,failed,"['02Ind@1', '05Dec@2']","['IndDecentralizingAgent', 'DecentralizingAgent']",90,89,AgentMechanismInterface,False,False,True,17,0.38318673497997224,0.9,False,False,"(26, 100, 26)",,2,False,,"(26, 100, 26)",9558f467-a235-446d-b79b-6dd71516144c,0,[]
1682,failed,"['05Dec@2', '02Ind@1']","['DecentralizingAgent', 'IndDecentralizingAgent']",90,89,AgentMechanismInterface,False,False,True,17,0.3972893260070123,0.9,False,False,"(5, 92, 10)",,2,False,,"(5, 92, 10)",e39554e4-77d7-4a78-841a-944536273818,0,"[('e39554e4-77d7-4a78-841a-944536273818', (5, 92, 10))]"
1683,failed,"['05Dec@2', '03Buy@1']","['DecentralizingAgent', 'BuyCheapSellExpensiveAgent']",90,89,AgentMechanismInterface,False,False,True,17,0.24325117003172636,0.9,False,False,"(5, 90, 10)",,2,False,,"(5, 90, 10)",11b428c8-7cc1-4f98-8e32-ceef3246995f,0,"[('11b428c8-7cc1-4f98-8e32-ceef3246995f', (5, 90, 10))]"
1684,failed,"['05Dec@2', '03Buy@1']","['DecentralizingAgent', 'BuyCheapSellExpensiveAgent']",90,89,AgentMechanismInterface,False,False,True,17,0.5317688799696043,0.9,True,False,,,2,False,,"(5, 91, 11)",3d9d4fd9-3d20-4c15-b165-edfc2e95bb8d,0,[]
1685,failed,"['05Dec@2', '02Ind@1']","['DecentralizingAgent', 'IndDecentralizingAgent']",90,89,AgentMechanismInterface,False,False,True,17,0.4135111609939486,0.9,True,False,,,2,False,,"(4, 90, 11)",a61f4d73-ae9d-41ce-aae6-ef0681df8360,0,[]
1686,failed,"['01Dec@0', '02Ind@1']","['DecentralizingAgent', 'IndDecentralizingAgent']",90,89,AgentMechanismInterface,False,False,True,17,0.26381143199978396,0.9,False,False,"(7, 96, 19)",,2,False,,"(7, 96, 19)",59a1e404-f92d-4825-b630-6a7baf5c9526,0,"[('59a1e404-f92d-4825-b630-6a7baf5c9526', (7, 96, 19))]"
1687,failed,"['01Dec@0', '03Buy@1']","['DecentralizingAgent', 'BuyCheapSellExpensiveAgent']",90,89,AgentMechanismInterface,False,False,True,17,0.5067582920310088,0.9,True,False,,,2,False,,"(5, 99, 18)",31741118-f4de-4618-ba80-c566e9ab6404,0,[]
1688,failed,"['04MyA@2', '03Buy@1']","['MyAgent', 'BuyCheapSellExpensiveAgent']",91,90,AgentMechanismInterface,False,False,True,2,0.16541882400633767,0.15,False,False,"(44, 101, 18)",,2,False,,"(44, 101, 18)",503a20f1-bcf8-4444-b1f0-041d3d9b85a0,0,[]
1689,failed,"['05Dec@2', '02Ind@1']","['DecentralizingAgent', 'IndDecentralizingAgent']",91,90,AgentMechanismInterface,False,False,True,2,0.17227450996870175,0.15,True,False,,,2,False,,,a04f7ce1-1ce8-49d7-9f9b-c2a1be78131e,0,[]
1690,failed,"['01Dec@0', '03Buy@1']","['DecentralizingAgent', 'BuyCheapSellExpensiveAgent']",91,90,AgentMechanismInterface,False,False,True,2,0.4547358510317281,0.15,True,False,,,2,False,,"(8, 91, 13)",1bf80855-6093-457e-8df4-57f3fca7d33a,0,[]
1691,failed,"['05Dec@2', '03Buy@1']","['DecentralizingAgent', 'BuyCheapSellExpensiveAgent']",91,90,AgentMechanismInterface,False,False,True,2,0.39263863797532395,0.15,True,False,,,2,False,,"(18, 101, 18)",cd3620f5-f2c9-47e0-88d4-5a9cdb6a31be,0,[]
1692,failed,"['03Buy@1', '00Dec@0']","['BuyCheapSellExpensiveAgent', 'DecentralizingAgent']",91,90,AgentMechanismInterface,False,False,True,16,0.26340687402989715,0.85,False,False,"(36, 91, 7)",,2,False,,"(36, 91, 7)",e23b5ced-6018-4535-b7c4-a5036a80f08b,0,"[('e23b5ced-6018-4535-b7c4-a5036a80f08b', (36, 91, 7))]"
1693,failed,"['03Buy@1', '01Dec@0']","['BuyCheapSellExpensiveAgent', 'DecentralizingAgent']",91,90,AgentMechanismInterface,False,False,True,16,0.5110648680129088,0.85,False,False,"(36, 91, 7)",,2,False,,"(36, 91, 7)",0d5104d0-4b17-4b1e-97c7-87c9bee237cc,0,"[('0d5104d0-4b17-4b1e-97c7-87c9bee237cc', (36, 91, 7))]"
1694,failed,"['05Dec@2', '03Buy@1']","['DecentralizingAgent', 'BuyCheapSellExpensiveAgent']",91,90,AgentMechanismInterface,False,False,True,17,0.5472508620005101,0.9,False,False,"(10, 99, 10)",,2,False,,"(10, 99, 10)",19b5763c-5243-4ead-b0f1-bfe7dbf436bf,0,"[('19b5763c-5243-4ead-b0f1-bfe7dbf436bf', (10, 99, 10))]"
1695,failed,"['00Dec@0', '03Buy@1']","['DecentralizingAgent', 'BuyCheapSellExpensiveAgent']",91,90,AgentMechanismInterface,False,False,True,17,0.4787872739834711,0.9,False,False,"(2, 101, 19)",,2,False,,"(2, 101, 19)",9f5b8e09-0bc3-4e8e-b0cc-283323f05de5,0,"[('9f5b8e09-0bc3-4e8e-b0cc-283323f05de5', (2, 101, 19))]"
1696,failed,"['01Dec@0', '03Buy@1']","['DecentralizingAgent', 'BuyCheapSellExpensiveAgent']",91,90,AgentMechanismInterface,False,False,True,17,0.2385404069791548,0.9,False,False,"(7, 97, 20)",,2,False,,"(7, 97, 20)",a9c2fd45-478a-4f1a-ac9c-efd59a82c3c7,0,"[('a9c2fd45-478a-4f1a-ac9c-efd59a82c3c7', (7, 97, 20))]"
1697,failed,"['05Dec@2', '02Ind@1']","['DecentralizingAgent', 'IndDecentralizingAgent']",91,90,AgentMechanismInterface,False,False,True,17,0.48017027601599693,0.9,False,False,"(5, 93, 10)",,2,False,,"(5, 93, 10)",e6ef3adc-9c19-4f4e-b382-cfc083550267,0,"[('e6ef3adc-9c19-4f4e-b382-cfc083550267', (5, 93, 10))]"
1698,failed,"['01Dec@0', '03Buy@1']","['DecentralizingAgent', 'BuyCheapSellExpensiveAgent']",91,90,AgentMechanismInterface,False,False,True,17,0.2307191969593987,0.9,False,False,"(1, 101, 19)",,2,False,,"(1, 101, 19)",59e5216c-cd13-473b-a235-377c3178a458,0,"[('59e5216c-cd13-473b-a235-377c3178a458', (1, 101, 19))]"
1699,failed,"['02Ind@1', '05Dec@2']","['IndDecentralizingAgent', 'DecentralizingAgent']",91,90,AgentMechanismInterface,False,False,True,17,0.6724230849649757,0.9,False,False,"(30, 101, 26)",,2,False,,"(30, 101, 26)",73167ce9-41aa-4740-b09a-0e06302a8922,0,[]
1700,failed,"['01Dec@0', '02Ind@1']","['DecentralizingAgent', 'IndDecentralizingAgent']",91,90,AgentMechanismInterface,False,False,True,17,0.3277409119764343,0.9,True,False,,,2,False,,"(7, 97, 20)",624d5930-3cf9-4dcb-aa05-c299c615a140,0,"[('624d5930-3cf9-4dcb-aa05-c299c615a140', (7, 97, 20))]"
1701,failed,"['05Dec@2', '03Buy@1']","['DecentralizingAgent', 'BuyCheapSellExpensiveAgent']",91,90,AgentMechanismInterface,False,False,True,17,0.2664358569891192,0.9,True,False,,,2,False,,"(5, 93, 9)",efa78e8d-22c4-48ce-9db2-a407094d5352,0,"[('efa78e8d-22c4-48ce-9db2-a407094d5352', (5, 93, 9))]"
1702,failed,"['01Dec@0', '02Ind@1']","['DecentralizingAgent', 'IndDecentralizingAgent']",91,90,AgentMechanismInterface,False,False,True,17,0.33747608703561127,0.9,True,False,,,2,False,,"(1, 101, 18)",32193502-fcaf-431b-bcd2-3090009d6c44,0,[]
1703,failed,"['02Ind@1', '04MyA@2']","['IndDecentralizingAgent', 'MyAgent']",91,90,AgentMechanismInterface,False,False,True,17,0.5458933840272948,0.9,False,False,"(30, 101, 26)",,2,False,,"(30, 101, 26)",c30118d8-e98a-43a5-a213-a48e5a702e1b,0,[]
1704,failed,"['05Dec@2', '03Buy@1']","['DecentralizingAgent', 'BuyCheapSellExpensiveAgent']",91,90,AgentMechanismInterface,False,False,True,17,0.37151968298712745,0.9,False,False,"(3, 91, 10)",,2,False,,"(3, 91, 10)",7d0b8d6c-fdef-48f8-8ac4-977de00fdca0,0,"[('7d0b8d6c-fdef-48f8-8ac4-977de00fdca0', (3, 91, 10))]"
1705,failed,"['05Dec@2', '02Ind@1']","['DecentralizingAgent', 'IndDecentralizingAgent']",91,90,AgentMechanismInterface,False,False,True,17,0.8081029540044256,0.9,True,False,,,2,False,,"(10, 92, 9)",7fa2f364-237b-43cf-95cb-7ecc892df681,0,"[('7fa2f364-237b-43cf-95cb-7ecc892df681', (10, 92, 9))]"
1706,failed,"['00Dec@0', '02Ind@1']","['DecentralizingAgent', 'IndDecentralizingAgent']",91,90,AgentMechanismInterface,False,False,True,17,0.6453458750038408,0.9,True,False,,,2,False,,"(2, 101, 18)",8ffc14e2-972a-4042-9a3f-a4f7916cef71,0,[]
1707,failed,"['05Dec@2', '02Ind@1']","['DecentralizingAgent', 'IndDecentralizingAgent']",91,90,AgentMechanismInterface,False,False,True,17,0.7942104339599609,0.9,True,False,,,2,False,,"(3, 92, 11)",486a7e5d-a2a7-46a4-a23c-aca28feab619,0,[]
1708,failed,"['05Dec@2', '03Buy@1']","['DecentralizingAgent', 'BuyCheapSellExpensiveAgent']",91,90,AgentMechanismInterface,False,False,True,18,0.6768471390241757,0.95,False,False,"(1, 91, 10)",,2,False,,"(1, 91, 10)",8945d1b4-3ae8-4a81-883e-b53b14b0ae7a,0,[]
1709,failed,"['05Dec@2', '02Ind@1']","['DecentralizingAgent', 'IndDecentralizingAgent']",91,90,AgentMechanismInterface,False,False,True,18,0.36362571601057425,0.95,False,False,"(1, 91, 9)",,2,False,,"(1, 91, 9)",f7586485-b383-45f2-b4ac-3896adccec96,0,[]
1710,failed,"['05Dec@2', '03Buy@1']","['DecentralizingAgent', 'BuyCheapSellExpensiveAgent']",92,91,AgentMechanismInterface,False,False,True,2,0.01579417200991884,0.15,True,False,,,2,False,,"(1, 99, 18)",b3c5aeff-fc85-49f7-9817-270e06313b75,0,[]
1711,failed,"['04MyA@2', '02Ind@1']","['MyAgent', 'IndDecentralizingAgent']",92,91,AgentMechanismInterface,False,False,True,2,0.308403973991517,0.15,False,False,"(40, 102, 18)",,2,False,,"(40, 102, 18)",22adc511-f696-4c95-9429-b29347a93a3c,0,[]
1712,failed,"['05Dec@2', '03Buy@1']","['DecentralizingAgent', 'BuyCheapSellExpensiveAgent']",92,91,AgentMechanismInterface,False,False,True,2,0.09231254603946581,0.15,True,False,,,2,False,,,3f61677e-cb4d-46e6-a752-fba7b763bfd3,0,[]
1713,failed,"['05Dec@2', '02Ind@1']","['DecentralizingAgent', 'IndDecentralizingAgent']",92,91,AgentMechanismInterface,False,False,True,17,0.41362826502881944,0.9,False,False,"(10, 93, 9)",,2,False,,"(10, 93, 9)",9840a8b8-a344-42b2-a668-e27968354abe,0,"[('9840a8b8-a344-42b2-a668-e27968354abe', (10, 93, 9))]"
1714,failed,"['01Dec@0', '02Ind@1']","['DecentralizingAgent', 'IndDecentralizingAgent']",92,91,AgentMechanismInterface,False,False,True,17,0.31727484497241676,0.9,False,False,"(1, 96, 20)",,2,False,,"(1, 96, 20)",d257263d-daa7-4171-a420-1f4a3ec9a905,0,"[('d257263d-daa7-4171-a420-1f4a3ec9a905', (1, 96, 20))]"
1715,failed,"['05Dec@2', '03Buy@1']","['DecentralizingAgent', 'BuyCheapSellExpensiveAgent']",92,91,AgentMechanismInterface,False,False,True,17,0.27095217001624405,0.9,False,False,"(5, 94, 10)",,2,False,,"(5, 94, 10)",1e348f76-a3f5-45c0-89be-722d986c77f2,0,"[('1e348f76-a3f5-45c0-89be-722d986c77f2', (5, 94, 10))]"
1716,failed,"['01Dec@0', '03Buy@1']","['DecentralizingAgent', 'BuyCheapSellExpensiveAgent']",92,91,AgentMechanismInterface,False,False,True,17,0.22818669700063765,0.9,False,False,"(7, 97, 20)",,2,False,,"(7, 97, 20)",4f5ec244-4475-4f26-bbb5-7c18609cb4c0,0,"[('4f5ec244-4475-4f26-bbb5-7c18609cb4c0', (7, 97, 20))]"
1717,failed,"['05Dec@2', '02Ind@1']","['DecentralizingAgent', 'IndDecentralizingAgent']",92,91,AgentMechanismInterface,False,False,True,17,0.20728931698249653,0.9,False,False,"(5, 94, 9)",,2,False,,"(5, 94, 9)",934796cc-b0cc-4c9f-9721-9cad62ccb190,0,"[('934796cc-b0cc-4c9f-9721-9cad62ccb190', (5, 94, 9))]"
1718,failed,"['00Dec@0', '03Buy@1']","['DecentralizingAgent', 'BuyCheapSellExpensiveAgent']",92,91,AgentMechanismInterface,False,False,True,17,0.32694543700199574,0.9,False,False,"(2, 101, 19)",,2,False,,"(2, 101, 19)",a81f7b0b-58ab-425f-8b5d-8bdc683725a9,0,"[('a81f7b0b-58ab-425f-8b5d-8bdc683725a9', (2, 101, 19))]"
1719,failed,"['05Dec@2', '02Ind@1']","['DecentralizingAgent', 'IndDecentralizingAgent']",92,91,AgentMechanismInterface,False,False,True,17,0.516058194974903,0.9,False,False,"(3, 93, 9)",,2,False,,"(3, 93, 9)",8a6960b9-3cef-4f41-9873-8f36af0ea62c,0,"[('8a6960b9-3cef-4f41-9873-8f36af0ea62c', (3, 93, 9))]"
1720,failed,"['00Dec@0', '03Buy@1']","['DecentralizingAgent', 'BuyCheapSellExpensiveAgent']",92,91,AgentMechanismInterface,False,False,True,17,0.22831298800883815,0.9,False,False,"(16, 98, 19)",,2,False,,"(16, 98, 19)",50f39a66-5f89-429b-b832-b8beb455e01f,0,[]
1721,failed,"['01Dec@0', '02Ind@1']","['DecentralizingAgent', 'IndDecentralizingAgent']",92,91,AgentMechanismInterface,False,False,True,17,0.40444052702514455,0.9,True,False,,,2,False,,"(5, 99, 18)",f1493109-7906-4734-b79a-a069ecff07a2,0,[]
1722,failed,"['00Dec@0', '02Ind@1']","['DecentralizingAgent', 'IndDecentralizingAgent']",92,91,AgentMechanismInterface,False,False,True,17,0.40955361095257103,0.9,True,False,,,2,False,,"(16, 98, 19)",8797003c-f762-41db-805b-cb2209d14515,0,[]
1723,failed,"['05Dec@2', '03Buy@1']","['DecentralizingAgent', 'BuyCheapSellExpensiveAgent']",92,91,AgentMechanismInterface,False,False,True,17,0.38386504497611895,0.9,True,False,,,2,False,,"(10, 94, 11)",603a1c24-f5bf-47b6-b6eb-c12bd0436ffd,0,[]
1724,failed,"['05Dec@2', '02Ind@1']","['DecentralizingAgent', 'IndDecentralizingAgent']",92,91,AgentMechanismInterface,False,False,True,17,0.2867925019818358,0.9,True,False,,,2,False,,"(5, 93, 9)",131d84f9-fa59-41ba-b36a-08dd6c4588f7,0,"[('131d84f9-fa59-41ba-b36a-08dd6c4588f7', (5, 93, 9))]"
1725,failed,"['05Dec@2', '03Buy@1']","['DecentralizingAgent', 'BuyCheapSellExpensiveAgent']",92,91,AgentMechanismInterface,False,False,True,17,0.4339685059967451,0.9,True,False,,,2,False,,"(3, 93, 9)",9de3ab1f-44a0-4260-b203-177f73802922,0,"[('9de3ab1f-44a0-4260-b203-177f73802922', (3, 93, 9))]"
1726,failed,"['02Ind@1', '04MyA@2']","['IndDecentralizingAgent', 'MyAgent']",92,91,AgentMechanismInterface,False,False,True,17,0.418487562041264,0.9,False,False,"(19, 99, 28)",,2,False,,"(19, 99, 28)",459103a8-0ce7-41c3-a006-368f884f2bbb,0,[]
1727,failed,"['00Dec@0', '02Ind@1']","['DecentralizingAgent', 'IndDecentralizingAgent']",92,91,AgentMechanismInterface,False,False,True,17,0.49940459796926007,0.9,True,False,,,2,False,,"(2, 96, 20)",416a698b-68e5-48de-9881-627a88cb6872,0,"[('416a698b-68e5-48de-9881-627a88cb6872', (2, 96, 20))]"
1728,failed,"['01Dec@0', '03Buy@1']","['DecentralizingAgent', 'BuyCheapSellExpensiveAgent']",92,91,AgentMechanismInterface,False,False,True,17,0.39982380100991577,0.9,True,False,,,2,False,,"(1, 96, 20)",2ebb1011-4897-4b3c-b2c9-037710110646,0,"[('2ebb1011-4897-4b3c-b2c9-037710110646', (1, 96, 20))]"
1729,failed,"['05Dec@2', '03Buy@1']","['DecentralizingAgent', 'BuyCheapSellExpensiveAgent']",92,91,AgentMechanismInterface,False,False,True,17,0.644239209999796,0.9,True,False,,,2,False,,"(5, 94, 11)",1408c98f-3b4a-4d52-a269-8cce0f3c6f38,0,[]
1730,failed,"['05Dec@2', '03Buy@1']","['DecentralizingAgent', 'BuyCheapSellExpensiveAgent']",93,92,AgentMechanismInterface,False,False,True,2,0.3082053539692424,0.15,True,False,,,2,False,,,9da4b72b-b120-4fed-ac4f-5916c9fa8a8e,0,[]
1731,failed,"['05Dec@2', '03Buy@1']","['DecentralizingAgent', 'BuyCheapSellExpensiveAgent']",93,92,AgentMechanismInterface,False,False,True,2,0.0672339010052383,0.15,True,False,,,2,False,,,acee2d9a-5342-4d32-94cc-22a86f6b530e,0,[]
1732,failed,"['04MyA@2', '03Buy@1']","['MyAgent', 'BuyCheapSellExpensiveAgent']",93,92,AgentMechanismInterface,False,False,True,2,0.2497194969910197,0.15,False,False,"(51, 103, 18)",,2,False,,"(51, 103, 18)",8e679ec0-964a-4656-ba2d-8644ba723004,0,"[('8e679ec0-964a-4656-ba2d-8644ba723004', (51, 103, 18))]"
1733,failed,"['01Dec@0', '02Ind@1']","['DecentralizingAgent', 'IndDecentralizingAgent']",93,92,AgentMechanismInterface,False,False,True,17,0.30245714500779286,0.9,False,False,"(11, 98, 19)",,2,False,,"(11, 98, 19)",2d809367-8d4f-49f7-b7b5-face17ad0fd9,0,"[('2d809367-8d4f-49f7-b7b5-face17ad0fd9', (11, 98, 19))]"
1734,failed,"['01Dec@0', '02Ind@1']","['DecentralizingAgent', 'IndDecentralizingAgent']",93,92,AgentMechanismInterface,False,False,True,17,0.5307493630098179,0.9,False,False,"(1, 101, 19)",,2,False,,"(1, 101, 19)",dc3ab27f-33d6-4002-82ca-97c612a3474d,0,"[('dc3ab27f-33d6-4002-82ca-97c612a3474d', (1, 101, 19))]"
1735,failed,"['01Dec@0', '03Buy@1']","['DecentralizingAgent', 'BuyCheapSellExpensiveAgent']",93,92,AgentMechanismInterface,False,False,True,17,0.49702442600391805,0.9,False,False,"(11, 103, 20)",,2,False,,"(11, 103, 20)",bdb26f7d-1d4c-45e1-a232-1bff444d644e,0,"[('bdb26f7d-1d4c-45e1-a232-1bff444d644e', (11, 103, 20))]"
1736,failed,"['05Dec@2', '02Ind@1']","['DecentralizingAgent', 'IndDecentralizingAgent']",93,92,AgentMechanismInterface,False,False,True,17,0.572040350001771,0.9,False,False,"(4, 95, 10)",,2,False,,"(4, 95, 10)",4464ca40-e5f7-4497-ae7d-2ede0ab409ea,0,"[('4464ca40-e5f7-4497-ae7d-2ede0ab409ea', (4, 95, 10))]"
1737,failed,"['00Dec@0', '03Buy@1']","['DecentralizingAgent', 'BuyCheapSellExpensiveAgent']",93,92,AgentMechanismInterface,False,False,True,17,0.5277057539788075,0.9,False,False,"(16, 98, 19)",,2,False,,"(16, 98, 19)",4193b1bc-8c58-4b56-8a84-d00eb2d587c1,0,[]
1738,failed,"['00Dec@0', '02Ind@1']","['DecentralizingAgent', 'IndDecentralizingAgent']",93,92,AgentMechanismInterface,False,False,True,17,0.5836047219927423,0.9,False,False,"(2, 96, 20)",,2,False,,"(2, 96, 20)",022593f1-f84e-4405-9fb4-147a5685dcc6,0,"[('022593f1-f84e-4405-9fb4-147a5685dcc6', (2, 96, 20))]"
1739,failed,"['00Dec@0', '02Ind@1']","['DecentralizingAgent', 'IndDecentralizingAgent']",93,92,AgentMechanismInterface,False,False,True,17,0.4965611539664678,0.9,True,False,,,2,False,,"(16, 98, 19)",63512458-8857-41dc-a28b-d6cdeac69ca7,0,[]
1740,failed,"['02Ind@1', '04MyA@2']","['IndDecentralizingAgent', 'MyAgent']",93,92,AgentMechanismInterface,False,False,True,17,0.41722213599132374,0.9,False,False,"(21, 101, 26)",,2,False,,"(21, 101, 26)",52b3b865-7aa2-4f89-84e2-c2d5ffdd73ad,0,[]
1741,failed,"['05Dec@2', '03Buy@1']","['DecentralizingAgent', 'BuyCheapSellExpensiveAgent']",93,92,AgentMechanismInterface,False,False,True,17,0.5897622759803198,0.9,False,False,"(5, 94, 10)",,2,False,,"(5, 94, 10)",c6dae197-1f04-4eeb-a870-e7fe89fe9922,0,"[('c6dae197-1f04-4eeb-a870-e7fe89fe9922', (5, 94, 10))]"
1742,failed,"['03Buy@1', '00Dec@0']","['BuyCheapSellExpensiveAgent', 'DecentralizingAgent']",93,92,AgentMechanismInterface,False,False,True,17,0.32110150600783527,0.9,False,False,"(5, 93, 7)",,2,False,,"(5, 93, 7)",5abb49a3-848d-4ee5-92b3-f7c965bfaacc,0,"[('5abb49a3-848d-4ee5-92b3-f7c965bfaacc', (5, 93, 7))]"
1743,failed,"['00Dec@0', '03Buy@1']","['DecentralizingAgent', 'BuyCheapSellExpensiveAgent']",93,92,AgentMechanismInterface,False,False,True,17,0.6293161899666302,0.9,True,False,,,2,False,,"(2, 96, 20)",829875f6-edc7-4a40-9764-622f217845e7,0,"[('829875f6-edc7-4a40-9764-622f217845e7', (2, 96, 20))]"
1744,failed,"['05Dec@2', '03Buy@1']","['DecentralizingAgent', 'BuyCheapSellExpensiveAgent']",93,92,AgentMechanismInterface,False,False,True,17,0.637817642011214,0.9,True,False,,,2,False,,"(4, 95, 11)",adfffa9b-493f-44a1-8500-a295c695c4b7,0,[]
1745,failed,"['05Dec@2', '02Ind@1']","['DecentralizingAgent', 'IndDecentralizingAgent']",93,92,AgentMechanismInterface,False,False,True,17,0.41182590898824856,0.9,True,False,,,2,False,,"(5, 94, 9)",1ebb9913-5248-49b9-8a8d-73eeb5047ac9,0,"[('1ebb9913-5248-49b9-8a8d-73eeb5047ac9', (5, 94, 9))]"
1746,failed,"['05Dec@2', '03Buy@1']","['DecentralizingAgent', 'BuyCheapSellExpensiveAgent']",93,92,AgentMechanismInterface,False,False,True,17,0.6458960539894179,0.9,False,False,"(5, 94, 9)",,2,False,,"(5, 94, 9)",2a44869e-3a4e-4619-9920-c774474290c1,0,"[('2a44869e-3a4e-4619-9920-c774474290c1', (5, 94, 9))]"
1747,failed,"['01Dec@0', '02Ind@1']","['DecentralizingAgent', 'IndDecentralizingAgent']",93,92,AgentMechanismInterface,False,False,True,17,0.346006166015286,0.9,False,False,"(7, 96, 19)",,2,False,,"(7, 96, 19)",d015cc59-7a91-4f65-b45f-911ed9a828be,0,"[('d015cc59-7a91-4f65-b45f-911ed9a828be', (7, 96, 19))]"
1748,failed,"['01Dec@0', '03Buy@1']","['DecentralizingAgent', 'BuyCheapSellExpensiveAgent']",93,92,AgentMechanismInterface,False,False,True,17,0.6926584480097517,0.9,True,False,,,2,False,,"(1, 96, 20)",85544525-8baf-4787-89b0-31943a9e4183,0,"[('85544525-8baf-4787-89b0-31943a9e4183', (1, 96, 20))]"
1749,failed,"['03Buy@1', '01Dec@0']","['BuyCheapSellExpensiveAgent', 'DecentralizingAgent']",93,92,AgentMechanismInterface,False,False,True,17,0.42186174902599305,0.9,False,False,"(5, 93, 7)",,2,False,,"(5, 93, 7)",3e9bac3a-6e71-4fe5-b11b-6fe2ac068516,0,"[('3e9bac3a-6e71-4fe5-b11b-6fe2ac068516', (5, 93, 7))]"
1750,failed,"['01Dec@0', '03Buy@1']","['DecentralizingAgent', 'BuyCheapSellExpensiveAgent']",93,92,AgentMechanismInterface,False,False,True,17,0.7024820219958201,0.9,True,False,,,2,False,,"(5, 99, 18)",aabfed3a-f0e3-439e-8996-152a0f99a53c,0,[]
1751,failed,"['05Dec@2', '02Ind@1']","['DecentralizingAgent', 'IndDecentralizingAgent']",93,92,AgentMechanismInterface,False,False,True,17,0.6287263219710439,0.9,True,False,,,2,False,,"(5, 94, 9)",826bd3dc-1b2d-4cb8-8344-1b379c282b2e,0,"[('826bd3dc-1b2d-4cb8-8344-1b379c282b2e', (5, 94, 9))]"
1752,failed,"['05Dec@2', '03Buy@1']","['DecentralizingAgent', 'BuyCheapSellExpensiveAgent']",93,92,AgentMechanismInterface,False,False,True,18,0.7256655069650151,0.95,False,False,"(1, 93, 9)",,2,False,,"(1, 93, 9)",48c6ce9e-87fd-4d31-9898-0994ae92755e,0,[]
1753,failed,"['05Dec@2', '02Ind@1']","['DecentralizingAgent', 'IndDecentralizingAgent']",93,92,AgentMechanismInterface,False,False,True,18,0.6866184929967858,0.95,False,False,"(1, 93, 9)",,2,False,,"(1, 93, 9)",0ed6f348-1992-46d1-bca4-afd989cea4da,0,[]
1754,failed,"['04MyA@2', '03Buy@1']","['MyAgent', 'BuyCheapSellExpensiveAgent']",94,93,AgentMechanismInterface,False,False,True,2,0.16631606500595808,0.15,False,False,"(49, 104, 18)",,2,False,,"(49, 104, 18)",1adbb694-ccf5-46d9-a1b6-ca0ed8091153,0,[]
1755,failed,"['01Dec@0', '03Buy@1']","['DecentralizingAgent', 'BuyCheapSellExpensiveAgent']",94,93,AgentMechanismInterface,False,False,True,2,0.06773901201086119,0.15,False,False,"(14, 94, 13)",,2,False,,"(14, 94, 13)",9fed68e7-894d-4202-8e36-129c978a80c2,0,"[('9fed68e7-894d-4202-8e36-129c978a80c2', (14, 94, 13))]"
1756,failed,"['05Dec@2', '02Ind@1']","['DecentralizingAgent', 'IndDecentralizingAgent']",94,93,AgentMechanismInterface,False,False,True,2,0.2856529710115865,0.15,True,False,,,2,False,,,eeb0c8fa-b354-41ce-b279-9ddd4d4ddaeb,0,[]
1757,failed,"['00Dec@0', '03Buy@1']","['DecentralizingAgent', 'BuyCheapSellExpensiveAgent']",94,93,AgentMechanismInterface,False,False,True,2,0.18750114500289783,0.15,False,False,"(21, 94, 13)",,2,False,,"(21, 94, 13)",2eb1176d-93dd-4d9c-95e8-6ab30acc5cd0,0,"[('2eb1176d-93dd-4d9c-95e8-6ab30acc5cd0', (21, 94, 13))]"
1758,failed,"['05Dec@2', '02Ind@1']","['DecentralizingAgent', 'IndDecentralizingAgent']",94,93,AgentMechanismInterface,False,False,True,2,0.052693158970214427,0.15,True,False,,,2,False,,"(18, 101, 18)",c120c93d-19c8-4c97-8ff7-642965dc8824,0,[]
1759,failed,"['05Dec@2', '03Buy@1']","['DecentralizingAgent', 'BuyCheapSellExpensiveAgent']",94,93,AgentMechanismInterface,False,False,True,17,0.23632789897965267,0.9,False,False,"(5, 95, 10)",,2,False,,"(5, 95, 10)",1f0f1d00-b542-4d13-bce1-bcca8b7a63d8,0,"[('1f0f1d00-b542-4d13-bce1-bcca8b7a63d8', (5, 95, 10))]"
1760,failed,"['00Dec@0', '02Ind@1']","['DecentralizingAgent', 'IndDecentralizingAgent']",94,93,AgentMechanismInterface,False,False,True,17,0.4349979119724594,0.9,False,False,"(2, 96, 20)",,2,False,,"(2, 96, 20)",c0356a0f-4e48-4542-a1aa-4e7b52fb71e3,0,"[('c0356a0f-4e48-4542-a1aa-4e7b52fb71e3', (2, 96, 20))]"
1761,failed,"['00Dec@0', '02Ind@1']","['DecentralizingAgent', 'IndDecentralizingAgent']",94,93,AgentMechanismInterface,False,False,True,17,0.4220442129881121,0.9,False,False,"(16, 98, 19)",,2,False,,"(16, 98, 19)",0cdf3b46-ae95-4355-aec9-512cabd9c474,0,[]
1762,failed,"['05Dec@2', '02Ind@1']","['DecentralizingAgent', 'IndDecentralizingAgent']",94,93,AgentMechanismInterface,False,False,True,17,0.4342671339982189,0.9,False,False,"(5, 95, 10)",,2,False,,"(5, 95, 10)",9eda8e91-8eff-41fc-90c0-82b35e067971,0,"[('9eda8e91-8eff-41fc-90c0-82b35e067971', (5, 95, 10))]"
1763,failed,"['01Dec@0', '02Ind@1']","['DecentralizingAgent', 'IndDecentralizingAgent']",94,93,AgentMechanismInterface,False,False,True,17,0.2405109009705484,0.9,False,False,"(19, 102, 20)",,2,False,,"(19, 102, 20)",002c0794-8a1d-4b73-a3e0-3263b1bf177b,0,[]
1764,failed,"['01Dec@0', '02Ind@1']","['DecentralizingAgent', 'IndDecentralizingAgent']",94,93,AgentMechanismInterface,False,False,True,17,0.26929456600919366,0.9,False,False,"(7, 97, 20)",,2,False,,"(7, 97, 20)",458ce735-646f-46fb-8da4-fe2f04b14047,0,"[('458ce735-646f-46fb-8da4-fe2f04b14047', (7, 97, 20))]"
1765,failed,"['00Dec@0', '03Buy@1']","['DecentralizingAgent', 'BuyCheapSellExpensiveAgent']",94,93,AgentMechanismInterface,False,False,True,17,0.2602323049795814,0.9,True,False,,,2,False,,"(2, 96, 20)",5f6a7e74-ce20-4b0b-8ac1-b07fd835201d,0,"[('5f6a7e74-ce20-4b0b-8ac1-b07fd835201d', (2, 96, 20))]"
1766,failed,"['00Dec@0', '03Buy@1']","['DecentralizingAgent', 'BuyCheapSellExpensiveAgent']",94,93,AgentMechanismInterface,False,False,True,17,0.5024626840022393,0.9,True,False,,,2,False,,"(16, 98, 19)",6a1ffe4b-1ee1-4584-bce7-1595be913ab7,0,[]
1767,failed,"['05Dec@2', '03Buy@1']","['DecentralizingAgent', 'BuyCheapSellExpensiveAgent']",94,93,AgentMechanismInterface,False,False,True,17,0.29850616096518934,0.9,True,False,,,2,False,,"(5, 95, 9)",14213ef5-2598-4495-830c-8a3cd7dbd721,0,"[('14213ef5-2598-4495-830c-8a3cd7dbd721', (5, 95, 9))]"
1768,failed,"['05Dec@2', '03Buy@1']","['DecentralizingAgent', 'BuyCheapSellExpensiveAgent']",94,93,AgentMechanismInterface,False,False,True,17,0.2968335630139336,0.9,False,False,"(4, 95, 10)",,2,False,,"(4, 95, 10)",812d5169-e72f-45e1-925e-5e002bcd6118,0,"[('812d5169-e72f-45e1-925e-5e002bcd6118', (4, 95, 10))]"
1769,failed,"['05Dec@2', '02Ind@1']","['DecentralizingAgent', 'IndDecentralizingAgent']",94,93,AgentMechanismInterface,False,False,True,17,0.4880822699633427,0.9,True,False,,,2,False,,"(5, 94, 9)",6fae28fe-c44b-448a-be46-c396291495ac,0,"[('6fae28fe-c44b-448a-be46-c396291495ac', (5, 94, 9))]"
1770,failed,"['01Dec@0', '02Ind@1']","['DecentralizingAgent', 'IndDecentralizingAgent']",94,93,AgentMechanismInterface,False,False,True,17,0.2841853210120462,0.9,False,False,"(1, 101, 19)",,2,False,,"(1, 101, 19)",25cc0177-cc5a-49be-a6b3-6b1a4f8fa150,0,"[('25cc0177-cc5a-49be-a6b3-6b1a4f8fa150', (1, 101, 19))]"
1771,failed,"['01Dec@0', '03Buy@1']","['DecentralizingAgent', 'BuyCheapSellExpensiveAgent']",94,93,AgentMechanismInterface,False,False,True,17,0.5718406200176105,0.9,False,False,"(19, 102, 20)",,2,False,,"(19, 102, 20)",591362a5-fe0a-4900-8251-cb72732d04f6,0,[]
1772,failed,"['02Ind@1', '04MyA@2']","['IndDecentralizingAgent', 'MyAgent']",94,93,AgentMechanismInterface,False,False,True,17,0.5092146880342625,0.9,False,False,"(16, 100, 26)",,2,False,,"(16, 100, 26)",160fd4e2-b2f3-4069-bf91-eec9c1c3e801,0,[]
1773,failed,"['01Dec@0', '03Buy@1']","['DecentralizingAgent', 'BuyCheapSellExpensiveAgent']",94,93,AgentMechanismInterface,False,False,True,17,0.588050847989507,0.9,True,False,,,2,False,,"(1, 96, 20)",6e7b5d8f-dda6-4605-9732-c781c22e2cef,0,"[('6e7b5d8f-dda6-4605-9732-c781c22e2cef', (1, 96, 20))]"
1774,failed,"['01Dec@0', '03Buy@1']","['DecentralizingAgent', 'BuyCheapSellExpensiveAgent']",94,93,AgentMechanismInterface,False,False,True,17,0.6402394199976698,0.9,True,False,,,2,False,,"(5, 99, 18)",e278c2da-90ac-4564-ae5c-5fc2aac1d4a6,0,[]
1775,failed,"['05Dec@2', '02Ind@1']","['DecentralizingAgent', 'IndDecentralizingAgent']",94,93,AgentMechanismInterface,False,False,True,17,0.6009737059939653,0.9,True,False,,,2,False,,"(4, 95, 11)",55f4ef45-395b-4e04-9dbd-aafd1fa208bc,0,[]
1776,failed,"['05Dec@2', '02Ind@1']","['DecentralizingAgent', 'IndDecentralizingAgent']",95,94,AgentMechanismInterface,False,False,True,2,0.3399066310375929,0.15,True,False,,,2,False,,,71618e0a-5fde-42d4-b138-3b004babe718,0,[]
1777,failed,"['04MyA@2', '03Buy@1']","['MyAgent', 'BuyCheapSellExpensiveAgent']",95,94,AgentMechanismInterface,False,False,True,2,0.22481248097028583,0.15,False,False,"(54, 105, 18)",,2,False,,"(54, 105, 18)",2c821ef4-5c7f-4c31-9bff-093048737e50,0,[]
1778,failed,"['00Dec@0', '02Ind@1']","['DecentralizingAgent', 'IndDecentralizingAgent']",95,94,AgentMechanismInterface,False,False,True,17,0.21855952200712636,0.9,False,False,"(16, 101, 20)",,2,False,,"(16, 101, 20)",3bb2bd2c-ebcc-4e44-ba11-32eef5dac2c3,0,[]
1779,failed,"['05Dec@2', '02Ind@1']","['DecentralizingAgent', 'IndDecentralizingAgent']",95,94,AgentMechanismInterface,False,False,True,17,0.5410025180317461,0.9,False,False,"(5, 95, 9)",,2,False,,"(5, 95, 9)",fe2fd84e-5ab1-42c9-8fdb-cee52d137774,0,"[('fe2fd84e-5ab1-42c9-8fdb-cee52d137774', (5, 95, 9))]"
1780,failed,"['05Dec@2', '02Ind@1']","['DecentralizingAgent', 'IndDecentralizingAgent']",95,94,AgentMechanismInterface,False,False,True,17,0.269425306993071,0.9,False,False,"(4, 96, 9)",,2,False,,"(4, 96, 9)",054c7158-8100-465e-a5da-3236a8861083,0,"[('054c7158-8100-465e-a5da-3236a8861083', (4, 96, 9))]"
1781,failed,"['00Dec@0', '02Ind@1']","['DecentralizingAgent', 'IndDecentralizingAgent']",95,94,AgentMechanismInterface,False,False,True,17,0.2358045949949883,0.9,False,False,"(14, 105, 20)",,2,False,,"(14, 105, 20)",81406ba7-97c3-4b02-8c01-6ea7ba09c812,0,[]
1782,failed,"['02Ind@1', '01Dec@0']","['IndDecentralizingAgent', 'DecentralizingAgent']",95,94,AgentMechanismInterface,False,False,True,17,0.2567092700046487,0.9,False,False,"(3, 99, 7)",,2,False,,"(3, 99, 7)",7af47bca-71a4-46a4-9618-46fd03fb7270,0,"[('7af47bca-71a4-46a4-9618-46fd03fb7270', (3, 99, 7))]"
1783,failed,"['05Dec@2', '03Buy@1']","['DecentralizingAgent', 'BuyCheapSellExpensiveAgent']",95,94,AgentMechanismInterface,False,False,True,17,0.4542796480236575,0.9,True,False,,,2,False,,"(4, 96, 11)",8d7b847f-4824-4427-a282-d0b4f743953c,0,[]
1784,failed,"['01Dec@0', '03Buy@1']","['DecentralizingAgent', 'BuyCheapSellExpensiveAgent']",95,94,AgentMechanismInterface,False,False,True,17,0.48379335697973147,0.9,False,False,"(16, 101, 19)",,2,False,,"(16, 101, 19)",0f713582-e7cf-4ef7-b694-8521081a35b7,0,[]
1785,failed,"['02Ind@1', '04MyA@2']","['IndDecentralizingAgent', 'MyAgent']",95,94,AgentMechanismInterface,False,False,True,17,0.37127874401630834,0.9,False,False,"(20, 102, 28)",,2,False,,"(20, 102, 28)",dd344683-c0be-47d8-9af5-6d4607575cb8,0,[]
1786,failed,"['00Dec@0', '02Ind@1']","['DecentralizingAgent', 'IndDecentralizingAgent']",95,94,AgentMechanismInterface,False,False,True,17,0.29661272099474445,0.9,False,False,"(2, 101, 19)",,2,False,,"(2, 101, 19)",c3f04aae-b66a-49f2-82c4-573b8c685b1c,0,"[('c3f04aae-b66a-49f2-82c4-573b8c685b1c', (2, 101, 19))]"
1787,failed,"['05Dec@2', '02Ind@1']","['DecentralizingAgent', 'IndDecentralizingAgent']",95,94,AgentMechanismInterface,False,False,True,17,0.4800790590234101,0.9,False,False,"(5, 95, 10)",,2,False,,"(5, 95, 10)",ec5bd6b9-4a8e-4999-b093-a28cbc35df4a,0,"[('ec5bd6b9-4a8e-4999-b093-a28cbc35df4a', (5, 95, 10))]"
1788,failed,"['00Dec@0', '03Buy@1']","['DecentralizingAgent', 'BuyCheapSellExpensiveAgent']",95,94,AgentMechanismInterface,False,False,True,17,0.32804322201991454,0.9,True,False,,,2,False,,"(2, 96, 20)",8f3698c0-8d7b-4073-8958-6a22c79961e7,0,"[('8f3698c0-8d7b-4073-8958-6a22c79961e7', (2, 96, 20))]"
1789,failed,"['00Dec@0', '03Buy@1']","['DecentralizingAgent', 'BuyCheapSellExpensiveAgent']",95,94,AgentMechanismInterface,False,False,True,17,0.5938933209981769,0.9,True,False,,,2,False,,"(14, 100, 19)",dc5d0351-ffb1-4862-a492-87be2021603e,0,[]
1790,failed,"['01Dec@0', '02Ind@1']","['DecentralizingAgent', 'IndDecentralizingAgent']",95,94,AgentMechanismInterface,False,False,True,17,0.5158720350009389,0.9,False,False,"(1, 101, 19)",,2,False,,"(1, 101, 19)",2e31e02d-87fd-4637-b429-5ecb534242c0,0,"[('2e31e02d-87fd-4637-b429-5ecb534242c0', (1, 101, 19))]"
1791,failed,"['05Dec@2', '03Buy@1']","['DecentralizingAgent', 'BuyCheapSellExpensiveAgent']",95,94,AgentMechanismInterface,False,False,True,17,0.3281261959928088,0.9,True,False,,,2,False,,"(5, 95, 11)",8d8072f1-aba0-45c1-8e97-3cd1da670e7f,0,[]
1792,failed,"['05Dec@2', '03Buy@1']","['DecentralizingAgent', 'BuyCheapSellExpensiveAgent']",95,94,AgentMechanismInterface,False,False,True,17,0.34386069397442043,0.9,True,False,,,2,False,,"(5, 95, 9)",97e8b340-81d8-46dd-b24d-836fd78ea0e9,0,"[('97e8b340-81d8-46dd-b24d-836fd78ea0e9', (5, 95, 9))]"
1793,failed,"['01Dec@0', '03Buy@1']","['DecentralizingAgent', 'BuyCheapSellExpensiveAgent']",95,94,AgentMechanismInterface,False,False,True,17,0.5720948279486038,0.9,True,False,,,2,False,,"(1, 101, 18)",fc97bcb3-5375-4c52-9b0e-b822f05bc870,0,[]
1794,failed,"['01Dec@0', '02Ind@1']","['DecentralizingAgent', 'IndDecentralizingAgent']",95,94,AgentMechanismInterface,False,False,True,17,0.37133957899641246,0.9,False,False,"(16, 104, 20)",,2,False,,"(16, 104, 20)",afebfd90-c05e-4fd6-b6d0-3746b70a8077,0,[]
1795,failed,"['00Dec@0', '03Buy@1']","['DecentralizingAgent', 'BuyCheapSellExpensiveAgent']",95,94,AgentMechanismInterface,False,False,True,17,0.6022686409996822,0.9,False,False,"(16, 101, 20)",,2,False,,"(16, 101, 20)",0543052a-ac99-416c-bbcd-28a2dc4a5916,0,[]
1796,failed,"['02Ind@1', '00Dec@0']","['IndDecentralizingAgent', 'DecentralizingAgent']",95,94,AgentMechanismInterface,False,False,True,17,0.5415016100159846,0.9,False,False,"(3, 95, 7)",,2,False,,"(3, 95, 7)",593bf5da-b6b2-4afa-8c3b-df2b67fc7c83,0,"[('593bf5da-b6b2-4afa-8c3b-df2b67fc7c83', (3, 95, 7))]"
1797,failed,"['04MyA@2', '02Ind@1']","['MyAgent', 'IndDecentralizingAgent']",96,95,AgentMechanismInterface,False,False,True,2,0.22326136601623148,0.15,False,False,"(50, 106, 18)",,2,False,,"(50, 106, 18)",adb95cea-f29b-4735-bd7e-42e816ce5a04,0,[]
1798,failed,"['01Dec@0', '03Buy@1']","['DecentralizingAgent', 'BuyCheapSellExpensiveAgent']",96,95,AgentMechanismInterface,False,False,True,2,0.1128452229895629,0.15,False,False,"(29, 96, 13)",,2,False,,"(29, 96, 13)",8002eeaf-c2fb-4b11-aa95-e6ba818e5971,0,"[('8002eeaf-c2fb-4b11-aa95-e6ba818e5971', (29, 96, 13))]"
1799,failed,"['05Dec@2', '02Ind@1']","['DecentralizingAgent', 'IndDecentralizingAgent']",96,95,AgentMechanismInterface,False,False,True,2,0.13699903502129018,0.15,True,False,,,2,False,,,a4897676-19b6-425d-8113-a23559431c81,0,[]
1800,failed,"['01Dec@0', '02Ind@1']","['DecentralizingAgent', 'IndDecentralizingAgent']",96,95,AgentMechanismInterface,False,False,True,17,0.22301751899067312,0.9,False,False,"(1, 96, 20)",,2,False,,"(1, 96, 20)",d342490a-56b8-4130-95ae-a32655a66b9c,0,"[('d342490a-56b8-4130-95ae-a32655a66b9c', (1, 96, 20))]"
1801,failed,"['05Dec@2', '03Buy@1']","['DecentralizingAgent', 'BuyCheapSellExpensiveAgent']",96,95,AgentMechanismInterface,False,False,True,17,0.24708186701172963,0.9,False,False,"(5, 96, 9)",,2,False,,"(5, 96, 9)",50cd3e6a-fcaf-46d2-80bc-b2be6a2d2554,0,"[('50cd3e6a-fcaf-46d2-80bc-b2be6a2d2554', (5, 96, 9))]"
1802,failed,"['00Dec@0', '02Ind@1']","['DecentralizingAgent', 'IndDecentralizingAgent']",96,95,AgentMechanismInterface,False,False,True,17,0.14943706098711118,0.9,False,False,"(14, 100, 19)",,2,False,,"(14, 100, 19)",687f1220-d535-442e-89f1-2a68d8b1715a,0,[]
1803,failed,"['05Dec@2', '02Ind@1']","['DecentralizingAgent', 'IndDecentralizingAgent']",96,95,AgentMechanismInterface,False,False,True,17,0.18341624701861292,0.9,True,False,,,2,False,,"(5, 96, 9)",f69d1f1b-8c80-4046-a96f-a8792b1321f0,0,"[('f69d1f1b-8c80-4046-a96f-a8792b1321f0', (5, 96, 9))]"
1804,failed,"['00Dec@0', '03Buy@1']","['DecentralizingAgent', 'BuyCheapSellExpensiveAgent']",96,95,AgentMechanismInterface,False,False,True,17,0.18026178097352386,0.9,False,False,"(14, 105, 20)",,2,False,,"(14, 105, 20)",d287e9ac-7595-4dcd-b7a5-93a2e94167ae,0,[]
1805,failed,"['01Dec@0', '03Buy@1']","['DecentralizingAgent', 'BuyCheapSellExpensiveAgent']",96,95,AgentMechanismInterface,False,False,True,17,0.19334062398411334,0.9,True,False,,,2,False,,"(1, 101, 18)",5563e10f-3a5f-4dad-97a8-f1e3cec127fc,0,[]
1806,failed,"['05Dec@2', '02Ind@1']","['DecentralizingAgent', 'IndDecentralizingAgent']",96,95,AgentMechanismInterface,False,False,True,17,0.20173746696673334,0.9,False,False,"(4, 97, 9)",,2,False,,"(4, 97, 9)",8c138e0e-c8da-43b9-bf4b-33ce335dd512,0,"[('8c138e0e-c8da-43b9-bf4b-33ce335dd512', (4, 97, 9))]"
1807,failed,"['00Dec@0', '02Ind@1']","['DecentralizingAgent', 'IndDecentralizingAgent']",96,95,AgentMechanismInterface,False,False,True,17,0.22404060600092635,0.9,False,False,"(11, 101, 19)",,2,False,,"(11, 101, 19)",ce5b4bb9-975a-4e26-8c20-3090b08426b7,0,"[('ce5b4bb9-975a-4e26-8c20-3090b08426b7', (11, 101, 19))]"
1808,failed,"['00Dec@0', '03Buy@1']","['DecentralizingAgent', 'BuyCheapSellExpensiveAgent']",96,95,AgentMechanismInterface,False,False,True,17,0.1562417820096016,0.9,False,False,"(11, 101, 19)",,2,False,,"(11, 101, 19)",170c0efb-eda4-4bd3-a1f5-c34b1d73b1e9,0,"[('170c0efb-eda4-4bd3-a1f5-c34b1d73b1e9', (11, 101, 19))]"
1809,failed,"['02Ind@1', '01Dec@0']","['IndDecentralizingAgent', 'DecentralizingAgent']",96,95,AgentMechanismInterface,False,False,True,17,0.21244752302300185,0.9,False,False,"(1, 96, 7)",,2,False,,"(1, 96, 7)",26857195-a3b3-4d0e-98f9-179c05a2adc5,0,"[('26857195-a3b3-4d0e-98f9-179c05a2adc5', (1, 96, 7))]"
1810,failed,"['05Dec@2', '03Buy@1']","['DecentralizingAgent', 'BuyCheapSellExpensiveAgent']",96,95,AgentMechanismInterface,False,False,True,17,0.21686573297483847,0.9,True,False,,,2,False,,"(4, 97, 9)",2fb4e6aa-152c-4ffb-88d7-61fe3a12b0fd,0,"[('2fb4e6aa-152c-4ffb-88d7-61fe3a12b0fd', (4, 97, 9))]"
1811,failed,"['01Dec@0', '02Ind@1']","['DecentralizingAgent', 'IndDecentralizingAgent']",97,96,AgentMechanismInterface,False,False,True,2,0.07777950499439612,0.15,False,False,"(35, 97, 13)",,2,False,,"(35, 97, 13)",19bd303e-88ac-4ab9-948d-a886f6946bf6,0,"[('19bd303e-88ac-4ab9-948d-a886f6946bf6', (35, 97, 13))]"
1812,failed,"['05Dec@2', '02Ind@1']","['DecentralizingAgent', 'IndDecentralizingAgent']",97,96,AgentMechanismInterface,False,False,True,2,0.09060664201388136,0.15,True,False,,,2,False,,"(11, 101, 18)",62da07d5-2640-468b-a74c-155af44cab9d,0,[]
1813,failed,"['05Dec@2', '03Buy@1']","['DecentralizingAgent', 'BuyCheapSellExpensiveAgent']",97,96,AgentMechanismInterface,False,False,True,2,0.10161309101385996,0.15,True,False,,,2,False,,,439264ad-cd36-4d65-8eff-e48e622b6289,0,[]
1814,failed,"['02Ind@1', '05Dec@2']","['IndDecentralizingAgent', 'DecentralizingAgent']",97,96,AgentMechanismInterface,False,False,True,17,0.13233701995341107,0.9,False,False,"(8, 107, 26)",,2,False,,"(8, 107, 26)",f6acd474-1a78-4a9c-87be-fc2c2e8dec9a,0,"[('f6acd474-1a78-4a9c-87be-fc2c2e8dec9a', (8, 107, 26))]"
1815,failed,"['02Ind@1', '04MyA@2']","['IndDecentralizingAgent', 'MyAgent']",97,96,AgentMechanismInterface,False,False,True,17,0.1527150120236911,0.9,False,False,"(8, 107, 26)",,2,False,,"(8, 107, 26)",fd258779-998e-4637-9d40-12b170169fb8,0,"[('fd258779-998e-4637-9d40-12b170169fb8', (8, 107, 26))]"
1816,failed,"['00Dec@0', '03Buy@1']","['DecentralizingAgent', 'BuyCheapSellExpensiveAgent']",97,96,AgentMechanismInterface,False,False,True,17,0.2670241859741509,0.9,False,False,"(19, 105, 20)",,2,False,,"(19, 105, 20)",297a9f6a-f84d-4c0f-964d-5c2427bd8667,0,[]
1817,failed,"['05Dec@2', '03Buy@1']","['DecentralizingAgent', 'BuyCheapSellExpensiveAgent']",97,96,AgentMechanismInterface,False,False,True,17,0.1765375669929199,0.9,False,False,"(4, 97, 9)",,2,False,,"(4, 97, 9)",8431c83d-8050-4f33-82dd-fa519eafdc7a,0,"[('8431c83d-8050-4f33-82dd-fa519eafdc7a', (4, 97, 9))]"
1818,failed,"['05Dec@2', '02Ind@1']","['DecentralizingAgent', 'IndDecentralizingAgent']",97,96,AgentMechanismInterface,False,False,True,17,0.2405280849779956,0.9,True,False,,,2,False,,"(4, 97, 9)",7aa1a766-b430-435c-a1c9-316912c721f5,0,"[('7aa1a766-b430-435c-a1c9-316912c721f5', (4, 97, 9))]"
1819,failed,"['00Dec@0', '02Ind@1']","['DecentralizingAgent', 'IndDecentralizingAgent']",97,96,AgentMechanismInterface,False,False,True,17,0.21839619003003463,0.9,True,False,,,2,False,,"(19, 104, 19)",69248675-2ed0-415a-b3b7-649bdc8e3412,0,[]
1820,failed,"['05Dec@2', '02Ind@1']","['DecentralizingAgent', 'IndDecentralizingAgent']",98,97,AgentMechanismInterface,False,False,True,2,0.17677908099722117,0.15,False,False,"(46, 108, 18)",,2,False,,"(46, 108, 18)",1be67750-7ae2-4959-8ac4-1ae138457334,0,[]
1821,failed,"['04MyA@2', '02Ind@1']","['MyAgent', 'IndDecentralizingAgent']",98,97,AgentMechanismInterface,False,False,True,2,0.4588085620198399,0.15,False,False,"(62, 108, 18)",,2,False,,"(62, 108, 18)",f64e01b0-0760-44e6-b82a-055f300e9827,0,"[('f64e01b0-0760-44e6-b82a-055f300e9827', (62, 108, 18))]"
1822,failed,"['00Dec@0', '02Ind@1']","['DecentralizingAgent', 'IndDecentralizingAgent']",98,97,AgentMechanismInterface,False,False,True,17,0.17152768996311352,0.9,False,False,"(19, 104, 19)",,2,False,,"(19, 104, 19)",e5f25b84-d89a-4f0b-a3d2-c4f7aacd6f48,0,[]
1823,failed,"['00Dec@0', '03Buy@1']","['DecentralizingAgent', 'BuyCheapSellExpensiveAgent']",98,97,AgentMechanismInterface,False,False,True,17,0.2396087939850986,0.9,True,False,,,2,False,,"(19, 104, 19)",6f08c90d-70db-4f1f-ab8f-fe0fd3b46592,0,[]
1824,failed,"['01Dec@0', '03Buy@1']","['DecentralizingAgent', 'BuyCheapSellExpensiveAgent']",98,97,AgentMechanismInterface,False,False,True,17,0.36906908004311845,0.9,False,False,"(4, 106, 19)",,2,False,,"(4, 106, 19)",89934132-d17b-4385-80b4-6ec2e3cbda65,0,"[('89934132-d17b-4385-80b4-6ec2e3cbda65', (4, 106, 19))]"
1825,failed,"['05Dec@2', '03Buy@1']","['DecentralizingAgent', 'BuyCheapSellExpensiveAgent']",98,97,AgentMechanismInterface,False,False,True,17,0.6418667050311342,0.9,False,False,"(8, 102, 10)",,2,False,,"(8, 102, 10)",0a2e846d-849a-4cb0-b1be-d76326485a66,0,"[('0a2e846d-849a-4cb0-b1be-d76326485a66', (8, 102, 10))]"
1826,failed,"['05Dec@2', '02Ind@1']","['DecentralizingAgent', 'IndDecentralizingAgent']",98,97,AgentMechanismInterface,False,False,True,17,0.4936573710292578,0.9,False,False,"(8, 98, 9)",,2,False,,"(8, 98, 9)",0b3d6adc-2ef1-498e-83d4-41e209d4b524,0,"[('0b3d6adc-2ef1-498e-83d4-41e209d4b524', (8, 98, 9))]"
1827,failed,"['02Ind@1', '05Dec@2']","['IndDecentralizingAgent', 'DecentralizingAgent']",98,97,AgentMechanismInterface,False,False,True,17,0.4461183499661274,0.9,False,False,"(24, 103, 28)",,2,False,,"(24, 103, 28)",7b284621-7190-40b6-b996-139aa53d966c,0,[]
1828,failed,"['00Dec@0', '02Ind@1']","['DecentralizingAgent', 'IndDecentralizingAgent']",98,97,AgentMechanismInterface,False,False,True,17,0.38734179694438353,0.9,False,False,"(15, 107, 20)",,2,False,,"(15, 107, 20)",e41265e2-0be4-4c62-90d1-ef6987f0cbfd,0,[]
1829,failed,"['01Dec@0', '02Ind@1']","['DecentralizingAgent', 'IndDecentralizingAgent']",98,97,AgentMechanismInterface,False,False,True,17,0.6593256000196561,0.9,True,False,,,2,False,,"(3, 108, 18)",0bdd5f24-9065-4c57-99d3-db1b16ff810f,0,[]
1830,failed,"['00Dec@0', '03Buy@1']","['DecentralizingAgent', 'BuyCheapSellExpensiveAgent']",98,97,AgentMechanismInterface,False,False,True,17,0.262758448952809,0.9,True,False,,,2,False,,"(15, 104, 19)",05a3a107-775c-4b18-9086-bc4bd33ca984,0,[]
1831,failed,"['02Ind@1', '04MyA@2']","['IndDecentralizingAgent', 'MyAgent']",98,97,AgentMechanismInterface,False,False,True,17,0.56530710804509,0.9,False,False,"(24, 103, 28)",,2,False,,"(24, 103, 28)",f7dcb112-3675-4f79-83ba-4ef8a378ddd9,0,[]
1832,failed,"['02Ind@1', '01Dec@0']","['IndDecentralizingAgent', 'DecentralizingAgent']",98,97,AgentMechanismInterface,False,False,True,17,0.7062878280412406,0.9,False,False,"(3, 102, 7)",,2,False,,"(3, 102, 7)",f7c58021-9056-44e9-8707-a2932c13a947,0,"[('f7c58021-9056-44e9-8707-a2932c13a947', (3, 102, 7))]"
1833,failed,"['02Ind@1', '00Dec@0']","['IndDecentralizingAgent', 'DecentralizingAgent']",98,97,AgentMechanismInterface,False,False,True,17,0.4356297139893286,0.9,False,False,"(3, 98, 7)",,2,False,,"(3, 98, 7)",4dccfe83-e2ec-4a2b-8f93-a499a806aa7a,0,"[('4dccfe83-e2ec-4a2b-8f93-a499a806aa7a', (3, 98, 7))]"
1834,failed,"['04MyA@2', '03Buy@1']","['MyAgent', 'BuyCheapSellExpensiveAgent']",99,98,AgentMechanismInterface,False,False,True,2,0.10982135898666456,0.15,False,False,"(46, 109, 18)",,2,False,,"(46, 109, 18)",e5a22eb1-b0ee-4cb1-b598-35511ad5bed1,0,[]
1835,failed,"['00Dec@0', '03Buy@1']","['DecentralizingAgent', 'BuyCheapSellExpensiveAgent']",99,98,AgentMechanismInterface,False,False,True,2,0.3386082770302892,0.15,False,False,"(13, 99, 13)",,2,False,,"(13, 99, 13)",afdd0a4b-6c67-4888-8a51-0a5f3077c6cb,0,[]
1836,failed,"['01Dec@0', '02Ind@1']","['DecentralizingAgent', 'IndDecentralizingAgent']",99,98,AgentMechanismInterface,False,False,True,2,0.2751273970352486,0.15,False,False,"(12, 99, 13)",,2,False,,"(12, 99, 13)",a27fe033-0e80-4df5-9d9e-4d478673455c,0,"[('a27fe033-0e80-4df5-9d9e-4d478673455c', (12, 99, 13))]"
1837,failed,"['05Dec@2', '02Ind@1']","['DecentralizingAgent', 'IndDecentralizingAgent']",99,98,AgentMechanismInterface,False,False,True,2,0.2217524090083316,0.15,True,False,,,2,False,,,b7d8954f-056b-4a6a-bc38-611212044758,0,[]
1838,failed,"['00Dec@0', '02Ind@1']","['DecentralizingAgent', 'IndDecentralizingAgent']",99,98,AgentMechanismInterface,False,False,True,17,0.3115416680229828,0.9,False,False,"(15, 107, 20)",,2,False,,"(15, 107, 20)",209ab1ea-1ab3-42e4-b5aa-6e3ce7450097,0,[]
1839,failed,"['05Dec@2', '03Buy@1']","['DecentralizingAgent', 'BuyCheapSellExpensiveAgent']",99,98,AgentMechanismInterface,False,False,True,17,0.5430962709942833,0.9,False,False,"(11, 107, 10)",,2,False,,"(11, 107, 10)",bed35b00-55a5-417d-b3f7-43c6db2ac02e,0,"[('bed35b00-55a5-417d-b3f7-43c6db2ac02e', (11, 107, 10))]"
1840,failed,"['01Dec@0', '03Buy@1']","['DecentralizingAgent', 'BuyCheapSellExpensiveAgent']",99,98,AgentMechanismInterface,False,False,True,17,0.43436342698987573,0.9,False,False,"(4, 105, 20)",,2,False,,"(4, 105, 20)",c4c358b1-f476-4b8a-b417-3f4f9521cb56,0,"[('c4c358b1-f476-4b8a-b417-3f4f9521cb56', (4, 105, 20))]"
1841,failed,"['00Dec@0', '02Ind@1']","['DecentralizingAgent', 'IndDecentralizingAgent']",99,98,AgentMechanismInterface,False,False,True,17,0.18836169101996347,0.9,False,False,"(19, 104, 19)",,2,False,,"(19, 104, 19)",ae49fec4-19d2-49bc-81a6-c15dbc688f62,0,[]
1842,failed,"['01Dec@0', '03Buy@1']","['DecentralizingAgent', 'BuyCheapSellExpensiveAgent']",99,98,AgentMechanismInterface,False,False,True,17,0.48811296198982745,0.9,False,False,"(11, 109, 20)",,2,False,,"(11, 109, 20)",53f7417d-f476-45bc-8ea3-3f955edcef12,0,"[('53f7417d-f476-45bc-8ea3-3f955edcef12', (11, 109, 20))]"
1843,failed,"['05Dec@2', '02Ind@1']","['DecentralizingAgent', 'IndDecentralizingAgent']",99,98,AgentMechanismInterface,False,False,True,17,0.3878194370190613,0.9,False,False,"(8, 103, 10)",,2,False,,"(8, 103, 10)",b68d9940-b408-4444-ace9-32d6d29be187,0,"[('b68d9940-b408-4444-ace9-32d6d29be187', (8, 103, 10))]"
1844,failed,"['01Dec@0', '02Ind@1']","['DecentralizingAgent', 'IndDecentralizingAgent']",99,98,AgentMechanismInterface,False,False,True,17,0.47153054299997166,0.9,False,False,"(11, 104, 19)",,2,False,,"(11, 104, 19)",af3ac5ce-bac9-4fa7-9e39-cb16c034cfe1,0,"[('af3ac5ce-bac9-4fa7-9e39-cb16c034cfe1', (11, 104, 19))]"
1845,failed,"['00Dec@0', '03Buy@1']","['DecentralizingAgent', 'BuyCheapSellExpensiveAgent']",99,98,AgentMechanismInterface,False,False,True,17,0.31595959496917203,0.9,True,False,,,2,False,,"(15, 104, 19)",d8c1794d-3948-4f83-ba1b-0117149e1331,0,[]
1846,failed,"['00Dec@0', '03Buy@1']","['DecentralizingAgent', 'BuyCheapSellExpensiveAgent']",99,98,AgentMechanismInterface,False,False,True,17,0.46692256402457133,0.9,True,False,,,2,False,,"(19, 104, 19)",21abd7c6-5fb0-415c-b6b5-e9cdfceff5d8,0,[]
1847,failed,"['01Dec@0', '02Ind@1']","['DecentralizingAgent', 'IndDecentralizingAgent']",99,98,AgentMechanismInterface,False,False,True,17,0.44828445999883115,0.9,True,False,,,2,False,,"(4, 105, 20)",1c19a98c-d07f-4617-8339-887980d262fc,0,"[('1c19a98c-d07f-4617-8339-887980d262fc', (4, 105, 20))]"
1848,failed,"['05Dec@2', '02Ind@1']","['DecentralizingAgent', 'IndDecentralizingAgent']",99,98,AgentMechanismInterface,False,False,True,17,0.5346193399745971,0.9,True,False,,,2,False,,"(11, 101, 11)",5af91bd3-1ac0-4f3a-8135-df4c0648d351,0,[]
1849,failed,"['05Dec@2', '03Buy@1']","['DecentralizingAgent', 'BuyCheapSellExpensiveAgent']",99,98,AgentMechanismInterface,False,False,True,17,0.44920591602567583,0.9,False,False,"(8, 99, 9)",,2,False,,"(8, 99, 9)",911b4bc1-9e58-4027-aad2-bcfee99aa185,0,"[('911b4bc1-9e58-4027-aad2-bcfee99aa185', (8, 99, 9))]"
1850,failed,"['02Ind@1', '04MyA@2']","['IndDecentralizingAgent', 'MyAgent']",99,98,AgentMechanismInterface,False,False,True,17,0.6349165430292487,0.9,False,False,"(2, 104, 27)",,2,False,,"(2, 104, 27)",7877d09b-dd36-463d-a403-eda5bd3ec186,0,"[('7877d09b-dd36-463d-a403-eda5bd3ec186', (2, 104, 27))]"
1851,failed,"['04MyA@2', '03Buy@1']","['MyAgent', 'BuyCheapSellExpensiveAgent']",100,99,AgentMechanismInterface,False,False,True,2,0.1845683070132509,0.15,False,False,"(68, 110, 18)",,2,False,,"(68, 110, 18)",287aa253-443d-4097-b7ad-dc193fbc9fd8,0,"[('287aa253-443d-4097-b7ad-dc193fbc9fd8', (68, 110, 18))]"
1852,failed,"['05Dec@2', '02Ind@1']","['DecentralizingAgent', 'IndDecentralizingAgent']",100,99,AgentMechanismInterface,False,False,True,2,0.40068507398245856,0.15,True,False,,,2,False,,"(22, 109, 18)",25026e90-77f3-4736-b26b-a1670880187a,0,[]
1853,failed,"['02Ind@1', '04MyA@2']","['IndDecentralizingAgent', 'MyAgent']",100,99,AgentMechanismInterface,False,False,True,16,0.49880074500106275,0.85,False,False,"(52, 105, 27)",,2,False,,"(52, 105, 27)",d4d74ca5-bc00-4743-aef4-dbb48edf9acd,0,"[('d4d74ca5-bc00-4743-aef4-dbb48edf9acd', (52, 105, 27))]"
1854,failed,"['05Dec@2', '02Ind@1']","['DecentralizingAgent', 'IndDecentralizingAgent']",100,99,AgentMechanismInterface,False,False,True,17,0.38479953701607883,0.9,False,False,"(11, 108, 10)",,2,False,,"(11, 108, 10)",0f6d98f2-6cbb-4bc4-8ddd-37117a8b259f,0,"[('0f6d98f2-6cbb-4bc4-8ddd-37117a8b259f', (11, 108, 10))]"
1855,failed,"['00Dec@0', '02Ind@1']","['DecentralizingAgent', 'IndDecentralizingAgent']",100,99,AgentMechanismInterface,False,False,True,17,0.6125336220138706,0.9,False,False,"(19, 105, 20)",,2,False,,"(19, 105, 20)",2deeafe0-0b46-4301-85b0-6c441f46647b,0,[]
1856,failed,"['01Dec@0', '02Ind@1']","['DecentralizingAgent', 'IndDecentralizingAgent']",100,99,AgentMechanismInterface,False,False,True,17,0.17892794398358092,0.9,False,False,"(4, 106, 19)",,2,False,,"(4, 106, 19)",93e286e1-97e8-4f9b-9b96-5e70c1596e56,0,"[('93e286e1-97e8-4f9b-9b96-5e70c1596e56', (4, 106, 19))]"
1857,failed,"['05Dec@2', '02Ind@1']","['DecentralizingAgent', 'IndDecentralizingAgent']",100,99,AgentMechanismInterface,False,False,True,17,0.5754336799727753,0.9,False,False,"(5, 102, 9)",,2,False,,"(5, 102, 9)",03e7a91c-7d53-4724-9357-ca9e8e93736e,0,"[('03e7a91c-7d53-4724-9357-ca9e8e93736e', (5, 102, 9))]"
1858,failed,"['01Dec@0', '03Buy@1']","['DecentralizingAgent', 'BuyCheapSellExpensiveAgent']",100,99,AgentMechanismInterface,False,False,True,17,0.23017267498653382,0.9,False,False,"(8, 106, 19)",,2,False,,"(8, 106, 19)",3c9ab1dd-fbb2-4981-a668-6e557a7555fc,0,"[('3c9ab1dd-fbb2-4981-a668-6e557a7555fc', (8, 106, 19))]"
1859,failed,"['01Dec@0', '02Ind@1']","['DecentralizingAgent', 'IndDecentralizingAgent']",100,99,AgentMechanismInterface,False,False,True,17,0.38868342101341113,0.9,True,False,,,2,False,,"(5, 110, 18)",086d1f7c-f7a2-4035-9313-253f10bc2b4a,0,[]
1860,failed,"['01Dec@0', '03Buy@1']","['DecentralizingAgent', 'BuyCheapSellExpensiveAgent']",100,99,AgentMechanismInterface,False,False,True,17,0.6128766569891013,0.9,True,False,,,2,False,,"(3, 108, 18)",a4958fac-6ed1-428d-88ff-04b9c932a93a,0,[]
1861,failed,"['05Dec@2', '03Buy@1']","['DecentralizingAgent', 'BuyCheapSellExpensiveAgent']",100,99,AgentMechanismInterface,False,False,True,17,0.7109784799977206,0.9,True,False,,,2,False,,"(11, 101, 11)",f5562cbd-7b57-43a0-8b16-5bde059392e7,0,[]
1862,failed,"['00Dec@0', '02Ind@1']","['DecentralizingAgent', 'IndDecentralizingAgent']",100,99,AgentMechanismInterface,False,False,True,17,0.2717142289620824,0.9,False,False,"(15, 107, 20)",,2,False,,"(15, 107, 20)",bc693084-a5f3-4df7-9f17-53f09bb53e53,0,[]
1863,failed,"['05Dec@2', '03Buy@1']","['DecentralizingAgent', 'BuyCheapSellExpensiveAgent']",100,99,AgentMechanismInterface,False,False,True,17,0.6890991720138118,0.9,True,False,,,2,False,,"(5, 102, 9)",1e874762-0c2a-4e70-877c-abd1a91f2258,0,"[('1e874762-0c2a-4e70-877c-abd1a91f2258', (5, 102, 9))]"
1864,failed,"['00Dec@0', '03Buy@1']","['DecentralizingAgent', 'BuyCheapSellExpensiveAgent']",100,99,AgentMechanismInterface,False,False,True,17,0.2766818100353703,0.9,True,False,,,2,False,,"(15, 104, 19)",22964194-3970-41af-bf67-fa356d4b2d2b,0,[]
1865,failed,"['00Dec@0', '03Buy@1']","['DecentralizingAgent', 'BuyCheapSellExpensiveAgent']",100,99,AgentMechanismInterface,False,False,True,17,0.6540543329901993,0.9,False,False,"(19, 105, 20)",,2,False,,"(19, 105, 20)",6e0fdb71-e991-4665-a3fd-3dbebb4ea084,0,[]
1866,failed,"['02Ind@1', '00Dec@0']","['IndDecentralizingAgent', 'DecentralizingAgent']",101,100,AgentMechanismInterface,False,False,True,2,0.19221323798410594,0.15,True,False,,,2,False,,,84c97fd4-2deb-452c-bbfc-65be3697d515,0,[]
1867,failed,"['05Dec@2', '02Ind@1']","['DecentralizingAgent', 'IndDecentralizingAgent']",101,100,AgentMechanismInterface,False,False,True,2,0.20434573601232842,0.15,True,False,,,2,False,,"(22, 109, 18)",e7b4e5b7-d9d6-400e-be0d-b0c933c871de,0,[]
1868,failed,"['04MyA@2', '03Buy@1']","['MyAgent', 'BuyCheapSellExpensiveAgent']",101,100,AgentMechanismInterface,False,False,True,2,0.10269192600389943,0.15,True,False,,,2,False,,"(18, 111, 18)",bf729ab2-9a38-409c-b321-e0eda16ad584,0,[]
1869,failed,"['05Dec@2', '03Buy@1']","['DecentralizingAgent', 'BuyCheapSellExpensiveAgent']",101,100,AgentMechanismInterface,False,False,True,17,0.4508507520076819,0.9,False,False,"(5, 102, 9)",,2,False,,"(5, 102, 9)",1266b7e2-127a-495a-9fe1-b51e9f419572,0,"[('1266b7e2-127a-495a-9fe1-b51e9f419572', (5, 102, 9))]"
1870,failed,"['05Dec@2', '02Ind@1']","['DecentralizingAgent', 'IndDecentralizingAgent']",101,100,AgentMechanismInterface,False,False,True,17,0.2884196169907227,0.9,False,False,"(5, 103, 9)",,2,False,,"(5, 103, 9)",efee61cf-0d48-4662-a636-66e50bf08128,0,"[('efee61cf-0d48-4662-a636-66e50bf08128', (5, 103, 9))]"
1871,failed,"['05Dec@2', '02Ind@1']","['DecentralizingAgent', 'IndDecentralizingAgent']",101,100,AgentMechanismInterface,False,False,True,17,0.3712805419927463,0.9,False,False,"(11, 108, 10)",,2,False,,"(11, 108, 10)",caab22b8-ad36-418a-a299-f3f4d6b1a658,0,"[('caab22b8-ad36-418a-a299-f3f4d6b1a658', (11, 108, 10))]"
1872,failed,"['00Dec@0', '02Ind@1']","['DecentralizingAgent', 'IndDecentralizingAgent']",101,100,AgentMechanismInterface,False,False,True,17,0.5274644470191561,0.9,False,False,"(15, 104, 19)",,2,False,,"(15, 104, 19)",9d4f80b7-7471-491d-94f0-76e84c402d51,0,[]
1873,failed,"['01Dec@0', '02Ind@1']","['DecentralizingAgent', 'IndDecentralizingAgent']",101,100,AgentMechanismInterface,False,False,True,17,0.42286830401280895,0.9,False,False,"(10, 111, 20)",,2,False,,"(10, 111, 20)",cac996ff-2bdc-4d8e-9ba9-7170964cd679,0,"[('cac996ff-2bdc-4d8e-9ba9-7170964cd679', (10, 111, 20))]"
1874,failed,"['05Dec@2', '02Ind@1']","['DecentralizingAgent', 'IndDecentralizingAgent']",101,100,AgentMechanismInterface,False,False,True,17,0.2521119660232216,0.9,True,False,,,2,False,,"(5, 102, 9)",52a81fc0-a92e-440c-9068-3ade992e1375,0,"[('52a81fc0-a92e-440c-9068-3ade992e1375', (5, 102, 9))]"
1875,failed,"['00Dec@0', '02Ind@1']","['DecentralizingAgent', 'IndDecentralizingAgent']",101,100,AgentMechanismInterface,False,False,True,17,0.46432444103993475,0.9,False,False,"(16, 110, 20)",,2,False,,"(16, 110, 20)",e9cd1a3a-2855-4282-94ad-f13d5c030c60,0,[]
1876,failed,"['05Dec@2', '03Buy@1']","['DecentralizingAgent', 'BuyCheapSellExpensiveAgent']",101,100,AgentMechanismInterface,False,False,True,17,0.5228271289961413,0.9,True,False,,,2,False,,"(11, 101, 9)",b134eca1-3712-4533-b560-79dde36d1e2b,0,"[('b134eca1-3712-4533-b560-79dde36d1e2b', (11, 101, 9))]"
1877,failed,"['01Dec@0', '03Buy@1']","['DecentralizingAgent', 'BuyCheapSellExpensiveAgent']",101,100,AgentMechanismInterface,False,False,True,17,0.5964870190364309,0.9,True,False,,,2,False,,"(10, 111, 20)",9af3d928-3264-4b48-9a0a-f960af2dfea4,0,"[('9af3d928-3264-4b48-9a0a-f960af2dfea4', (10, 111, 20))]"
1878,failed,"['00Dec@0', '03Buy@1']","['DecentralizingAgent', 'BuyCheapSellExpensiveAgent']",101,100,AgentMechanismInterface,False,False,True,17,0.30226877197856084,0.9,True,False,,,2,False,,"(15, 104, 19)",0921754e-0ce4-49e2-a427-ec48b96fbd93,0,[]
1879,failed,"['01Dec@0', '02Ind@1']","['DecentralizingAgent', 'IndDecentralizingAgent']",101,100,AgentMechanismInterface,False,False,True,17,0.5729340550024062,0.9,False,False,"(8, 109, 20)",,2,False,,"(8, 109, 20)",3688e8ee-7482-447d-92bb-e63263894d54,0,"[('3688e8ee-7482-447d-92bb-e63263894d54', (8, 109, 20))]"
1880,failed,"['03Buy@1', '00Dec@0']","['BuyCheapSellExpensiveAgent', 'DecentralizingAgent']",101,100,AgentMechanismInterface,False,False,True,17,0.643507294007577,0.9,False,False,"(6, 101, 7)",,2,False,,"(6, 101, 7)",7450a3e8-233a-49cc-8ca0-bdabf9f03299,0,"[('7450a3e8-233a-49cc-8ca0-bdabf9f03299', (6, 101, 7))]"
1881,failed,"['05Dec@2', '03Buy@1']","['DecentralizingAgent', 'BuyCheapSellExpensiveAgent']",101,100,AgentMechanismInterface,False,False,True,17,0.44408626097720116,0.9,True,False,,,2,False,,"(5, 103, 11)",765c05cb-e3ff-4cfd-bac8-7c869331211c,0,[]
1882,failed,"['01Dec@0', '02Ind@1']","['DecentralizingAgent', 'IndDecentralizingAgent']",101,100,AgentMechanismInterface,False,False,True,17,0.43592456995975226,0.9,False,False,"(4, 106, 19)",,2,False,,"(4, 106, 19)",601c76d7-f3f2-4ac1-bbc1-9dd28f614a47,0,"[('601c76d7-f3f2-4ac1-bbc1-9dd28f614a47', (4, 106, 19))]"
1883,failed,"['01Dec@0', '03Buy@1']","['DecentralizingAgent', 'BuyCheapSellExpensiveAgent']",101,100,AgentMechanismInterface,False,False,True,17,0.44875532801961526,0.9,True,False,,,2,False,,"(5, 110, 18)",45a25595-5b39-481b-8bd0-0e818f74934a,0,[]
1884,failed,"['02Ind@1', '04MyA@2']","['IndDecentralizingAgent', 'MyAgent']",101,100,AgentMechanismInterface,False,False,True,17,0.4733962820027955,0.9,False,False,"(19, 108, 28)",,2,False,,"(19, 108, 28)",898fe457-f253-48ff-89d1-73bd00ec60fb,0,[]
1885,failed,"['00Dec@0', '03Buy@1']","['DecentralizingAgent', 'BuyCheapSellExpensiveAgent']",101,100,AgentMechanismInterface,False,False,True,17,0.3911730370018631,0.9,False,False,"(16, 110, 20)",,2,False,,"(16, 110, 20)",4280fb1c-736c-48c6-9e84-28a76cee53b4,0,[]
1886,failed,"['01Dec@0', '03Buy@1']","['DecentralizingAgent', 'BuyCheapSellExpensiveAgent']",101,100,AgentMechanismInterface,False,False,True,17,0.7059357949765399,0.9,True,False,,,2,False,,"(3, 108, 18)",2a059b83-a942-4b1c-ba33-ee98f0af78af,0,[]
1887,failed,"['04MyA@2', '03Buy@1']","['MyAgent', 'BuyCheapSellExpensiveAgent']",102,101,AgentMechanismInterface,False,False,True,2,0.46092030400177464,0.15,False,False,"(51, 112, 18)",,2,False,,"(51, 112, 18)",626b5ddd-265e-4bda-ae35-064bafcdeb8d,0,"[('626b5ddd-265e-4bda-ae35-064bafcdeb8d', (51, 112, 18))]"
1888,failed,"['00Dec@0', '02Ind@1']","['DecentralizingAgent', 'IndDecentralizingAgent']",102,101,AgentMechanismInterface,False,False,True,2,0.2532798479660414,0.15,True,False,,,2,False,,"(7, 102, 13)",7253c02c-9327-4720-bd4d-4fe0229f2663,0,[]
1889,failed,"['05Dec@2', '03Buy@1']","['DecentralizingAgent', 'BuyCheapSellExpensiveAgent']",102,101,AgentMechanismInterface,False,False,True,2,0.0961379450163804,0.15,True,False,,,2,False,,,453769e4-a915-4aa1-adc6-5d8ac370b5a7,0,[]
1890,failed,"['04MyA@2', '03Buy@1']","['MyAgent', 'BuyCheapSellExpensiveAgent']",102,101,AgentMechanismInterface,False,False,True,2,0.23822930495953187,0.15,True,False,,,2,False,,,3abfe31f-cff0-431b-b235-d047672df540,0,[]
1891,failed,"['02Ind@1', '01Dec@0']","['IndDecentralizingAgent', 'DecentralizingAgent']",102,101,AgentMechanismInterface,False,False,True,16,0.47411235701292753,0.85,False,False,"(38, 106, 7)",,2,False,,"(38, 106, 7)",59fe25a1-530e-44a6-8a2d-d69be01ac359,0,"[('59fe25a1-530e-44a6-8a2d-d69be01ac359', (38, 106, 7))]"
1892,failed,"['02Ind@1', '00Dec@0']","['IndDecentralizingAgent', 'DecentralizingAgent']",102,101,AgentMechanismInterface,False,False,True,16,0.23460261203581467,0.85,False,False,"(38, 102, 7)",,2,False,,"(38, 102, 7)",8cc7b16d-e0b5-4333-b435-fd1f2e66d41a,0,"[('8cc7b16d-e0b5-4333-b435-fd1f2e66d41a', (38, 102, 7))]"
1893,failed,"['01Dec@0', '03Buy@1']","['DecentralizingAgent', 'BuyCheapSellExpensiveAgent']",102,101,AgentMechanismInterface,False,False,True,17,0.5366625119931996,0.9,False,False,"(4, 105, 20)",,2,False,,"(4, 105, 20)",b5326c34-5436-44e1-aaec-73e6d5e03130,0,"[('b5326c34-5436-44e1-aaec-73e6d5e03130', (4, 105, 20))]"
1894,failed,"['05Dec@2', '03Buy@1']","['DecentralizingAgent', 'BuyCheapSellExpensiveAgent']",102,101,AgentMechanismInterface,False,False,True,17,0.3236935359891504,0.9,False,False,"(5, 103, 10)",,2,False,,"(5, 103, 10)",68bcc9ef-8dbd-4451-afa0-0f104c48d192,0,"[('68bcc9ef-8dbd-4451-afa0-0f104c48d192', (5, 103, 10))]"
1895,failed,"['05Dec@2', '02Ind@1']","['DecentralizingAgent', 'IndDecentralizingAgent']",102,101,AgentMechanismInterface,False,False,True,17,0.42507793504046276,0.9,False,False,"(5, 104, 10)",,2,False,,"(5, 104, 10)",44a72cd4-67c8-43a2-a6d1-246dd5a1eb09,0,"[('44a72cd4-67c8-43a2-a6d1-246dd5a1eb09', (5, 104, 10))]"
1896,failed,"['05Dec@2', '03Buy@1']","['DecentralizingAgent', 'BuyCheapSellExpensiveAgent']",102,101,AgentMechanismInterface,False,False,True,17,0.3116887219948694,0.9,True,False,,,2,False,,"(5, 103, 9)",e0685cb0-43ae-4587-ba7b-1b1430b4e51f,0,"[('e0685cb0-43ae-4587-ba7b-1b1430b4e51f', (5, 103, 9))]"
1897,failed,"['01Dec@0', '03Buy@1']","['DecentralizingAgent', 'BuyCheapSellExpensiveAgent']",102,101,AgentMechanismInterface,False,False,True,17,0.5161967959720641,0.9,False,False,"(10, 111, 20)",,2,False,,"(10, 111, 20)",ffbd2fee-7f10-45e5-9b95-ec7007e52ff6,0,"[('ffbd2fee-7f10-45e5-9b95-ec7007e52ff6', (10, 111, 20))]"
1898,failed,"['00Dec@0', '02Ind@1']","['DecentralizingAgent', 'IndDecentralizingAgent']",102,101,AgentMechanismInterface,False,False,True,17,0.3107765410095453,0.9,False,False,"(15, 104, 19)",,2,False,,"(15, 104, 19)",ed300260-f209-406f-9381-102511dbbde6,0,[]
1899,failed,"['01Dec@0', '02Ind@1']","['DecentralizingAgent', 'IndDecentralizingAgent']",102,101,AgentMechanismInterface,False,False,True,17,0.5687538789934479,0.9,False,False,"(8, 106, 19)",,2,False,,"(8, 106, 19)",100a010c-84c5-49a4-94dc-9e3796a454e7,0,"[('100a010c-84c5-49a4-94dc-9e3796a454e7', (8, 106, 19))]"
1900,failed,"['01Dec@0', '03Buy@1']","['DecentralizingAgent', 'BuyCheapSellExpensiveAgent']",102,101,AgentMechanismInterface,False,False,True,17,0.45976233400870115,0.9,True,False,,,2,False,,"(8, 109, 20)",a25717a5-b3cb-4e6e-b014-c9fa7e7d2494,0,"[('a25717a5-b3cb-4e6e-b014-c9fa7e7d2494', (8, 109, 20))]"
1901,failed,"['05Dec@2', '02Ind@1']","['DecentralizingAgent', 'IndDecentralizingAgent']",102,101,AgentMechanismInterface,False,False,True,17,0.3454237490077503,0.9,False,False,"(10, 108, 10)",,2,False,,"(10, 108, 10)",59bde05f-1cc0-4a8c-8891-608e2f083666,0,"[('59bde05f-1cc0-4a8c-8891-608e2f083666', (10, 108, 10))]"
1902,failed,"['05Dec@2', '02Ind@1']","['DecentralizingAgent', 'IndDecentralizingAgent']",102,101,AgentMechanismInterface,False,False,True,17,0.35742928500985727,0.9,True,False,,,2,False,,"(5, 103, 9)",931ccefe-4091-4f26-9bbb-92d507af8d86,0,"[('931ccefe-4091-4f26-9bbb-92d507af8d86', (5, 103, 9))]"
1903,failed,"['05Dec@2', '03Buy@1']","['DecentralizingAgent', 'BuyCheapSellExpensiveAgent']",102,101,AgentMechanismInterface,False,False,True,17,0.5729035419644788,0.9,False,False,"(10, 108, 10)",,2,False,,"(10, 108, 10)",c70d24d2-383d-4ce5-ab93-afc82ef6de37,0,"[('c70d24d2-383d-4ce5-ab93-afc82ef6de37', (10, 108, 10))]"
1904,failed,"['00Dec@0', '03Buy@1']","['DecentralizingAgent', 'BuyCheapSellExpensiveAgent']",102,101,AgentMechanismInterface,False,False,True,17,0.427333990985062,0.9,False,False,"(15, 107, 20)",,2,False,,"(15, 107, 20)",d66a3435-ff6b-4298-8ba8-79b044cf0d7c,0,[]
1905,failed,"['01Dec@0', '02Ind@1']","['DecentralizingAgent', 'IndDecentralizingAgent']",102,101,AgentMechanismInterface,False,False,True,17,0.3405064749531448,0.9,True,False,,,2,False,,"(10, 111, 20)",c86953bc-2b1d-4330-8969-1ebd8009a6f3,0,"[('c86953bc-2b1d-4330-8969-1ebd8009a6f3', (10, 111, 20))]"
1906,failed,"['01Dec@0', '02Ind@1']","['DecentralizingAgent', 'IndDecentralizingAgent']",102,101,AgentMechanismInterface,False,False,True,17,0.41636415803804994,0.9,False,False,"(18, 109, 19)",,2,False,,"(18, 109, 19)",f0b20054-b473-440e-8f3f-e43f0ea16658,0,[]
1907,failed,"['01Dec@0', '02Ind@1']","['DecentralizingAgent', 'IndDecentralizingAgent']",102,101,AgentMechanismInterface,False,False,True,17,0.3976501659490168,0.9,True,False,,,2,False,,"(4, 105, 20)",aa703a5f-c0a8-4a6d-8190-885a116c3454,0,"[('aa703a5f-c0a8-4a6d-8190-885a116c3454', (4, 105, 20))]"
1908,failed,"['00Dec@0', '02Ind@1']","['DecentralizingAgent', 'IndDecentralizingAgent']",103,102,AgentMechanismInterface,False,False,True,2,0.009428087971173227,0.15,True,False,,,2,False,,,8269c50b-dc67-4c4d-a994-44ccb992976e,0,[]
1909,failed,"['05Dec@2', '02Ind@1']","['DecentralizingAgent', 'IndDecentralizingAgent']",103,102,AgentMechanismInterface,False,False,True,17,0.15818348398897797,0.9,False,False,"(5, 103, 9)",,2,False,,"(5, 103, 9)",fe720362-5df1-474c-8b71-e705ed1dafc1,0,"[('fe720362-5df1-474c-8b71-e705ed1dafc1', (5, 103, 9))]"
1910,failed,"['01Dec@0', '02Ind@1']","['DecentralizingAgent', 'IndDecentralizingAgent']",103,102,AgentMechanismInterface,False,False,True,17,0.22291200299514458,0.9,False,False,"(15, 112, 20)",,2,False,,"(15, 112, 20)",460eb03f-8520-4f81-ad76-a08ac5fa6b99,0,[]
1911,failed,"['02Ind@1', '01Dec@0']","['IndDecentralizingAgent', 'DecentralizingAgent']",103,102,AgentMechanismInterface,False,False,True,17,0.19244560896186158,0.9,False,False,"(3, 107, 7)",,2,False,,"(3, 107, 7)",e5aa5f90-9013-480d-b001-a9ffb12010c4,0,"[('e5aa5f90-9013-480d-b001-a9ffb12010c4', (3, 107, 7))]"
1912,failed,"['00Dec@0', '02Ind@1']","['DecentralizingAgent', 'IndDecentralizingAgent']",103,102,AgentMechanismInterface,False,False,True,17,0.15898172999732196,0.9,False,False,"(15, 109, 19)",,2,False,,"(15, 109, 19)",5644bd27-3bdc-4d4c-9126-93884f59a6cd,0,[]
1913,failed,"['05Dec@2', '02Ind@1']","['DecentralizingAgent', 'IndDecentralizingAgent']",103,102,AgentMechanismInterface,False,False,True,17,0.2016490760142915,0.9,False,False,"(5, 104, 9)",,2,False,,"(5, 104, 9)",a46f364b-9b9e-407d-be5a-61535f7322fd,0,"[('a46f364b-9b9e-407d-be5a-61535f7322fd', (5, 104, 9))]"
1914,failed,"['01Dec@0', '02Ind@1']","['DecentralizingAgent', 'IndDecentralizingAgent']",103,102,AgentMechanismInterface,False,False,True,17,0.13699805201031268,0.9,False,False,"(11, 110, 20)",,2,False,,"(11, 110, 20)",b220fe0b-b9ff-4281-ac84-a7869d67bfeb,0,"[('b220fe0b-b9ff-4281-ac84-a7869d67bfeb', (11, 110, 20))]"
1915,failed,"['01Dec@0', '02Ind@1']","['DecentralizingAgent', 'IndDecentralizingAgent']",103,102,AgentMechanismInterface,False,False,True,17,0.19181042100535706,0.9,False,False,"(14, 106, 19)",,2,False,,"(14, 106, 19)",f76e8feb-d323-42e6-9d3a-aef75f1deb5b,0,[]
1916,failed,"['01Dec@0', '02Ind@1']","['DecentralizingAgent', 'IndDecentralizingAgent']",103,102,AgentMechanismInterface,False,False,True,17,0.11966582504101098,0.9,False,False,"(10, 108, 20)",,2,False,,"(10, 108, 20)",7cda1c34-b744-4b89-a480-2d2213cffdec,0,"[('7cda1c34-b744-4b89-a480-2d2213cffdec', (10, 108, 20))]"
1917,failed,"['00Dec@0', '02Ind@1']","['DecentralizingAgent', 'IndDecentralizingAgent']",104,103,AgentMechanismInterface,False,False,True,2,0.026301643054466695,0.15,True,False,,,2,False,,,812852d3-320c-4e69-a2f7-361580769912,0,[]
1918,failed,"['00Dec@0', '02Ind@1']","['DecentralizingAgent', 'IndDecentralizingAgent']",104,103,AgentMechanismInterface,False,False,True,17,0.16185053897788748,0.9,False,False,"(15, 110, 19)",,2,False,,"(15, 110, 19)",277f0385-7672-4f76-bad2-bfcd980e94c8,0,[]
1919,failed,"['02Ind@1', '04MyA@2']","['IndDecentralizingAgent', 'MyAgent']",104,103,AgentMechanismInterface,False,False,True,17,0.17645486700348556,0.9,False,False,"(15, 111, 26)",,2,False,,"(15, 111, 26)",0c0b2927-b29e-4909-8ac1-bf47bee6760e,0,"[('0c0b2927-b29e-4909-8ac1-bf47bee6760e', (15, 111, 26))]"
1920,failed,"['02Ind@1', '05Dec@2']","['IndDecentralizingAgent', 'DecentralizingAgent']",104,103,AgentMechanismInterface,False,False,True,17,0.1452787279849872,0.9,False,False,"(15, 112, 28)",,2,False,,"(15, 112, 28)",2939a863-0a38-4f24-838a-fc31137e91d7,0,"[('2939a863-0a38-4f24-838a-fc31137e91d7', (15, 112, 28))]"
1921,failed,"['05Dec@2', '02Ind@1']","['DecentralizingAgent', 'IndDecentralizingAgent']",104,103,AgentMechanismInterface,False,False,True,17,0.10967594501562417,0.9,False,False,"(9, 108, 10)",,2,False,,"(9, 108, 10)",32f74547-8173-478f-b1e5-75d24fb3613b,0,"[('32f74547-8173-478f-b1e5-75d24fb3613b', (9, 108, 10))]"
1922,failed,"['05Dec@2', '02Ind@1']","['DecentralizingAgent', 'IndDecentralizingAgent']",105,104,AgentMechanismInterface,False,False,True,2,0.2666844489867799,0.15,True,False,,,2,False,,"(9, 109, 18)",873f7569-5fbd-4dd2-a509-ffdc45174188,0,[]
1923,failed,"['04MyA@2', '02Ind@1']","['MyAgent', 'IndDecentralizingAgent']",105,104,AgentMechanismInterface,False,False,True,2,0.11196608102181926,0.15,False,False,"(55, 115, 18)",,2,False,,"(55, 115, 18)",10a2a31b-bbb7-42fd-952b-f0cb14d8bd5b,0,"[('10a2a31b-bbb7-42fd-952b-f0cb14d8bd5b', (55, 115, 18))]"
1924,failed,"['01Dec@0', '02Ind@1']","['DecentralizingAgent', 'IndDecentralizingAgent']",105,104,AgentMechanismInterface,False,False,True,17,0.2944738809601404,0.9,False,False,"(3, 111, 20)",,2,False,,"(3, 111, 20)",6456eeb7-550f-4e37-a628-32d58318482d,0,"[('6456eeb7-550f-4e37-a628-32d58318482d', (3, 111, 20))]"
1925,failed,"['02Ind@1', '05Dec@2']","['IndDecentralizingAgent', 'DecentralizingAgent']",105,104,AgentMechanismInterface,False,False,True,17,0.30789865303086117,0.9,False,False,"(28, 115, 26)",,2,False,,"(28, 115, 26)",beaf02ae-b2f5-4262-b220-1216afa0b6a2,0,[]
1926,failed,"['02Ind@1', '04MyA@2']","['IndDecentralizingAgent', 'MyAgent']",105,104,AgentMechanismInterface,False,False,True,17,0.26408619404537603,0.9,False,False,"(28, 110, 28)",,2,False,,"(28, 110, 28)",04b6593a-7aac-4f01-986d-a78d2d3efc7f,0,[]
1927,failed,"['04MyA@2', '02Ind@1']","['MyAgent', 'IndDecentralizingAgent']",106,105,AgentMechanismInterface,False,False,True,2,0.08373612002469599,0.15,False,False,"(42, 116, 18)",,2,False,,"(42, 116, 18)",9d9d6313-daef-4659-8a6a-dc1f6ed11e47,0,[]
1928,failed,"['05Dec@2', '02Ind@1']","['DecentralizingAgent', 'IndDecentralizingAgent']",106,105,AgentMechanismInterface,False,False,True,2,0.24040404497645795,0.15,True,False,,,2,False,,"(26, 116, 18)",612fd0ee-6711-4745-b7cb-2ee39d1e51d6,0,[]
1929,failed,"['02Ind@1', '05Dec@2']","['IndDecentralizingAgent', 'DecentralizingAgent']",106,105,AgentMechanismInterface,False,False,True,17,0.37939557601930574,0.9,False,False,"(29, 116, 26)",,2,False,,"(29, 116, 26)",66c76e4d-2fc8-486e-b848-c122a19b4434,0,[]
1930,failed,"['00Dec@0', '02Ind@1']","['DecentralizingAgent', 'IndDecentralizingAgent']",106,105,AgentMechanismInterface,False,False,True,17,0.40507369698025286,0.9,False,False,"(14, 111, 19)",,2,False,,"(14, 111, 19)",19de8109-1a5c-4a5a-99cf-db9d668a1c1b,0,[]
1931,failed,"['02Ind@1', '04MyA@2']","['IndDecentralizingAgent', 'MyAgent']",106,105,AgentMechanismInterface,False,False,True,17,0.2265174619969912,0.9,False,False,"(29, 111, 28)",,2,False,,"(29, 111, 28)",dae3b2cb-8be9-4f9e-bb7a-e5b4dc817115,0,[]
1932,failed,"['01Dec@0', '02Ind@1']","['DecentralizingAgent', 'IndDecentralizingAgent']",106,105,AgentMechanismInterface,False,False,True,17,0.2340509679634124,0.9,False,False,"(3, 115, 19)",,2,False,,"(3, 115, 19)",b8a452d8-514c-4e15-91bb-d285f1519915,0,"[('b8a452d8-514c-4e15-91bb-d285f1519915', (3, 115, 19))]"
1933,failed,"['05Dec@2', '02Ind@1']","['DecentralizingAgent', 'IndDecentralizingAgent']",106,105,AgentMechanismInterface,False,False,True,17,0.2596860519843176,0.9,False,False,"(10, 106, 9)",,2,False,,"(10, 106, 9)",ce0a97ec-0375-4bcf-a530-324abe321257,0,"[('ce0a97ec-0375-4bcf-a530-324abe321257', (10, 106, 9))]"
1934,failed,"['00Dec@0', '02Ind@1']","['DecentralizingAgent', 'IndDecentralizingAgent']",107,106,AgentMechanismInterface,False,False,True,17,0.1389480900252238,0.9,False,False,"(16, 116, 20)",,2,False,,"(16, 116, 20)",8ae7f62f-f0e0-40bf-8b34-652e596d6db1,0,[]
1935,failed,"['02Ind@1', '04MyA@2']","['IndDecentralizingAgent', 'MyAgent']",107,106,AgentMechanismInterface,False,False,True,17,0.1077299650060013,0.9,False,False,"(17, 114, 26)",,2,False,,"(17, 114, 26)",33b4dc0a-dd6c-41b6-86af-55f083cb5de9,0,[]
1936,failed,"['02Ind@1', '05Dec@2']","['IndDecentralizingAgent', 'DecentralizingAgent']",107,106,AgentMechanismInterface,False,False,True,17,0.14919432997703552,0.9,False,False,"(17, 114, 26)",,2,False,,"(17, 114, 26)",9216faf4-3a7d-431f-adaf-7b4885e6b9b4,0,[]
1937,failed,"['04MyA@2', '02Ind@1']","['MyAgent', 'IndDecentralizingAgent']",108,107,AgentMechanismInterface,False,False,True,2,0.2567943620379083,0.15,False,False,"(53, 118, 18)",,2,False,,"(53, 118, 18)",584f1c83-2fa9-4692-8b4e-e7633068ffa0,0,[]
1938,failed,"['02Ind@1', '01Dec@0']","['IndDecentralizingAgent', 'DecentralizingAgent']",108,107,AgentMechanismInterface,False,False,True,2,0.053480988019146025,0.15,True,False,,,2,False,,"(5, 108, 1)",212ffcf4-9c60-4f3b-8978-ae5b568aa2b2,0,[]
1939,failed,"['02Ind@1', '00Dec@0']","['IndDecentralizingAgent', 'DecentralizingAgent']",108,107,AgentMechanismInterface,False,False,True,17,0.18394470697967336,0.9,False,False,"(3, 108, 7)",,2,False,,"(3, 108, 7)",11b897a9-c880-47d7-8114-167bef1010b3,0,"[('11b897a9-c880-47d7-8114-167bef1010b3', (3, 108, 7))]"
1940,failed,"['05Dec@2', '02Ind@1']","['DecentralizingAgent', 'IndDecentralizingAgent']",108,107,AgentMechanismInterface,False,False,True,17,0.23714910994749516,0.9,False,False,"(10, 108, 9)",,2,False,,"(10, 108, 9)",391115cc-1ba3-4b35-acc2-a45d86b4d5ce,0,"[('391115cc-1ba3-4b35-acc2-a45d86b4d5ce', (10, 108, 9))]"
1941,failed,"['00Dec@0', '02Ind@1']","['DecentralizingAgent', 'IndDecentralizingAgent']",108,107,AgentMechanismInterface,False,False,True,17,0.3622333789826371,0.9,False,False,"(13, 113, 19)",,2,False,,"(13, 113, 19)",1c05c17f-950c-4e03-83d3-89cbe02aaf44,0,[]
1942,failed,"['01Dec@0', '02Ind@1']","['DecentralizingAgent', 'IndDecentralizingAgent']",108,107,AgentMechanismInterface,False,False,True,17,0.21822883695131168,0.9,False,False,"(17, 114, 19)",,2,False,,"(17, 114, 19)",a0a68527-e652-4333-9347-604f6764925b,0,[]
1943,failed,"['02Ind@1', '04MyA@2']","['IndDecentralizingAgent', 'MyAgent']",108,107,AgentMechanismInterface,False,False,True,17,0.16305023897439241,0.9,False,False,"(20, 115, 28)",,2,False,,"(20, 115, 28)",d1e26c1f-ea2a-449f-b563-ddb1ea00fee8,0,[]
1944,failed,"['02Ind@1', '05Dec@2']","['IndDecentralizingAgent', 'DecentralizingAgent']",108,107,AgentMechanismInterface,False,False,True,17,0.2176545180263929,0.9,False,False,"(20, 116, 26)",,2,False,,"(20, 116, 26)",db34c422-7285-45ef-9f3e-bc08c80e691b,0,[]
1945,failed,"['05Dec@2', '02Ind@1']","['DecentralizingAgent', 'IndDecentralizingAgent']",109,108,AgentMechanismInterface,False,False,True,2,0.07146260101580992,0.15,True,False,,,2,False,,"(2, 119, 18)",6f8931bb-468b-4fd5-9897-4f4f73e6ce32,0,[]
1946,failed,"['00Dec@0', '02Ind@1']","['DecentralizingAgent', 'IndDecentralizingAgent']",109,108,AgentMechanismInterface,False,False,True,2,0.038780530041549355,0.15,False,False,"(56, 109, 13)",,2,False,,"(56, 109, 13)",618021b7-1cc9-4bc0-91e6-fd5a0ed1a441,0,[]
1947,failed,"['04MyA@2', '02Ind@1']","['MyAgent', 'IndDecentralizingAgent']",109,108,AgentMechanismInterface,False,False,True,2,0.1709787579602562,0.15,False,False,"(50, 119, 18)",,2,False,,"(50, 119, 18)",e8ede6b0-667c-4b4c-8e28-16220977db0f,0,"[('e8ede6b0-667c-4b4c-8e28-16220977db0f', (50, 119, 18))]"
1948,failed,"['02Ind@1', '04MyA@2']","['IndDecentralizingAgent', 'MyAgent']",109,108,AgentMechanismInterface,False,False,True,17,0.039794746960978955,0.9,False,False,"(1, 114, 27)",,2,False,,"(1, 114, 27)",40538c2a-2366-49f0-9976-33d0558203ff,0,"[('40538c2a-2366-49f0-9976-33d0558203ff', (1, 114, 27))]"
1949,failed,"['00Dec@0', '02Ind@1']","['DecentralizingAgent', 'IndDecentralizingAgent']",109,108,AgentMechanismInterface,False,False,True,17,0.10320679697906598,0.9,False,False,"(16, 115, 19)",,2,False,,"(16, 115, 19)",6844f0a3-1a0e-4374-b4fb-b764a96638af,0,[]
1950,failed,"['02Ind@1', '05Dec@2']","['IndDecentralizingAgent', 'DecentralizingAgent']",109,108,AgentMechanismInterface,False,False,True,17,0.09116439096396789,0.9,False,False,"(1, 114, 27)",,2,False,,"(1, 114, 27)",8f932c49-2609-4490-9b8f-8ebd51161931,0,"[('8f932c49-2609-4490-9b8f-8ebd51161931', (1, 114, 27))]"
1951,failed,"['05Dec@2', '02Ind@1']","['DecentralizingAgent', 'IndDecentralizingAgent']",110,109,AgentMechanismInterface,False,False,True,2,0.0675282989977859,0.15,False,False,"(18, 120, 18)",,2,False,,"(18, 120, 18)",4deae61f-b72f-47f4-b80b-351bac46e3cd,0,[]
1952,failed,"['01Dec@0', '02Ind@1']","['DecentralizingAgent', 'IndDecentralizingAgent']",110,109,AgentMechanismInterface,False,False,True,17,0.04478456999640912,0.9,False,False,"(11, 120, 20)",,2,False,,"(11, 120, 20)",4a35c049-0b4f-4450-a2b4-fdeaf04c8dc1,0,"[('4a35c049-0b4f-4450-a2b4-fdeaf04c8dc1', (11, 120, 20))]"
1953,failed,"['05Dec@2', '02Ind@1']","['DecentralizingAgent', 'IndDecentralizingAgent']",111,110,AgentMechanismInterface,False,False,True,2,0.18768853100482374,0.15,True,False,,,2,False,,,bf55493b-fd4c-4a4a-9639-dddcce6ff65d,0,[]
1954,failed,"['02Ind@1', '05Dec@2']","['IndDecentralizingAgent', 'DecentralizingAgent']",111,110,AgentMechanismInterface,False,False,True,17,0.24052700999891385,0.9,False,False,"(24, 116, 28)",,2,False,,"(24, 116, 28)",26117f58-820d-4848-b82e-db23f4385352,0,[]
1955,failed,"['02Ind@1', '04MyA@2']","['IndDecentralizingAgent', 'MyAgent']",111,110,AgentMechanismInterface,False,False,True,17,0.14847615896724164,0.9,False,False,"(24, 121, 26)",,2,False,,"(24, 121, 26)",e041cc3b-c5e5-474f-811e-8e48e98b9c45,0,[]
1956,failed,"['01Dec@0', '02Ind@1']","['DecentralizingAgent', 'IndDecentralizingAgent']",111,110,AgentMechanismInterface,False,False,True,17,0.17911915603326634,0.9,False,False,"(17, 117, 19)",,2,False,,"(17, 117, 19)",c2d73028-7dde-4d29-82c7-b8ed4c2d42f0,0,[]
1957,failed,"['05Dec@2', '02Ind@1']","['DecentralizingAgent', 'IndDecentralizingAgent']",111,110,AgentMechanismInterface,False,False,True,17,0.2205995709518902,0.9,False,False,"(11, 119, 10)",,2,False,,"(11, 119, 10)",13fe2361-490d-4774-abc9-64d908868844,0,"[('13fe2361-490d-4774-abc9-64d908868844', (11, 119, 10))]"
1958,failed,"['05Dec@2', '02Ind@1']","['DecentralizingAgent', 'IndDecentralizingAgent']",112,111,AgentMechanismInterface,False,False,True,2,0.07976516598137096,0.15,True,False,,,2,False,,"(11, 116, 18)",a6d03c7a-717f-43d0-b818-03885c8f5cc1,0,[]
1959,failed,"['04MyA@2', '02Ind@1']","['MyAgent', 'IndDecentralizingAgent']",112,111,AgentMechanismInterface,False,False,True,2,0.26531159394653514,0.15,False,False,"(46, 122, 18)",,2,False,,"(46, 122, 18)",a82dc4fb-6731-4924-bf10-91b692668419,0,[]
1960,failed,"['05Dec@2', '02Ind@1']","['DecentralizingAgent', 'IndDecentralizingAgent']",112,111,AgentMechanismInterface,False,False,True,7,0.15714532101992518,0.4,False,False,"(25, 119, 18)",,2,False,,"(25, 119, 18)",4b0a5ff7-20ac-4b96-a3f7-5cb98d4c8ca6,0,"[('4b0a5ff7-20ac-4b96-a3f7-5cb98d4c8ca6', (25, 119, 18))]"
1961,failed,"['02Ind@1', '04MyA@2']","['IndDecentralizingAgent', 'MyAgent']",112,111,AgentMechanismInterface,False,False,True,17,0.12372569902800024,0.9,False,False,"(21, 119, 28)",,2,False,,"(21, 119, 28)",d288ceef-3555-4260-9ee1-1aa630b94933,0,[]
1962,failed,"['02Ind@1', '05Dec@2']","['IndDecentralizingAgent', 'DecentralizingAgent']",112,111,AgentMechanismInterface,False,False,True,17,0.24457038001855835,0.9,False,False,"(21, 120, 26)",,2,False,,"(21, 120, 26)",b0433af0-e5d9-4203-b558-10359e702f60,0,[]
1963,failed,"['00Dec@0', '02Ind@1']","['DecentralizingAgent', 'IndDecentralizingAgent']",112,111,AgentMechanismInterface,False,False,True,17,0.09320986800594255,0.9,False,False,"(13, 117, 19)",,2,False,,"(13, 117, 19)",88ea7d56-a1b8-4b99-86f4-4734c9a55b7e,0,[]
1964,failed,"['02Ind@1', '00Dec@0']","['IndDecentralizingAgent', 'DecentralizingAgent']",113,112,AgentMechanismInterface,False,False,True,2,0.3257965740049258,0.15,True,False,,,2,False,,,ce2587ec-14ad-49c6-8ee1-5715564bc532,0,[]
1965,failed,"['05Dec@2', '02Ind@1']","['DecentralizingAgent', 'IndDecentralizingAgent']",113,112,AgentMechanismInterface,False,False,True,2,0.15849097800673917,0.15,True,False,,,2,False,,,a3c52ee1-1481-419c-a54a-851e22df6406,0,[]
1966,failed,"['02Ind@1', '01Dec@0']","['IndDecentralizingAgent', 'DecentralizingAgent']",113,112,AgentMechanismInterface,False,False,True,16,0.3157216979889199,0.85,False,False,"(37, 117, 7)",,2,False,,"(37, 117, 7)",d86a8a02-d68a-476f-afab-36a488e13b45,0,"[('d86a8a02-d68a-476f-afab-36a488e13b45', (37, 117, 7))]"
1967,failed,"['05Dec@2', '02Ind@1']","['DecentralizingAgent', 'IndDecentralizingAgent']",113,112,AgentMechanismInterface,False,False,True,17,0.2687185179674998,0.9,False,False,"(10, 113, 9)",,2,False,,"(10, 113, 9)",e3932631-4343-4279-af98-fd7e00c7f422,0,"[('e3932631-4343-4279-af98-fd7e00c7f422', (10, 113, 9))]"
1968,failed,"['02Ind@1', '04MyA@2']","['IndDecentralizingAgent', 'MyAgent']",113,112,AgentMechanismInterface,False,False,True,17,0.21286738000344485,0.9,False,False,"(31, 123, 26)",,2,False,,"(31, 123, 26)",87594a7f-9428-489c-a250-15d909ccfee7,0,[]
1969,failed,"['05Dec@2', '02Ind@1']","['DecentralizingAgent', 'IndDecentralizingAgent']",113,112,AgentMechanismInterface,False,False,True,17,0.502776918001473,0.9,False,False,"(12, 122, 10)",,2,False,,"(12, 122, 10)",84029714-0994-4f64-83c1-d0f0f118b5db,0,"[('84029714-0994-4f64-83c1-d0f0f118b5db', (12, 122, 10))]"
1970,failed,"['02Ind@1', '05Dec@2']","['IndDecentralizingAgent', 'DecentralizingAgent']",113,112,AgentMechanismInterface,False,False,True,17,0.43465381499845535,0.9,False,False,"(31, 118, 28)",,2,False,,"(31, 118, 28)",c8f9082e-0683-4210-bfec-2fd2d54f6e55,0,[]
1971,failed,"['01Dec@0', '02Ind@1']","['DecentralizingAgent', 'IndDecentralizingAgent']",113,112,AgentMechanismInterface,False,False,True,17,0.24163401400437579,0.9,False,False,"(13, 118, 19)",,2,False,,"(13, 118, 19)",7ca0cba3-2f6b-47f6-915f-eccc6077fe0a,0,[]
1972,failed,"['00Dec@0', '02Ind@1']","['DecentralizingAgent', 'IndDecentralizingAgent']",113,112,AgentMechanismInterface,False,False,True,17,0.5378016899921931,0.9,False,False,"(17, 119, 19)",,2,False,,"(17, 119, 19)",da4b596d-2477-4c96-bf56-a834ef3fe2e9,0,[]
1973,failed,"['02Ind@1', '01Dec@0']","['IndDecentralizingAgent', 'DecentralizingAgent']",114,113,AgentMechanismInterface,False,False,True,2,0.004842925991397351,0.15,True,False,,,2,False,,"(5, 114, 1)",92bae349-6f57-401d-87eb-f0fe436c0deb,0,[]
1974,failed,"['05Dec@2', '02Ind@1']","['DecentralizingAgent', 'IndDecentralizingAgent']",114,113,AgentMechanismInterface,False,False,True,2,0.07724984898231924,0.15,True,False,,,2,False,,"(19, 123, 18)",4c140ab3-bec1-4d94-8c6d-f6029724fe28,0,[]
1975,failed,"['02Ind@1', '00Dec@0']","['IndDecentralizingAgent', 'DecentralizingAgent']",114,113,AgentMechanismInterface,False,False,True,2,0.08212614501826465,0.15,True,False,,,2,False,,,72bde46b-2f10-4100-851e-2d2c0141bf7e,0,[]
1976,failed,"['04MyA@2', '02Ind@1']","['MyAgent', 'IndDecentralizingAgent']",114,113,AgentMechanismInterface,False,False,True,6,0.16260533401509747,0.35,False,False,"(39, 123, 18)",,2,False,,"(39, 123, 18)",f61fca94-d028-4f1d-bdf9-957da20c4989,0,"[('f61fca94-d028-4f1d-bdf9-957da20c4989', (39, 123, 18))]"
1977,failed,"['01Dec@0', '02Ind@1']","['DecentralizingAgent', 'IndDecentralizingAgent']",114,113,AgentMechanismInterface,False,False,True,17,0.05984843400074169,0.9,False,False,"(14, 119, 19)",,2,False,,"(14, 119, 19)",12e132b4-ec1a-422d-b153-5108400f4cca,0,[]
1978,failed,"['05Dec@2', '02Ind@1']","['DecentralizingAgent', 'IndDecentralizingAgent']",115,114,AgentMechanismInterface,False,False,True,2,0.04162286501377821,0.15,True,False,,,2,False,,"(19, 123, 18)",5e3a72a4-5052-47c5-9ae7-d36cb65a36be,0,[]
1979,failed,"['02Ind@1', '04MyA@2']","['IndDecentralizingAgent', 'MyAgent']",115,114,AgentMechanismInterface,False,False,True,17,0.05285868904320523,0.9,False,False,"(1, 125, 27)",,2,False,,"(1, 125, 27)",2760b8a6-a1f4-42c9-ae9d-2ba798a08d75,0,"[('2760b8a6-a1f4-42c9-ae9d-2ba798a08d75', (1, 125, 27))]"
1980,failed,"['00Dec@0', '02Ind@1']","['DecentralizingAgent', 'IndDecentralizingAgent']",115,114,AgentMechanismInterface,False,False,True,17,0.12314661598065868,0.9,False,False,"(17, 124, 20)",,2,False,,"(17, 124, 20)",4a38ad10-d38a-47b1-8835-d45702b627ba,0,[]
1981,failed,"['01Dec@0', '02Ind@1']","['DecentralizingAgent', 'IndDecentralizingAgent']",115,114,AgentMechanismInterface,False,False,True,17,0.12949313304852694,0.9,False,False,"(2, 125, 19)",,2,False,,"(2, 125, 19)",39c29c63-3695-498e-9a4b-c1daf4d28aa2,0,"[('39c29c63-3695-498e-9a4b-c1daf4d28aa2', (2, 125, 19))]"
1982,failed,"['02Ind@1', '05Dec@2']","['IndDecentralizingAgent', 'DecentralizingAgent']",115,114,AgentMechanismInterface,False,False,True,17,0.09835146903060377,0.9,False,False,"(1, 120, 27)",,2,False,,"(1, 120, 27)",65bb4f12-ab6d-421d-8dda-87fd9c9906d3,0,"[('65bb4f12-ab6d-421d-8dda-87fd9c9906d3', (1, 120, 27))]"
1983,failed,"['05Dec@2', '02Ind@1']","['DecentralizingAgent', 'IndDecentralizingAgent']",116,115,AgentMechanismInterface,False,False,True,2,0.011579491023439914,0.15,True,False,,,2,False,,,bd377faf-91da-4e81-b9fb-7d427b075f18,0,[]
1984,failed,"['02Ind@1', '01Dec@0']","['IndDecentralizingAgent', 'DecentralizingAgent']",116,115,AgentMechanismInterface,False,False,True,2,0.024366069003008306,0.15,True,False,,,2,False,,"(16, 116, 1)",8230866d-2aec-4bb8-b89a-8529afbd741f,0,[]
1985,failed,"['02Ind@1', '00Dec@0']","['IndDecentralizingAgent', 'DecentralizingAgent']",116,115,AgentMechanismInterface,False,False,True,17,0.1986797460122034,0.9,False,False,"(14, 116, 8)",,2,False,,"(14, 116, 8)",aa8194ac-5dfa-44d5-977b-a01b49f59a00,0,[]
1986,failed,"['02Ind@1', '05Dec@2']","['IndDecentralizingAgent', 'DecentralizingAgent']",116,115,AgentMechanismInterface,False,False,True,17,0.1170583390048705,0.9,False,False,"(16, 125, 28)",,2,False,,"(16, 125, 28)",743b2c1d-6ae1-425a-8440-8c254a34f024,0,[]
1987,failed,"['01Dec@0', '02Ind@1']","['DecentralizingAgent', 'IndDecentralizingAgent']",116,115,AgentMechanismInterface,False,False,True,17,0.22760480595752597,0.9,False,False,"(15, 125, 20)",,2,False,,"(15, 125, 20)",a5951dfb-8083-4367-b676-f1293a4fc1e0,0,[]
1988,failed,"['02Ind@1', '04MyA@2']","['IndDecentralizingAgent', 'MyAgent']",116,115,AgentMechanismInterface,False,False,True,17,0.21373224799754098,0.9,False,False,"(16, 122, 26)",,2,False,,"(16, 122, 26)",45f8ed9e-1a09-417e-82d8-cf2db2c60ff6,0,[]
1989,failed,"['00Dec@0', '02Ind@1']","['DecentralizingAgent', 'IndDecentralizingAgent']",116,115,AgentMechanismInterface,False,False,True,17,0.1789122479967773,0.9,False,False,"(15, 122, 19)",,2,False,,"(15, 122, 19)",c7d0b6dc-cd69-439f-b953-65540648dbc3,0,[]
1990,failed,"['04MyA@2', '02Ind@1']","['MyAgent', 'IndDecentralizingAgent']",117,116,AgentMechanismInterface,False,False,True,2,0.13189950096420944,0.15,False,False,"(54, 127, 18)",,2,False,,"(54, 127, 18)",4193506e-0f22-46e3-9e64-6a58c4e22d26,0,"[('4193506e-0f22-46e3-9e64-6a58c4e22d26', (54, 127, 18))]"
1991,failed,"['01Dec@0', '02Ind@1']","['DecentralizingAgent', 'IndDecentralizingAgent']",117,116,AgentMechanismInterface,False,False,True,17,0.04079029802232981,0.9,False,False,"(16, 126, 20)",,2,False,,"(16, 126, 20)",9d9a7bde-e14c-4d69-abd9-42f83b65cc0e,0,[]
1992,failed,"['05Dec@2', '02Ind@1']","['DecentralizingAgent', 'IndDecentralizingAgent']",118,117,AgentMechanismInterface,False,False,True,2,0.16718189301900566,0.15,True,False,,,2,False,,,946e7c46-6921-4e42-9665-1b49cd0df831,0,[]
1993,failed,"['02Ind@1', '00Dec@0']","['IndDecentralizingAgent', 'DecentralizingAgent']",118,117,AgentMechanismInterface,False,False,True,2,0.10673876799410209,0.15,True,False,,,2,False,,"(5, 118, 1)",195da641-3d92-4999-9c13-4fe4411894ca,0,[]
1994,failed,"['02Ind@1', '01Dec@0']","['IndDecentralizingAgent', 'DecentralizingAgent']",118,117,AgentMechanismInterface,False,False,True,17,0.11009672901127487,0.9,False,False,"(3, 118, 7)",,2,False,,"(3, 118, 7)",c45bc3e8-96da-4714-bf6d-a59b6626a642,0,"[('c45bc3e8-96da-4714-bf6d-a59b6626a642', (3, 118, 7))]"
1995,failed,"['02Ind@1', '04MyA@2']","['IndDecentralizingAgent', 'MyAgent']",118,117,AgentMechanismInterface,False,False,True,17,0.1339839689899236,0.9,False,False,"(20, 125, 28)",,2,False,,"(20, 125, 28)",b9d17e1a-90ab-4d1f-83cd-e8ca8515627e,0,[]
1996,failed,"['01Dec@0', '02Ind@1']","['DecentralizingAgent', 'IndDecentralizingAgent']",118,117,AgentMechanismInterface,False,False,True,17,0.22066686197649688,0.9,False,False,"(17, 127, 20)",,2,False,,"(17, 127, 20)",8dfda1bc-6396-4fba-b41c-b582d318b5db,0,[]
1997,failed,"['02Ind@1', '05Dec@2']","['IndDecentralizingAgent', 'DecentralizingAgent']",118,117,AgentMechanismInterface,False,False,True,17,0.20152134395902976,0.9,False,False,"(20, 125, 28)",,2,False,,"(20, 125, 28)",05218baa-474f-4aab-9dee-1a5a7b0b2bdc,0,[]
1998,failed,"['00Dec@0', '02Ind@1']","['DecentralizingAgent', 'IndDecentralizingAgent']",118,117,AgentMechanismInterface,False,False,True,17,0.258316271007061,0.9,False,False,"(13, 128, 20)",,2,False,,"(13, 128, 20)",965eae7f-9a85-4bca-a1ab-6f4cdb51c763,0,[]
1999,failed,"['04MyA@2', '02Ind@1']","['MyAgent', 'IndDecentralizingAgent']",119,118,AgentMechanismInterface,False,False,True,2,0.10864559398032725,0.15,False,False,"(50, 129, 18)",,2,False,,"(50, 129, 18)",42a0226c-4da2-4c3c-b1fe-4ea68fa6e7c9,0,[]
2000,failed,"['05Dec@2', '02Ind@1']","['DecentralizingAgent', 'IndDecentralizingAgent']",119,118,AgentMechanismInterface,False,False,True,2,0.19236583600286394,0.15,True,False,,,2,False,,,193d9dca-b1cc-4d41-9df8-56d3cecce3e4,0,[]
2001,failed,"['05Dec@2', '02Ind@1']","['DecentralizingAgent', 'IndDecentralizingAgent']",119,118,AgentMechanismInterface,False,False,True,2,0.17837981099728495,0.15,True,False,,,2,False,,,9a680e5d-6cf6-473a-b396-58ef83f2b8d8,0,[]
2002,failed,"['02Ind@1', '05Dec@2']","['IndDecentralizingAgent', 'DecentralizingAgent']",119,118,AgentMechanismInterface,False,False,True,17,0.24358024500543252,0.9,False,False,"(2, 124, 27)",,2,False,,"(2, 124, 27)",2c29b7ca-b899-4559-88b8-b132c29bf2b3,0,"[('2c29b7ca-b899-4559-88b8-b132c29bf2b3', (2, 124, 27))]"
2003,failed,"['02Ind@1', '04MyA@2']","['IndDecentralizingAgent', 'MyAgent']",119,118,AgentMechanismInterface,False,False,True,17,0.11356161395087838,0.9,False,False,"(2, 124, 27)",,2,False,,"(2, 124, 27)",626beefa-e9b3-4027-b68d-cd8f8e2684f7,0,"[('626beefa-e9b3-4027-b68d-cd8f8e2684f7', (2, 124, 27))]"
2004,failed,"['01Dec@0', '02Ind@1']","['DecentralizingAgent', 'IndDecentralizingAgent']",119,118,AgentMechanismInterface,False,False,True,17,0.24008476396556944,0.9,False,False,"(18, 126, 19)",,2,False,,"(18, 126, 19)",c8cf180b-0b9e-4065-94da-30bf9256ee13,0,[]
2005,failed,"['05Dec@2', '02Ind@1']","['DecentralizingAgent', 'IndDecentralizingAgent']",120,119,AgentMechanismInterface,False,False,True,2,0.09488427598262206,0.15,False,False,"(29, 130, 18)",,2,False,,"(29, 130, 18)",8738c67c-ad40-4ec4-82d0-22683bc1c048,0,[]
2006,failed,"['04MyA@2', '02Ind@1']","['MyAgent', 'IndDecentralizingAgent']",120,119,AgentMechanismInterface,False,False,True,2,0.23194997996324673,0.15,False,False,"(68, 130, 18)",,2,False,,"(68, 130, 18)",814f9db6-71a7-46b9-af22-fc0c559e74af,0,"[('814f9db6-71a7-46b9-af22-fc0c559e74af', (68, 130, 18))]"
2007,failed,"['00Dec@0', '02Ind@1']","['DecentralizingAgent', 'IndDecentralizingAgent']",120,119,AgentMechanismInterface,False,False,True,17,0.07270137296291068,0.9,False,False,"(14, 125, 19)",,2,False,,"(14, 125, 19)",662afbdb-fbf8-484f-ac23-4924e579c206,0,[]
2008,failed,"['02Ind@1', '04MyA@2']","['IndDecentralizingAgent', 'MyAgent']",120,119,AgentMechanismInterface,False,False,True,17,0.3217087279772386,0.9,False,False,"(2, 125, 27)",,2,False,,"(2, 125, 27)",57062eb0-d51f-4840-ad32-1d17aaf9c6e4,0,"[('57062eb0-d51f-4840-ad32-1d17aaf9c6e4', (2, 125, 27))]"
2009,failed,"['02Ind@1', '05Dec@2']","['IndDecentralizingAgent', 'DecentralizingAgent']",120,119,AgentMechanismInterface,False,False,True,17,0.3597143480437808,0.9,False,False,"(2, 130, 27)",,2,False,,"(2, 130, 27)",37ebb77d-30cb-4083-af65-4ff19dca94cc,0,"[('37ebb77d-30cb-4083-af65-4ff19dca94cc', (2, 130, 27))]"
2010,failed,"['04MyA@2', '02Ind@1']","['MyAgent', 'IndDecentralizingAgent']",121,120,AgentMechanismInterface,False,False,True,2,0.22347147500840947,0.15,False,False,"(68, 131, 18)",,2,False,,"(68, 131, 18)",ee0646d3-cbb4-47d2-adf7-ffb948c9d53c,0,[]
2011,failed,"['02Ind@1', '01Dec@0']","['IndDecentralizingAgent', 'DecentralizingAgent']",121,120,AgentMechanismInterface,False,False,True,2,0.08360752300359309,0.15,True,False,,,2,False,,,fb1a9299-f4bd-46fb-b325-2e21e3e36085,0,[]
2012,failed,"['05Dec@2', '02Ind@1']","['DecentralizingAgent', 'IndDecentralizingAgent']",121,120,AgentMechanismInterface,False,False,True,2,0.3042576799634844,0.15,False,False,"(34, 131, 18)",,2,False,,"(34, 131, 18)",af1d021f-1674-49c8-a855-e7279f82a275,0,"[('af1d021f-1674-49c8-a855-e7279f82a275', (34, 131, 18))]"
2013,failed,"['02Ind@1', '00Dec@0']","['IndDecentralizingAgent', 'DecentralizingAgent']",121,120,AgentMechanismInterface,False,False,True,2,0.34588761697523296,0.15,True,False,,,2,False,,,a49840f9-53c5-4c2f-af7d-57dcad33de92,0,[]
2014,failed,"['02Ind@1', '04MyA@2']","['IndDecentralizingAgent', 'MyAgent']",121,120,AgentMechanismInterface,False,False,True,17,0.19035473000258207,0.9,False,False,"(22, 130, 26)",,2,False,,"(22, 130, 26)",326aa150-49f9-442d-9e03-daeaa95bfd54,0,[]
2015,failed,"['00Dec@0', '02Ind@1']","['DecentralizingAgent', 'IndDecentralizingAgent']",121,120,AgentMechanismInterface,False,False,True,17,0.46711247198982164,0.9,False,False,"(15, 130, 20)",,2,False,,"(15, 130, 20)",1f449893-3ee1-4940-8836-b68c3809d8f4,0,[]
2016,failed,"['05Dec@2', '02Ind@1']","['DecentralizingAgent', 'IndDecentralizingAgent']",121,120,AgentMechanismInterface,False,False,True,17,0.4402820710092783,0.9,False,False,"(10, 122, 9)",,2,False,,"(10, 122, 9)",ee246fd7-e02e-4899-908d-618ae2710a99,0,"[('ee246fd7-e02e-4899-908d-618ae2710a99', (10, 122, 9))]"
2017,failed,"['01Dec@0', '02Ind@1']","['DecentralizingAgent', 'IndDecentralizingAgent']",121,120,AgentMechanismInterface,False,False,True,17,0.14568212802987546,0.9,False,False,"(15, 127, 19)",,2,False,,"(15, 127, 19)",b567d986-035b-407f-b657-0d13ddf7d8fa,0,[]
2018,failed,"['02Ind@1', '05Dec@2']","['IndDecentralizingAgent', 'DecentralizingAgent']",121,120,AgentMechanismInterface,False,False,True,17,0.5233915860299021,0.9,False,False,"(22, 127, 28)",,2,False,,"(22, 127, 28)",a47d62dc-c3ab-40a0-ae04-71fa4843817b,0,[]
2019,failed,"['05Dec@2', '02Ind@1']","['DecentralizingAgent', 'IndDecentralizingAgent']",121,120,AgentMechanismInterface,False,False,True,17,0.21329959196737036,0.9,False,False,"(5, 123, 10)",,2,False,,"(5, 123, 10)",b7fd2330-5360-45df-a42f-7ebb155bdf70,0,"[('b7fd2330-5360-45df-a42f-7ebb155bdf70', (5, 123, 10))]"
2020,failed,"['05Dec@2', '02Ind@1']","['DecentralizingAgent', 'IndDecentralizingAgent']",122,121,AgentMechanismInterface,False,False,True,2,0.007127333024982363,0.15,True,False,,,2,False,,"(6, 126, 18)",20ecbe7f-8b0a-4d45-848b-eb0d4d49fbeb,0,[]
2021,failed,"['04MyA@2', '02Ind@1']","['MyAgent', 'IndDecentralizingAgent']",122,121,AgentMechanismInterface,False,False,True,2,0.11128932604333386,0.15,False,False,"(48, 132, 18)",,2,False,,"(48, 132, 18)",4f24c183-350d-4be7-8fa4-a12333a0fc39,0,[]
2022,failed,"['02Ind@1', '05Dec@2']","['IndDecentralizingAgent', 'DecentralizingAgent']",122,121,AgentMechanismInterface,False,False,True,17,0.19518618297297508,0.9,False,False,"(2, 132, 27)",,2,False,,"(2, 132, 27)",8014c7c0-4007-470e-8ab8-ab933426bfd8,0,"[('8014c7c0-4007-470e-8ab8-ab933426bfd8', (2, 132, 27))]"
2023,failed,"['05Dec@2', '02Ind@1']","['DecentralizingAgent', 'IndDecentralizingAgent']",122,121,AgentMechanismInterface,False,False,True,17,0.23775900999316946,0.9,False,False,"(11, 123, 9)",,2,False,,"(11, 123, 9)",00faced1-ef4c-4fcd-95d9-f6ce42734c3a,0,"[('00faced1-ef4c-4fcd-95d9-f6ce42734c3a', (11, 123, 9))]"
2024,failed,"['00Dec@0', '02Ind@1']","['DecentralizingAgent', 'IndDecentralizingAgent']",122,121,AgentMechanismInterface,False,False,True,17,0.26779908599564806,0.9,False,False,"(17, 128, 19)",,2,False,,"(17, 128, 19)",3198ca08-d10d-43cb-b30a-60156d7b70ad,0,[]
2025,failed,"['02Ind@1', '04MyA@2']","['IndDecentralizingAgent', 'MyAgent']",122,121,AgentMechanismInterface,False,False,True,17,0.09870261396281421,0.9,False,False,"(2, 132, 27)",,2,False,,"(2, 132, 27)",97e0993e-a126-4512-822d-e2c0b10a9a95,0,"[('97e0993e-a126-4512-822d-e2c0b10a9a95', (2, 132, 27))]"
2026,failed,"['05Dec@2', '02Ind@1']","['DecentralizingAgent', 'IndDecentralizingAgent']",123,122,AgentMechanismInterface,False,False,True,2,0.15893570496700704,0.15,False,False,"(50, 133, 18)",,2,False,,"(50, 133, 18)",c8fb3c4f-de19-422a-b047-bba2c10bed80,0,[]
2027,failed,"['05Dec@2', '02Ind@1']","['DecentralizingAgent', 'IndDecentralizingAgent']",123,122,AgentMechanismInterface,False,False,True,2,0.24864965601591393,0.15,True,False,,,2,False,,"(9, 127, 18)",5ecd0fda-257f-4c35-be56-6aa38f90f15f,0,[]
2028,failed,"['02Ind@1', '04MyA@2']","['IndDecentralizingAgent', 'MyAgent']",123,122,AgentMechanismInterface,False,False,True,17,0.25439805298810825,0.9,False,False,"(22, 129, 28)",,2,False,,"(22, 129, 28)",cd93ee2d-95ce-4acd-8be6-87aebfbf938b,0,[]
2029,failed,"['02Ind@1', '05Dec@2']","['IndDecentralizingAgent', 'DecentralizingAgent']",123,122,AgentMechanismInterface,False,False,True,17,0.13422782998532057,0.9,False,False,"(22, 129, 28)",,2,False,,"(22, 129, 28)",9b67c93b-e786-4cd5-91c2-1e77dc795150,0,[]
2030,failed,"['01Dec@0', '02Ind@1']","['DecentralizingAgent', 'IndDecentralizingAgent']",123,122,AgentMechanismInterface,False,False,True,17,0.3019511780003086,0.9,False,False,"(13, 133, 20)",,2,False,,"(13, 133, 20)",baf1d3bf-4b10-42da-bd7a-4f55d939bffa,0,[]
2031,failed,"['00Dec@0', '02Ind@1']","['DecentralizingAgent', 'IndDecentralizingAgent']",123,122,AgentMechanismInterface,False,False,True,17,0.3110659589874558,0.9,False,False,"(4, 131, 19)",,2,False,,"(4, 131, 19)",6357469d-eb68-42a6-922b-97fb6f3bddd5,0,"[('6357469d-eb68-42a6-922b-97fb6f3bddd5', (4, 131, 19))]"
2032,failed,"['02Ind@1', '01Dec@0']","['IndDecentralizingAgent', 'DecentralizingAgent']",124,123,AgentMechanismInterface,False,False,True,2,0.04533831699518487,0.15,True,False,,,2,False,,"(5, 124, 1)",d3c5652d-7015-418e-a619-3c750f97b5ed,0,[]
2033,failed,"['05Dec@2', '02Ind@1']","['DecentralizingAgent', 'IndDecentralizingAgent']",124,123,AgentMechanismInterface,False,False,True,2,0.2794285879936069,0.15,False,False,"(37, 134, 18)",,2,False,,"(37, 134, 18)",b9ef861b-906d-4f3f-bfbb-1dcd10c1193e,0,[]
2034,failed,"['02Ind@1', '00Dec@0']","['IndDecentralizingAgent', 'DecentralizingAgent']",124,123,AgentMechanismInterface,False,False,True,2,0.04385075700702146,0.15,True,False,,,2,False,,"(5, 124, 1)",568b7228-863c-4b6c-a5f1-322ca4233389,0,[]
2035,failed,"['02Ind@1', '05Dec@2']","['IndDecentralizingAgent', 'DecentralizingAgent']",124,123,AgentMechanismInterface,False,False,True,17,0.20386369404150173,0.9,False,False,"(18, 132, 28)",,2,False,,"(18, 132, 28)",72512c1b-9b46-4a9d-a77c-b0044ee9c2f0,0,[]
2036,failed,"['00Dec@0', '02Ind@1']","['DecentralizingAgent', 'IndDecentralizingAgent']",124,123,AgentMechanismInterface,False,False,True,17,0.27604036300908774,0.9,False,False,"(14, 129, 19)",,2,False,,"(14, 129, 19)",495d89a9-789a-48f9-8d17-96716e6d1233,0,[]
2037,failed,"['01Dec@0', '02Ind@1']","['DecentralizingAgent', 'IndDecentralizingAgent']",124,123,AgentMechanismInterface,False,False,True,17,0.10750488401390612,0.9,False,False,"(16, 130, 19)",,2,False,,"(16, 130, 19)",63b12c56-95fb-439c-b2c2-6f148722ccc5,0,[]
2038,failed,"['05Dec@2', '02Ind@1']","['DecentralizingAgent', 'IndDecentralizingAgent']",124,123,AgentMechanismInterface,False,False,True,17,0.255649889993947,0.9,False,False,"(13, 124, 9)",,2,False,,"(13, 124, 9)",74217066-74d2-4aee-991a-da9ceeca754f,0,"[('74217066-74d2-4aee-991a-da9ceeca754f', (13, 124, 9))]"
2039,failed,"['02Ind@1', '04MyA@2']","['IndDecentralizingAgent', 'MyAgent']",124,123,AgentMechanismInterface,False,False,True,17,0.20073647802928463,0.9,False,False,"(18, 132, 28)",,2,False,,"(18, 132, 28)",a6a6764b-a2b2-4056-86e5-a450d1df123c,0,[]
2040,failed,"['05Dec@2', '02Ind@1']","['DecentralizingAgent', 'IndDecentralizingAgent']",124,123,AgentMechanismInterface,False,False,True,17,0.1576378419995308,0.9,False,False,"(5, 126, 10)",,2,False,,"(5, 126, 10)",e7b659e3-3b14-4e6e-8a8a-d219758733c5,0,"[('e7b659e3-3b14-4e6e-8a8a-d219758733c5', (5, 126, 10))]"
2041,failed,"['02Ind@1', '01Dec@0']","['IndDecentralizingAgent', 'DecentralizingAgent']",125,124,AgentMechanismInterface,False,False,True,2,0.13436605199240148,0.15,True,False,,,2,False,,"(5, 125, 1)",159e4ab2-4f24-4655-9aa4-1579ccb8cf3c,0,[]
2042,failed,"['05Dec@2', '02Ind@1']","['DecentralizingAgent', 'IndDecentralizingAgent']",125,124,AgentMechanismInterface,False,False,True,2,0.1729248829651624,0.15,True,False,,,2,False,,"(3, 129, 18)",648e0ae4-2bf7-4865-bc1a-20581ba20c8f,0,[]
2043,failed,"['04MyA@2', '02Ind@1']","['MyAgent', 'IndDecentralizingAgent']",125,124,AgentMechanismInterface,False,False,True,2,0.10353439598111436,0.15,False,False,"(52, 135, 18)",,2,False,,"(52, 135, 18)",cd900617-e630-40f3-9ec0-0c49d48d41b9,0,[]
2044,failed,"['01Dec@0', '02Ind@1']","['DecentralizingAgent', 'IndDecentralizingAgent']",125,124,AgentMechanismInterface,False,False,True,17,0.19506145600462332,0.9,False,False,"(14, 135, 20)",,2,False,,"(14, 135, 20)",2712c710-a687-4fb4-a7dd-baec3804eb35,0,[]
2045,failed,"['02Ind@1', '04MyA@2']","['IndDecentralizingAgent', 'MyAgent']",125,124,AgentMechanismInterface,False,False,True,17,0.2137365330127068,0.9,False,False,"(1, 135, 27)",,2,False,,"(1, 135, 27)",a28af98a-cf52-470f-8ff6-86d0618fdf40,0,"[('a28af98a-cf52-470f-8ff6-86d0618fdf40', (1, 135, 27))]"
2046,failed,"['05Dec@2', '02Ind@1']","['DecentralizingAgent', 'IndDecentralizingAgent']",125,124,AgentMechanismInterface,False,False,True,17,0.26109995297156274,0.9,False,False,"(5, 130, 10)",,2,False,,"(5, 130, 10)",c281275a-c116-4dbb-8f3c-88ff67ae4ca5,0,"[('c281275a-c116-4dbb-8f3c-88ff67ae4ca5', (5, 130, 10))]"
2047,failed,"['00Dec@0', '02Ind@1']","['DecentralizingAgent', 'IndDecentralizingAgent']",125,124,AgentMechanismInterface,False,False,True,17,0.30817426199791953,0.9,False,False,"(16, 134, 20)",,2,False,,"(16, 134, 20)",a02990a2-0830-449d-88e1-0769de5d71fc,0,[]
2048,failed,"['02Ind@1', '00Dec@0']","['IndDecentralizingAgent', 'DecentralizingAgent']",125,124,AgentMechanismInterface,False,False,True,17,0.2717111110105179,0.9,False,False,"(3, 125, 7)",,2,False,,"(3, 125, 7)",74d06b27-9af9-4b99-b969-c12a8d73a0cb,0,"[('74d06b27-9af9-4b99-b969-c12a8d73a0cb', (3, 125, 7))]"
2049,failed,"['02Ind@1', '05Dec@2']","['IndDecentralizingAgent', 'DecentralizingAgent']",125,124,AgentMechanismInterface,False,False,True,17,0.2820783950155601,0.9,False,False,"(1, 130, 27)",,2,False,,"(1, 130, 27)",42b3f866-2a6b-4258-a777-6c07b0245692,0,"[('42b3f866-2a6b-4258-a777-6c07b0245692', (1, 130, 27))]"
2050,failed,"['05Dec@2', '02Ind@1']","['DecentralizingAgent', 'IndDecentralizingAgent']",126,125,AgentMechanismInterface,False,False,True,2,0.00994942698162049,0.15,True,False,,,2,False,,"(10, 130, 18)",3f49d171-15c2-49b1-a715-e899fc5eeeb5,0,[]
2051,failed,"['02Ind@1', '00Dec@0']","['IndDecentralizingAgent', 'DecentralizingAgent']",126,125,AgentMechanismInterface,False,False,True,2,0.06958658603252843,0.15,True,False,,,2,False,,"(5, 126, 1)",6242e281-2d9c-4233-bea8-3165f8262703,0,[]
2052,failed,"['04MyA@2', '02Ind@1']","['MyAgent', 'IndDecentralizingAgent']",126,125,AgentMechanismInterface,False,False,True,2,0.2007910730317235,0.15,False,False,"(69, 136, 18)",,2,False,,"(69, 136, 18)",c663e3dc-066d-4c5d-940b-c75b6b9b782a,0,[]
2053,failed,"['02Ind@1', '05Dec@2']","['IndDecentralizingAgent', 'DecentralizingAgent']",126,125,AgentMechanismInterface,False,False,True,17,0.09898911800701171,0.9,False,False,"(2, 136, 27)",,2,False,,"(2, 136, 27)",3b06089c-2dab-46b8-9c88-4ef6e73e21f5,0,"[('3b06089c-2dab-46b8-9c88-4ef6e73e21f5', (2, 136, 27))]"
2054,failed,"['00Dec@0', '02Ind@1']","['DecentralizingAgent', 'IndDecentralizingAgent']",126,125,AgentMechanismInterface,False,False,True,17,0.2845896569779143,0.9,False,False,"(18, 133, 19)",,2,False,,"(18, 133, 19)",28c4d223-6054-4a1e-8851-63a82b3c9fdd,0,[]
2055,failed,"['02Ind@1', '01Dec@0']","['IndDecentralizingAgent', 'DecentralizingAgent']",126,125,AgentMechanismInterface,False,False,True,17,0.10974813398206607,0.9,False,False,"(3, 126, 7)",,2,False,,"(3, 126, 7)",8f81fa37-ad1a-4e93-9702-d6901d7511c2,0,"[('8f81fa37-ad1a-4e93-9702-d6901d7511c2', (3, 126, 7))]"
2056,failed,"['02Ind@1', '04MyA@2']","['IndDecentralizingAgent', 'MyAgent']",126,125,AgentMechanismInterface,False,False,True,17,0.1630551889538765,0.9,False,False,"(2, 131, 27)",,2,False,,"(2, 131, 27)",9769fc36-8469-4b88-9e43-50f827a56914,0,"[('9769fc36-8469-4b88-9e43-50f827a56914', (2, 131, 27))]"
2057,failed,"['01Dec@0', '02Ind@1']","['DecentralizingAgent', 'IndDecentralizingAgent']",126,125,AgentMechanismInterface,False,False,True,17,0.13288092898437753,0.9,False,False,"(11, 136, 20)",,2,False,,"(11, 136, 20)",b8d8e2bf-ff39-4700-a278-6a99219d439d,0,"[('b8d8e2bf-ff39-4700-a278-6a99219d439d', (11, 136, 20))]"
2058,failed,"['02Ind@1', '00Dec@0']","['IndDecentralizingAgent', 'DecentralizingAgent']",127,126,AgentMechanismInterface,False,False,True,2,0.1769762790063396,0.15,True,False,,,2,False,,"(5, 127, 1)",41cdf655-83b0-456b-96b7-214938d41e16,0,[]
2059,failed,"['04MyA@2', '02Ind@1']","['MyAgent', 'IndDecentralizingAgent']",127,126,AgentMechanismInterface,False,False,True,2,0.1425652289763093,0.15,False,False,"(68, 137, 18)",,2,False,,"(68, 137, 18)",827f363c-9412-4b0c-95a5-095115990181,0,"[('827f363c-9412-4b0c-95a5-095115990181', (68, 137, 18))]"
2060,failed,"['05Dec@2', '02Ind@1']","['DecentralizingAgent', 'IndDecentralizingAgent']",127,126,AgentMechanismInterface,False,False,True,2,0.016339975001756102,0.15,True,False,,,2,False,,"(11, 131, 18)",ccdb5b69-3238-4e03-9b63-27ae1f8cded9,0,[]
2061,failed,"['02Ind@1', '01Dec@0']","['IndDecentralizingAgent', 'DecentralizingAgent']",127,126,AgentMechanismInterface,False,False,True,2,0.1862922550062649,0.15,True,False,,,2,False,,"(5, 127, 1)",c55c9a5e-9fa9-4b60-aaa7-57e8ebb07324,0,[]
2062,failed,"['02Ind@1', '05Dec@2']","['IndDecentralizingAgent', 'DecentralizingAgent']",127,126,AgentMechanismInterface,False,False,True,17,0.32220653496915475,0.9,False,False,"(2, 137, 27)",,2,False,,"(2, 137, 27)",e9abf6e2-43eb-4e12-bf5c-a2f46eeb127b,0,"[('e9abf6e2-43eb-4e12-bf5c-a2f46eeb127b', (2, 137, 27))]"
2063,failed,"['02Ind@1', '04MyA@2']","['IndDecentralizingAgent', 'MyAgent']",127,126,AgentMechanismInterface,False,False,True,17,0.2972626769915223,0.9,False,False,"(2, 132, 27)",,2,False,,"(2, 132, 27)",e0f37d91-52aa-4e86-84a0-d716f1468d69,0,"[('e0f37d91-52aa-4e86-84a0-d716f1468d69', (2, 132, 27))]"
2064,failed,"['00Dec@0', '02Ind@1']","['DecentralizingAgent', 'IndDecentralizingAgent']",127,126,AgentMechanismInterface,False,False,True,17,0.35698631400009617,0.9,False,False,"(18, 134, 19)",,2,False,,"(18, 134, 19)",92d21388-125c-49ce-aaf5-895d4d692c3e,0,[]
2065,failed,"['01Dec@0', '02Ind@1']","['DecentralizingAgent', 'IndDecentralizingAgent']",127,126,AgentMechanismInterface,False,False,True,17,0.320955614966806,0.9,False,False,"(11, 132, 19)",,2,False,,"(11, 132, 19)",a5ad0157-a1f8-4c65-a4e3-91c44da442c4,0,"[('a5ad0157-a1f8-4c65-a4e3-91c44da442c4', (11, 132, 19))]"
2066,failed,"['05Dec@2', '02Ind@1']","['DecentralizingAgent', 'IndDecentralizingAgent']",128,127,AgentMechanismInterface,False,False,True,2,0.2569688460207544,0.15,False,False,"(50, 138, 18)",,2,False,,"(50, 138, 18)",c1e346eb-8774-4231-985b-826fd82999f3,0,"[('c1e346eb-8774-4231-985b-826fd82999f3', (50, 138, 18))]"
2067,failed,"['04MyA@2', '02Ind@1']","['MyAgent', 'IndDecentralizingAgent']",128,127,AgentMechanismInterface,False,False,True,2,0.16190072399331257,0.15,False,False,"(68, 138, 18)",,2,False,,"(68, 138, 18)",b6dc0394-96f1-4f30-b75f-3070d71747f2,0,[]
2068,failed,"['02Ind@1', '00Dec@0']","['IndDecentralizingAgent', 'DecentralizingAgent']",128,127,AgentMechanismInterface,False,False,True,2,0.022373724961653352,0.15,True,False,,,2,False,,"(5, 128, 1)",e5072ce4-d3e3-418b-b2d5-4cd2ebd4c750,0,[]
2069,failed,"['02Ind@1', '05Dec@2']","['IndDecentralizingAgent', 'DecentralizingAgent']",128,127,AgentMechanismInterface,False,False,True,2,0.013155577005818486,0.15,True,False,,,2,False,,,553a6307-739c-4357-a1a6-c056e19fee12,0,[]
2070,failed,"['02Ind@1', '04MyA@2']","['IndDecentralizingAgent', 'MyAgent']",128,127,AgentMechanismInterface,False,False,True,2,0.02155380294425413,0.15,True,False,,,2,False,,"(5, 138, 36)",d965851d-6baf-47d4-bd47-2a651fa580c8,0,[]
2071,failed,"['05Dec@2', '02Ind@1']","['DecentralizingAgent', 'IndDecentralizingAgent']",128,127,AgentMechanismInterface,False,False,True,2,0.29957288899458945,0.15,True,False,,,2,False,,,a491e153-63c2-4a43-b259-ebf55dec2b34,0,[]
2072,failed,"['01Dec@0', '02Ind@1']","['DecentralizingAgent', 'IndDecentralizingAgent']",128,127,AgentMechanismInterface,False,False,True,17,0.357420704967808,0.9,False,False,"(15, 137, 20)",,2,False,,"(15, 137, 20)",a2b05d7d-77b9-4431-b31b-c625db54a1b4,0,[]
2073,failed,"['00Dec@0', '02Ind@1']","['DecentralizingAgent', 'IndDecentralizingAgent']",128,127,AgentMechanismInterface,False,False,True,17,0.3251041299663484,0.9,False,False,"(15, 134, 19)",,2,False,,"(15, 134, 19)",766095d7-c617-494f-8f9a-3710737cc479,0,[]
2074,failed,"['02Ind@1', '01Dec@0']","['IndDecentralizingAgent', 'DecentralizingAgent']",128,127,AgentMechanismInterface,False,False,True,17,0.08641187194734812,0.9,False,False,"(3, 132, 7)",,2,False,,"(3, 132, 7)",a1f917bc-efbe-4ab7-bd8f-7c84fb485a0d,0,"[('a1f917bc-efbe-4ab7-bd8f-7c84fb485a0d', (3, 132, 7))]"
2075,failed,"['02Ind@1', '00Dec@0']","['IndDecentralizingAgent', 'DecentralizingAgent']",129,128,AgentMechanismInterface,False,False,True,2,0.0045759109780192375,0.15,True,False,,,2,False,,,11ce70dd-2caa-427a-97c4-3a3fa3e1a7f5,0,[]
2076,failed,"['01Dec@0', '02Ind@1']","['DecentralizingAgent', 'IndDecentralizingAgent']",129,128,AgentMechanismInterface,False,False,True,2,0.06457138701807708,0.15,False,False,"(79, 129, 13)",,2,False,,"(79, 129, 13)",cd855d42-efa7-466e-b3f1-c2ea36f5ba41,0,"[('cd855d42-efa7-466e-b3f1-c2ea36f5ba41', (79, 129, 13))]"
2077,failed,"['05Dec@2', '02Ind@1']","['DecentralizingAgent', 'IndDecentralizingAgent']",129,128,AgentMechanismInterface,False,False,True,2,0.14600589795736596,0.15,True,False,,,2,False,,,0fe30047-1871-4492-87ea-46f7c7b7902d,0,[]
2078,failed,"['02Ind@1', '01Dec@0']","['IndDecentralizingAgent', 'DecentralizingAgent']",129,128,AgentMechanismInterface,False,False,True,2,0.10146991902729496,0.15,True,False,,,2,False,,,11cdc063-898a-42b5-92c8-9d6ea77d3a44,0,[]
2079,failed,"['02Ind@1', '04MyA@2']","['IndDecentralizingAgent', 'MyAgent']",129,128,AgentMechanismInterface,False,False,True,17,0.15493264398537576,0.9,False,False,"(2, 134, 27)",,2,False,,"(2, 134, 27)",57b8181b-202b-48cc-b6ce-6b534d0f3c6c,0,"[('57b8181b-202b-48cc-b6ce-6b534d0f3c6c', (2, 134, 27))]"
2080,failed,"['02Ind@1', '05Dec@2']","['IndDecentralizingAgent', 'DecentralizingAgent']",129,128,AgentMechanismInterface,False,False,True,17,0.0847511769970879,0.9,False,False,"(2, 134, 27)",,2,False,,"(2, 134, 27)",d7ca3d27-e5a2-4372-9dad-506b8404005f,0,"[('d7ca3d27-e5a2-4372-9dad-506b8404005f', (2, 134, 27))]"
2081,failed,"['01Dec@0', '02Ind@1']","['DecentralizingAgent', 'IndDecentralizingAgent']",129,128,AgentMechanismInterface,False,False,True,17,0.1603073209989816,0.9,False,False,"(17, 138, 20)",,2,False,,"(17, 138, 20)",cc4d3105-8e73-44e1-9955-dd6d32a676b6,0,[]
2082,failed,"['00Dec@0', '02Ind@1']","['DecentralizingAgent', 'IndDecentralizingAgent']",129,128,AgentMechanismInterface,False,False,True,17,0.20070704800309613,0.9,False,False,"(13, 134, 19)",,2,False,,"(13, 134, 19)",4b42e651-4166-42a7-804a-9d38317466c0,0,[]
2083,failed,"['02Ind@1', '01Dec@0']","['IndDecentralizingAgent', 'DecentralizingAgent']",130,129,AgentMechanismInterface,False,False,True,2,0.005521873012185097,0.15,True,False,,,2,False,,,23217d41-7fd0-47f2-8a75-afa8335b3018,0,[]
2084,failed,"['05Dec@2', '02Ind@1']","['DecentralizingAgent', 'IndDecentralizingAgent']",130,129,AgentMechanismInterface,False,False,True,2,0.10086773696821183,0.15,False,False,"(29, 138, 18)",,2,False,,"(29, 138, 18)",0d1fc11c-d7dc-413d-96b4-61df2811f4e6,0,[]
2085,failed,"['02Ind@1', '00Dec@0']","['IndDecentralizingAgent', 'DecentralizingAgent']",130,129,AgentMechanismInterface,False,False,True,2,0.14735035400371999,0.15,True,False,,,2,False,,,8fc77edb-0560-40f3-a4e3-9eb0d6bcdfc3,0,[]
2086,failed,"['02Ind@1', '04MyA@2']","['IndDecentralizingAgent', 'MyAgent']",130,129,AgentMechanismInterface,False,False,True,2,0.1442339190398343,0.15,True,False,,,2,False,,"(18, 139, 36)",ef8d0b7a-3f3e-4d63-85c9-af933a09b907,0,[]
2087,failed,"['05Dec@2', '02Ind@1']","['DecentralizingAgent', 'IndDecentralizingAgent']",130,129,AgentMechanismInterface,False,False,True,2,0.12729703000513837,0.15,True,False,,,2,False,,"(5, 134, 18)",dc7a27ac-2246-4148-abcb-3f7d70376f99,0,[]
2088,failed,"['02Ind@1', '05Dec@2']","['IndDecentralizingAgent', 'DecentralizingAgent']",130,129,AgentMechanismInterface,False,False,True,2,0.12426659400807694,0.15,True,False,,,2,False,,,a9390931-c8fc-4470-bc45-be17e486f40c,0,[]
2089,failed,"['01Dec@0', '02Ind@1']","['DecentralizingAgent', 'IndDecentralizingAgent']",130,129,AgentMechanismInterface,False,False,True,17,0.059161236975342035,0.9,False,False,"(16, 138, 20)",,2,False,,"(16, 138, 20)",a3d50f51-e387-4010-96d9-53035ad51e7b,0,[]
2090,failed,"['00Dec@0', '02Ind@1']","['DecentralizingAgent', 'IndDecentralizingAgent']",130,129,AgentMechanismInterface,False,False,True,17,0.08176684495992959,0.9,False,False,"(14, 135, 19)",,2,False,,"(14, 135, 19)",d20957cb-a2be-4170-abac-fd611b9d1902,0,[]
2091,failed,"['02Ind@1', '04MyA@2']","['IndDecentralizingAgent', 'MyAgent']",131,130,AgentMechanismInterface,False,False,True,2,0.05366001097718254,0.15,True,False,,,2,False,,"(3, 139, 36)",e3f61ab9-0f23-437e-98c3-61f3824f4412,0,[]
2092,failed,"['02Ind@1', '01Dec@0']","['IndDecentralizingAgent', 'DecentralizingAgent']",131,130,AgentMechanismInterface,False,False,True,2,0.05888412002241239,0.15,True,False,,,2,False,,"(5, 131, 1)",718cdf6d-543e-461c-bcf0-6ab7c3a31886,0,[]
2093,failed,"['02Ind@1', '00Dec@0']","['IndDecentralizingAgent', 'DecentralizingAgent']",131,130,AgentMechanismInterface,False,False,True,2,0.008032215002458543,0.15,True,False,,,2,False,,,f91226eb-54bf-4b91-950a-2bca6373275b,0,[]
2094,failed,"['05Dec@2', '02Ind@1']","['DecentralizingAgent', 'IndDecentralizingAgent']",131,130,AgentMechanismInterface,False,False,True,2,0.019803203002084047,0.15,True,False,,,2,False,,,61d7d556-c68a-44c9-ad2c-8da7f576a3e7,0,[]
2095,failed,"['01Dec@0', '02Ind@1']","['DecentralizingAgent', 'IndDecentralizingAgent']",131,130,AgentMechanismInterface,False,False,True,17,0.08427414897596464,0.9,False,False,"(10, 139, 20)",,2,False,,"(10, 139, 20)",063edf39-e1f7-4d55-ad8c-63d434b7f95f,0,"[('063edf39-e1f7-4d55-ad8c-63d434b7f95f', (10, 139, 20))]"
2096,failed,"['02Ind@1', '05Dec@2']","['IndDecentralizingAgent', 'DecentralizingAgent']",131,130,AgentMechanismInterface,False,False,True,17,0.05393952102167532,0.9,False,False,"(1, 139, 27)",,2,False,,"(1, 139, 27)",dc2691f2-0134-4601-a982-6c3cd2d78bee,0,"[('dc2691f2-0134-4601-a982-6c3cd2d78bee', (1, 139, 27))]"
2097,failed,"['00Dec@0', '02Ind@1']","['DecentralizingAgent', 'IndDecentralizingAgent']",131,130,AgentMechanismInterface,False,False,True,17,0.08120644500013441,0.9,False,False,"(18, 138, 20)",,2,False,,"(18, 138, 20)",eb3780e7-6c68-4323-85fd-5407f97e0141,0,[]
2098,failed,"['02Ind@1', '05Dec@2']","['IndDecentralizingAgent', 'DecentralizingAgent']",132,131,AgentMechanismInterface,False,False,True,2,0.022880973003339022,0.15,True,False,,,2,False,,"(3, 139, 36)",23d6fdcc-5d5d-44e1-b7f4-273dcc4b94b7,0,[]
2099,failed,"['05Dec@2', '02Ind@1']","['DecentralizingAgent', 'IndDecentralizingAgent']",132,131,AgentMechanismInterface,False,False,True,2,0.022273548995144665,0.15,False,False,"(12, 138, 18)",,2,False,,"(12, 138, 18)",d8708a68-2845-44dd-bb02-61b6fe5e7974,0,[]
2100,failed,"['02Ind@1', '00Dec@0']","['IndDecentralizingAgent', 'DecentralizingAgent']",132,131,AgentMechanismInterface,False,False,True,2,0.05949346796842292,0.15,True,False,,,2,False,,"(5, 132, 1)",3de0e310-7cd3-44e9-8216-ea587b6b03ce,0,[]
2101,failed,"['02Ind@1', '04MyA@2']","['IndDecentralizingAgent', 'MyAgent']",132,131,AgentMechanismInterface,False,False,True,2,0.02991349098738283,0.15,True,False,,,2,False,,"(3, 139, 36)",fca9c979-b6af-4100-932f-e68f29c56b9d,0,[]
2102,failed,"['02Ind@1', '01Dec@0']","['IndDecentralizingAgent', 'DecentralizingAgent']",132,131,AgentMechanismInterface,False,False,True,2,0.01086313498672098,0.15,True,False,,,2,False,,,7f20c196-b842-409f-a079-1401b9bcb25a,0,[]
2103,failed,"['05Dec@2', '02Ind@1']","['DecentralizingAgent', 'IndDecentralizingAgent']",132,131,AgentMechanismInterface,False,False,True,2,0.034797564963810146,0.15,True,False,,,2,False,,,9b0ddc67-5cb3-47ab-b41b-d450517b7d89,0,[]
2104,failed,"['01Dec@0', '02Ind@1']","['DecentralizingAgent', 'IndDecentralizingAgent']",132,131,AgentMechanismInterface,False,False,True,17,0.07803515100385994,0.9,False,False,"(11, 137, 19)",,2,False,,"(11, 137, 19)",e789c482-2972-4be1-b0e8-c7c9a2aa6299,0,"[('e789c482-2972-4be1-b0e8-c7c9a2aa6299', (11, 137, 19))]"
2105,failed,"['00Dec@0', '02Ind@1']","['DecentralizingAgent', 'IndDecentralizingAgent']",132,131,AgentMechanismInterface,False,False,True,17,0.0663335970020853,0.9,False,False,"(9, 139, 20)",,2,False,,"(9, 139, 20)",b2a02595-ccb2-478d-b341-fe2659535688,0,"[('b2a02595-ccb2-478d-b341-fe2659535688', (9, 139, 20))]"
2106,failed,"['02Ind@1', '00Dec@0']","['IndDecentralizingAgent', 'DecentralizingAgent']",133,132,AgentMechanismInterface,False,False,True,2,0.016671696968842298,0.15,True,False,,,2,False,,,4f56af96-6168-4e27-a471-d616ca5b9484,0,[]
2107,failed,"['05Dec@2', '02Ind@1']","['DecentralizingAgent', 'IndDecentralizingAgent']",133,132,AgentMechanismInterface,False,False,True,2,0.013765451963990927,0.15,True,False,,,2,False,,,47f12172-65d0-48d8-9f44-b2782ca3aa2a,0,[]
2108,failed,"['02Ind@1', '01Dec@0']","['IndDecentralizingAgent', 'DecentralizingAgent']",133,132,AgentMechanismInterface,False,False,True,2,0.00751953199505806,0.15,True,False,,,2,False,,,07adbf0b-22cd-49e3-bee8-f2a989da56eb,0,[]
2109,failed,"['02Ind@1', '04MyA@2']","['IndDecentralizingAgent', 'MyAgent']",133,132,AgentMechanismInterface,False,False,True,2,0.026729687000624835,0.15,True,False,,,2,False,,,df04a4be-661d-4ffc-9396-c38a75550efb,0,[]
2110,failed,"['00Dec@0', '02Ind@1']","['DecentralizingAgent', 'IndDecentralizingAgent']",133,132,AgentMechanismInterface,False,False,True,17,0.05301515501923859,0.9,False,False,"(5, 139, 19)",,2,False,,"(5, 139, 19)",308db5c0-46f1-498c-9385-7c5d9e241d85,0,"[('308db5c0-46f1-498c-9385-7c5d9e241d85', (5, 139, 19))]"
2111,failed,"['01Dec@0', '02Ind@1']","['DecentralizingAgent', 'IndDecentralizingAgent']",133,132,AgentMechanismInterface,False,False,True,17,0.04235549899749458,0.9,False,False,"(5, 139, 19)",,2,False,,"(5, 139, 19)",bb514809-8ec0-4b3a-a32b-57b6102cdb36,0,"[('bb514809-8ec0-4b3a-a32b-57b6102cdb36', (5, 139, 19))]"
2112,failed,"['02Ind@1', '05Dec@2']","['IndDecentralizingAgent', 'DecentralizingAgent']",133,132,AgentMechanismInterface,False,False,True,17,0.06687452300684527,0.9,False,False,"(1, 138, 27)",,2,False,,"(1, 138, 27)",881d7d87-a130-4dda-a299-060b693f7b30,0,"[('881d7d87-a130-4dda-a299-060b693f7b30', (1, 138, 27))]"
2113,failed,"['05Dec@2', '02Ind@1']","['DecentralizingAgent', 'IndDecentralizingAgent']",134,133,AgentMechanismInterface,False,False,True,2,0.009664481971412897,0.15,True,False,,,2,False,,"(4, 138, 18)",950d3732-250a-4ed0-a0f7-e8106568c433,0,[]
2114,failed,"['02Ind@1', '04MyA@2']","['IndDecentralizingAgent', 'MyAgent']",134,133,AgentMechanismInterface,False,False,True,2,0.013704449986107647,0.15,True,False,,,2,False,,"(5, 139, 36)",16345ea9-25cb-4684-afcf-5f80d732e4a0,0,[]
2115,failed,"['00Dec@0', '02Ind@1']","['DecentralizingAgent', 'IndDecentralizingAgent']",134,133,AgentMechanismInterface,False,False,True,18,0.027586072974372655,0.95,False,False,"(1, 139, 19)",,2,False,,"(1, 139, 19)",5aafbeca-f5aa-4d6b-9c0a-d70948814856,0,[]
2116,failed,"['01Dec@0', '02Ind@1']","['DecentralizingAgent', 'IndDecentralizingAgent']",134,133,AgentMechanismInterface,False,False,True,18,0.026783965004142374,0.95,False,False,"(1, 139, 19)",,2,False,,"(1, 139, 19)",f5ca0bf6-bc13-4d48-b5b2-125c9f2b3bed,0,[]
